,index,y_actual,y_pred,set,FIPS,totpop,sex_male_p,sex_female_p,race_white_p,race_black_p,kid_home_fam_p,kid_home_fam2_p,kid_home_fam1_p,kid_home_nonfam_p,adult_home_alone_p,adult_home_fam_p,adult_home_nonfam_p,marry_never_p,married_p,marry_past_p,ed_at_HS_p,ed_at_some_coll_p,ed_at_coll_grad_p,pov_p,pov_kid_p,pov_adult_p,disability_p,urban_2013,vet_p,earn_inc_p,ss_inc_p,ssi_inc_p,pub_inc_p,med_hh_inc,gini_index,inc_per_capita,labor_force_p,unemp_p,ins_priv_18_64_p,ins_priv_65_up_p,ins_pub_18_64_p,ins_pub_65_up_p,ins_none_18_64_p,ins_none_65_up_p,hisp_p,dm_mean,age_under_18_p,age_18_39_p,age_40_64_p,age_64_over_p,race_all_other_p,drug_mort_actual,drug_mort_pred,pred_error,county,State
0,2989,2.9839970173355703,2.2501897635720702,test,54009,23665,48.75132051552926,51.24867948447074,96.81808578068878,1.7451933234734842,98.50222326234496,70.86356190030423,27.638661362040718,1.4977767376550433,17.613790853227478,80.23274783838164,2.1534613083908862,27.534943448412108,48.80229169753544,23.662764854052448,52.89807976366322,28.62038404726736,18.481536189069427,13.106043834403364,26.04608853850819,12.868255037667668,15.754270864397393,4.0,31.22284295468653,69.23230309072783,42.39282153539382,6.6301096709870375,14.705882352941178,46215.0,0.4145,23819.0,57.34105252177542,5.948699290522104,72.48233827399919,70.11615628299893,18.22274553262225,98.98627243928196,13.699958442997644,0.021119324181626188,0.8070990914853159,19.666666666666668,25.83562222691739,24.022818508345658,37.15191210648637,20.570462708641454,1.4367208958377349,19.766666666666673,9.489536433840193,-10.27713023282648,"Brooke County, WV",West Virginia
1,1745,1.437726534752161,1.8822010237996614,test,32009,1141,45.5740578439965,54.4259421560035,87.37949167397021,0.0,100.0,66.51162790697674,33.488372093023266,0.0,18.13246471226927,72.85559174809991,9.011943539630836,23.165618448637318,41.29979035639413,35.53459119496855,56.22775800711744,28.11387900355872,15.658362989323845,17.122683142100616,17.777777777777782,21.34387351778656,16.725352112676056,6.0,31.749460043196546,62.732919254658384,40.993788819875775,3.1055900621118013,7.246376811594202,39271.0,0.4014,20984.0,52.551574375678605,9.710743801652892,56.430868167202576,63.54515050167224,7.717041800643088,100.0,37.62057877813505,0.0,15.950920245398773,4.111111111111111,21.910604732690626,25.766871165644172,29.184925503943912,26.20508326029798,12.620508326029801,4.21111111111111,6.5679451682630186,2.356834057151908,"Esmeralda County, NV",Nevada
2,125,2.6695403463403347,2.5773878582443306,test,5033,61748,49.020211180928925,50.97978881907106,90.93897778065686,1.1320204702986332,99.87808008213553,66.00359342915812,33.874486652977424,0.1219199178644764,11.452378858499696,86.61727200773899,1.9303491337613228,20.432569454381913,55.894678741541796,23.67275180407629,53.19428877735003,32.29618439647191,14.509526826178062,18.51293809367835,38.25024525104789,18.200451443841946,18.14883812138445,3.0,33.28342663715662,72.73880502346822,37.265846335997296,7.903082582773057,15.239545012474101,41268.0,0.4437,20849.0,59.089811420166406,7.593996136127211,63.646776480855245,50.66981875492514,19.51292680266172,98.31138129010469,20.963783135158728,0.6191601936282787,6.5961650579775855,14.333333333333336,32.038284640798075,26.07209950119842,33.68368206257693,14.891170564228801,7.929001749044504,14.433333333333335,13.16271034875328,-1.270622984580056,"Crawford County, AR",Arkansas
3,3038,2.465270675271141,2.6781915185629144,test,54107,86559,48.34159359512011,51.658406404879905,96.18988204577222,1.0593930151688444,98.33885239672114,60.59931599804571,37.739536398675426,1.6611476032788663,16.613133476088507,80.25666190816084,3.1302046157506545,25.01821238442141,49.40319417203697,25.578593443541607,48.94761726201151,32.272527185874765,18.779855552113734,17.391457363067936,34.51941198643045,17.92731790107256,17.986313624798132,4.0,33.19023185380126,68.84118037135278,39.464522546419104,7.427055702917771,17.876878868258174,41884.0,0.4583,24364.0,58.71959784135433,8.29409542993831,63.5825229734635,69.66387653675125,23.602009819842195,98.31938268375622,17.578281718663433,0.03923620193565263,0.9808338820919836,11.666666666666664,27.32355965295348,25.1735810256588,35.392044732494604,18.05358194988389,2.7507249390589084,11.766666666666662,14.55874026206579,2.7920735953991276,"Wood County, WV",West Virginia
4,2345,1.9120085973796321,1.8722514977578426,test,45071,37690,48.7529848766251,51.24701512337491,61.708676041390284,30.00530644733352,99.55582232893155,54.249699879951976,45.3061224489796,0.4441776710684273,13.953405781660633,80.62717522551317,5.419418992826195,33.097096574022665,43.88778209608414,23.015121329893198,56.480899229680865,26.890426033642512,16.628674736676622,17.649801179212943,37.0857618651124,17.519980019980018,14.557727993975739,5.0,24.97693963308393,70.45565899069084,38.60152586267236,5.613494785469309,18.59032687058165,40127.0,0.436,21267.0,59.85512771635533,9.669947886508396,68.14811525995647,64.26540284360189,17.213515073480448,96.28751974723538,18.026017848421613,1.6113744075829384,7.288405412576281,6.666666666666668,28.57256566728575,26.418148049880603,34.078004775802604,17.3228973202441,8.286017511276201,6.7666666666666675,6.50292124180392,-0.26374542486274777,"Newberry County, SC",South Carolina
5,2659,1.928295602354331,1.650618310509165,test,48287,16664,50.3660585693711,49.6339414306289,80.09481517042727,11.467834853576571,100.0,74.46120689655173,25.53879310344828,0.0,12.002577734815533,84.31609473175449,3.6813275334299984,28.456001175260766,50.42603202585574,21.117966798883504,56.01075750784401,26.77722994173017,17.212012550425822,14.683325086590795,26.73942701227831,14.638188178972564,16.252472799208704,6.0,30.9135143619526,76.26751167444962,32.605070046697804,5.3368912608405585,8.905937291527685,53902.0,0.4477,25006.0,64.85553772070625,5.246875386709566,68.4760551948052,70.08448540706605,12.702922077922075,97.96466973886328,23.396915584415584,0.5376344086021506,23.085693710993766,6.777777777777778,32.62722035525685,26.608257321171394,33.45535285645703,16.400624099855982,8.437349975996161,6.877777777777777,5.210200353067902,-1.667577424709875,"Lee County, TX",Texas
6,1754,2.54683760751849,2.3183531157240083,test,32029,3929,47.90022906592008,52.099770934079906,94.24790022906592,0.43268007126495295,100.0,59.64214711729622,40.357852882703774,0.0,16.43957345971564,78.25829383886256,5.302132701421801,16.358543417366946,52.997198879551824,30.64425770308124,37.068443367655966,41.55057540884313,21.380981223500907,7.4840357598978295,10.307017543859649,7.770056854074543,23.61075544174136,3.0,47.51170960187354,74.13695529145444,42.78438030560272,2.2071307300509337,5.432937181663838,64832.0,0.3664,35115.0,57.8777189888301,10.411376333164043,71.19932432432431,58.41392649903289,10.472972972972975,94.87427466150871,23.22635135135135,1.8375241779497096,3.7414100279969458,12.666666666666664,17.765334690761012,11.98778315092899,48.892848052939684,26.317129040468306,5.319419699669127,12.766666666666662,10.158929939862306,-2.6077367268043563,"Storey County, NV",Nevada
7,2454,3.1541595101485096,2.7627027134503885,test,47067,6642,49.3676603432701,50.6323396567299,97.41041854862992,0.4516711833785004,99.71056439942112,67.36613603473228,32.34442836468885,0.2894356005788712,16.80473372781065,81.00591715976331,2.189349112426036,23.91820339601972,49.607449333576774,26.474347270403506,66.11274716028608,23.285654185948683,10.601598653765251,27.691119691119688,52.792990142387715,34.78376227115946,26.70165148942738,6.0,21.28552355521648,61.22004357298475,46.187363834422655,13.580246913580249,37.50907770515614,26898.0,0.4404,15169.0,49.52755905511811,12.201907790143087,53.70275791624106,33.59106529209622,32.96731358529112,100.0,18.92236976506639,0.0,0.06022282445046673,23.33333333333333,25.74525745257452,23.923517012947908,36.96175850647396,18.0517916290274,2.137910267991568,23.433333333333334,15.842603154573998,-7.590730178759335,"Hancock County, TN",Tennessee
8,1497,2.118929313186954,1.9838242097094938,test,29041,7650,49.3202614379085,50.6797385620915,96.31372549019608,2.2745098039215685,98.7811955890888,73.99883923389437,24.78235635519443,1.2188044109112013,16.356616356616357,80.25623025623025,3.3871533871533868,21.190130624092888,52.685050798258345,26.124818577648767,63.68498708963482,21.33898930284028,14.976023607524901,16.414073071718537,26.08695652173913,17.86083006400991,18.45822682631508,6.0,25.772151898734172,68.30675262979301,42.99287410926366,4.173736002714625,8.890397013912454,40642.0,0.4341,20953.0,59.425367904695165,3.891509433962264,74.43357977581684,70.56105610561056,16.36060100166945,98.87788778877888,12.640114476508465,0.0,0.8104575163398693,8.222222222222221,28.104575163398696,21.96078431372549,33.045751633986924,22.444444444444446,1.4117647058823528,8.322222222222221,7.270493781820946,-1.0517284404012752,"Chariton County, MO",Missouri
9,2613,1.7520942128356236,1.143400476598847,test,48195,5559,50.13491635186185,49.86508364813815,94.35150206871741,0.1259219284043893,99.93876301285977,79.17942437232087,20.759338640538886,0.0612369871402327,10.776421708647103,88.08101791742405,1.1425603739288497,22.71640363462459,58.15399330463893,19.12960306073649,54.28571428571429,26.32034632034632,19.393939393939394,17.122538293216635,33.306122448979586,15.993975903614455,12.443067954089994,6.0,17.44452945677123,83.31643002028396,25.35496957403652,1.4705882352941175,10.953346855983773,44219.0,0.4568,22867.0,68.34588418592573,2.3936170212765955,68.07542262678804,63.354838709677416,7.0221066319895975,88.77419354838709,27.113133940182056,6.322580645161291,45.24194999100558,5.666666666666668,36.71523655333693,23.38550098938658,32.289980212268404,14.858787551717935,5.522576002878215,5.766666666666667,3.1374189661386844,-2.629247700527982,"Hansford County, TX",Texas
10,2897,2.0780516873907815,2.0189122478645256,test,51177,127691,49.135804402816184,50.864195597183816,74.25660383268985,15.972151522033661,98.62186993334534,73.10694769711165,25.514922236233712,1.3781300666546568,7.967079766619822,88.04671862356798,3.9862016098121886,27.903434544549533,53.77501244400199,18.321553011448483,42.14032397201189,28.577590338349466,29.28208568963865,8.198802829675312,12.164383561643836,7.8483538410375795,11.1886732923174,2.0,43.50771265814683,83.83345398500805,24.498517151997767,3.3439973845830515,9.457534502486984,78125.0,0.3913,32105.0,70.50696176114899,6.000212504363929,79.62150613756748,75.46735491071429,8.552140879612656,96.533203125,15.680821207792373,0.29296875,8.31225380018952,7.8888888888888875,33.39154678090077,28.117878315621304,34.337580565584105,11.43385203342444,9.771244645276488,7.988888888888888,7.530129562691635,-0.4587593261972529,"Spotsylvania County, VA",Virginia
11,2666,0.09531017980432493,1.249545722125458,test,48301,117,63.24786324786324,36.75213675213676,54.70085470085471,0.0,100.0,0.0,100.0,0.0,17.117117117117118,34.234234234234236,48.64864864864865,36.03603603603604,32.432432432432435,31.53153153153153,71.69811320754717,26.41509433962264,1.8867924528301887,28.94736842105264,0.0,42.30769230769232,18.803418803418804,6.0,10.810810810810812,62.22222222222222,44.444444444444436,0.0,15.555555555555555,64179.0,0.42,39221.0,65.76576576576578,15.068493150684931,59.77011494252874,54.16666666666666,19.540229885057467,100.0,32.18390804597701,0.0,35.04273504273504,1.0,5.128205128205128,21.367521367521373,52.991452991453,20.512820512820515,45.299145299145295,1.1,3.488757731975397,2.3887577319753968,"Loving County, TX",Texas
12,165,2.465270675271141,2.7797356684811056,test,5113,20364,48.757611471223726,51.242388528776274,92.74700451777643,0.20624631703005306,99.66666666666669,63.31250000000001,36.35416666666666,0.33333333333333337,15.116957169701287,82.91971748849866,1.9633253418000387,20.32218844984802,49.17933130699088,30.49848024316109,53.88318584070797,34.14513274336283,11.971681415929202,24.109128651213364,67.91725105189343,23.522354634887627,24.68110353010977,6.0,39.81088382863759,64.5177600809,50.10744532928834,9.07597016812034,20.99608140563772,33702.0,0.4523,19004.0,52.4957863347595,8.829340577920474,49.20888888888889,63.601532567049816,27.608888888888888,98.9463601532567,28.684444444444445,0.11973180076628352,6.270870163032803,11.666666666666664,29.900805342761736,22.510312315851497,32.974857591828716,20.94382243174229,7.04674916519348,11.766666666666662,16.11476074581493,4.348094079148268,"Polk County, AR",Arkansas
13,3029,3.231682358915419,2.56023071832648,test,54089,13544,45.66597755463675,54.33402244536325,93.04489072652096,5.064973419964558,99.49087823504456,72.97411964361477,26.516758591429788,0.5091217649554518,17.5199203187251,79.32270916334663,3.1573705179282867,23.732164345882765,49.82809008079765,26.43974557331957,58.6106529543029,27.77723876976812,13.612108275928982,17.564741836898826,27.04164413196322,20.045232710391623,27.429076589246964,6.0,31.800697736827974,63.556590257879655,44.4663323782235,10.44054441260745,22.600286532951287,36651.0,0.4236,20347.0,52.62270699058007,9.38383267382702,58.85837372105547,70.60594655626645,32.17555196553581,96.68799397817087,16.437802907915994,0.0,1.7941523922031897,25.222222222222214,22.41582988777318,25.258417011222683,36.66568222090963,20.614294152392198,1.8901358535144712,25.322222222222216,12.938802189985145,-12.38342003223707,"Summers County, WV",West Virginia
14,1198,2.707309185877491,2.1556214733333094,test,24025,248966,48.92153948731956,51.07846051268045,80.04426307206606,13.338367487930078,99.69849938838448,71.62620815602226,28.072291232362215,0.3015006116155264,10.844368669352916,86.13386422962677,3.0217671010203166,28.14741025984131,52.68786829024121,19.164721449917483,35.2425502833779,30.909990691536365,33.84745902508572,8.044603098067657,13.25121020110984,7.449170201048108,10.51084339306234,2.0,31.993962009215327,81.8930086016113,28.755982426112272,4.09693983232854,8.919947234729142,80465.0,0.4025,35746.0,71.05917480422055,6.1211672610636345,84.51204236732627,77.11842066723294,12.723178068678164,96.98895755836092,7.0982145754505765,0.21089013209923554,4.000144598057567,14.888888888888893,30.085232521709795,26.54940835294779,36.09890507137521,14.02801989026614,6.6173694400038565,14.988888888888894,8.633253849154064,-6.35563503973483,"Harford County, MD",Maryland
15,478,1.4637696732881809,1.918251406922492,test,13197,8739,50.28035244307129,49.71964755692871,58.771026433230354,31.53678910630507,99.05284147557327,48.0059820538385,51.0468594217348,0.9471585244267198,15.513090580800483,78.45320493529942,6.033704483900089,34.77765108323831,40.87799315849487,24.344355758266826,61.90790559498267,25.91186664466084,12.180227760356493,21.267230394995945,41.12215909090909,23.32529226201521,17.490450283597642,3.0,40.580357142857146,68.41243862520459,41.21112929623568,6.873977086743044,25.17184942716857,36242.0,0.4592,19077.0,56.65611337253128,14.342735497605107,58.978772231784276,57.407407407407405,16.810097532989097,97.43589743589745,30.3690954293364,0.0,7.24339169241332,4.2222222222222205,29.568600526376013,25.266048746996226,35.061219819201284,16.718159972536906,9.692184460464583,4.322222222222221,6.809041810259466,2.4868195880372452,"Marion County, GA",Georgia
16,2490,2.7718940365571028,2.615630871276128,test,47139,16687,50.15880625636723,49.84119374363277,96.73398453886259,0.28764906813687297,100.0,69.34203062960862,30.657969370391374,0.0,13.753581661891115,83.41206536048944,2.834352977619453,20.28359605556755,54.084790901893044,25.63161304253941,64.90537598392228,25.28889633227265,9.805727683805056,18.89119550616681,39.83805668016194,19.511744035509523,19.306990881458965,4.0,26.624116708456803,63.72127501853224,43.52853965900668,4.180874722016308,17.138621200889553,38925.0,0.4548,21404.0,55.16867842773137,10.869565217391305,64.99087776201094,56.6710268149117,22.704236772754914,99.01896664486591,17.7984998986418,0.0,1.695930964223647,15.888888888888893,27.50644214058848,22.832144783364296,37.13669323425421,18.900940852160364,2.978366393000538,15.988888888888889,13.675841352469522,-2.313047536419367,"Polk County, TN",Tennessee
17,521,2.1709566505156093,1.9874661436484542,test,13285,68867,48.192893548433936,51.807106451566064,60.32061800281703,34.41416062845775,99.66964743407189,51.18756051717264,48.48208691689924,0.33035256592811985,13.39235412474849,82.78269617706238,3.8249496981891347,33.072302476415096,40.50154775943396,26.426149764150942,51.78721567023428,29.5316654168655,18.681118912900214,21.447737165344947,45.05540631296172,22.11896822283248,17.071253799955517,5.0,27.18051945513885,74.54656116859404,33.68228849665246,6.508419557719619,19.78494623655914,41489.0,0.4883,21559.0,64.24904752356126,11.407259448831189,67.33406406040677,58.729438457175256,15.469492144683961,98.0828133862734,22.240896358543417,0.28360748723766305,3.6084046059796417,8.666666666666666,32.882222254490536,28.649425704619045,32.38270869937706,13.337302336387529,5.265221368725223,8.766666666666667,7.297020715227099,-1.4696459514395688,"Troup County, GA",Georgia
18,2548,2.2902875651836396,1.7412203098477728,test,48065,6068,48.220171390903104,51.779828609096896,95.56690837178644,1.071193144363876,97.54045307443366,70.29126213592232,27.24919093851133,2.459546925566344,11.738250505959073,85.56330110186643,2.6984483921744995,19.454926624737944,56.582809224318645,23.962264150943398,38.5900270203881,37.01793171211005,24.392041267501842,7.301107754279959,11.861861861861865,6.609401097590076,12.358803986710965,3.0,31.82019486271037,80.37505451373747,30.61491495856956,1.6136066288704751,6.846925425207153,66023.0,0.3761,28400.0,65.21933751119069,1.4413177762525735,75.18560822387207,65.32091097308489,5.853797829811536,96.99792960662523,21.416333523700747,0.0,9.55833882663151,9.777777777777779,32.36651285431773,23.154251812788395,34.822017139090306,16.446934739617664,3.3618984838497035,9.877777777777778,5.704300190799839,-4.173477586977939,"Carson County, TX",Texas
19,502,2.2789752273549118,1.8049504014879683,test,13247,86901,47.34928251688704,52.65071748311296,44.248052381445554,49.28942129549718,98.94107221976074,54.390784226849796,44.55028799291094,1.0589277802392556,10.962461635319116,84.26064373967105,4.776894625009837,33.43895102648716,43.030692404287,23.530356569225827,45.045397899234466,29.426740252803988,25.527861847961546,16.48095753722915,31.991223908918403,15.965590143617408,10.321659820371787,2.0,29.291735357242842,79.58343179286365,28.15379941261857,4.9353542855213846,13.097930661985615,50455.0,0.4149,22614.0,65.32668846685952,10.644237479845016,65.67687719232428,58.317956686413524,11.960008253456134,96.41643197047684,26.208474798822014,0.5244245896863164,9.915881290203796,9.666666666666666,33.43805019504954,26.722362228282762,35.19292067985409,12.097674365082106,6.462526323057272,9.766666666666666,6.079669898461575,-3.6869967682050904,"Rockdale County, GA",Georgia
20,2705,2.376454941560501,2.4086030957604754,test,48379,11037,51.01023828939023,48.98976171060977,90.40500135906495,2.337591736885023,99.2132867132867,63.1993006993007,36.013986013986006,0.7867132867132868,12.687255127909658,84.2359990781286,3.0767457939617424,19.97606354041997,49.80959634424981,30.21434011533021,56.491010539367636,32.92002479851209,10.588964662120274,11.021751050996162,22.34848484848485,10.053245436105477,19.525979945305377,6.0,48.04526748971193,65.1987621994763,51.60676029516782,5.046417519638182,12.163770530825994,48448.0,0.4106,23443.0,54.09515032830318,6.622657580919932,55.0696469063816,60.43079377742322,18.820861678004533,99.2820103709613,31.09815354713314,0.0,8.226873244541089,10.666666666666666,26.61049198151672,22.333967563649544,33.81353628703452,23.113164809277894,7.257406904050014,10.766666666666664,11.118418925562565,0.35175225889590145,"Rains County, TX",Texas
21,2926,1.9120085973796321,2.0216927942719725,test,51680,78158,46.97791652805855,53.02208347194145,65.07075411346247,28.443665395736843,98.88137182664612,56.159153325741855,42.72221850090428,1.118628173353875,18.17336697717657,69.59722248572349,12.229410537099929,46.59939980401764,33.18685693287604,20.21374326310632,36.819067262518615,30.10656583018219,33.074366907299186,24.81692432872254,47.52107587314332,29.46935578617584,12.511254648659227,3.0,23.762848868663077,74.48471676948962,31.28154795288839,5.8083286595625365,16.559169938306223,39589.0,0.4921,21650.0,59.96720353292635,7.572762961960199,73.79406848835853,69.14578812389031,13.007735064329305,98.03708818307358,16.107591246550314,0.542513316235944,3.2690191663041532,6.666666666666668,30.50743366002201,41.86007830292484,24.877811612374934,13.813045369635866,6.485580490800687,6.7666666666666675,7.551096573759676,0.7844299070930081,"Lynchburg city, VA",Virginia
22,2882,1.7520942128356236,1.8621505373753504,test,51145,28207,53.74197894139754,46.258021058602466,85.04271989222534,12.259368241925767,99.69225199131064,81.06444605358436,18.62780593772629,0.30774800868935553,8.337488780293207,90.30118679565174,1.3613244240550513,26.27257799671593,55.19346553829313,18.53395646499095,39.459352411129814,32.6319437568076,27.908703832062574,4.894448788115716,3.0662151993980435,5.727961287607827,9.468795128995746,2.0,30.387328630374018,81.94244604316546,34.018499486125386,3.134635149023638,6.228160328879754,77896.0,0.3862,32110.0,67.98387498133678,4.421669106881407,84.60428042427665,77.54807692307692,6.784660766961652,96.53846153846152,12.05673758865248,1.0096153846153846,1.9746871343992625,5.666666666666668,27.266281419505802,23.972772715992484,41.120998333746954,14.840287871804874,2.697911865848903,5.766666666666667,6.437566122383713,0.6708994557170467,"Powhatan County, VA",Virginia
23,347,2.4069451083182885,2.5301857211697447,test,12069,310561,48.34026165552017,51.65973834447985,83.3559268549496,9.761689329954502,99.66549805409927,64.91910842365958,34.74638963043968,0.3345019459007429,12.374735154326286,83.99595880269304,3.629306042980669,23.92056967521565,52.411277716667634,23.668152608116714,46.09812939732872,32.393470987561685,21.5083996151096,13.863805410201875,26.805821445480557,13.680287390464873,15.255539816669106,2.0,39.79800423344421,64.19736522125599,47.42434025710477,5.101844009693839,13.817913476616548,46403.0,0.431,24236.0,54.424507730127495,9.309863593391258,66.31957773512475,61.69818079471893,15.269913627639156,98.08100708748049,22.583973128598853,0.7867870941329991,13.503305308779915,11.0,25.63811940327343,22.32347268330537,32.081942033932144,25.50545625497084,6.882383815095907,11.1,12.555837805025716,1.4558378050257161,"Lake County, FL",Florida
24,2809,2.511404317020102,2.1873370543937387,test,50021,60530,49.04675367586321,50.95324632413679,96.93375185858251,0.6327440938377664,98.55527638190956,66.89698492462311,31.65829145728643,1.4447236180904524,17.026791594960375,77.74236726368794,5.23084114135169,29.8216644649934,48.21275934416038,21.965576190846214,43.52591020257486,27.39605924968853,29.07803054773661,12.474711106539106,21.108529704613346,12.777605865130562,15.452479615024734,5.0,27.79210232463709,75.28968144860364,36.4821870458384,7.4119172002042495,17.357319611925053,49372.0,0.4364,27219.0,65.38114013471332,6.482819272567372,69.22772172626907,64.48218571164851,26.810522423538114,97.50784567103564,8.890180127832656,0.10153221340225216,1.3018338014207829,12.222222222222221,25.298199240046262,24.748058813811326,38.2091524863704,18.55113167024616,2.4335040475797123,12.322222222222221,8.91145078113694,-3.4107714410852807,"Rutland County, VT",Vermont
25,2089,2.465270675271141,2.6454192457612375,test,39105,23473,49.231031397776185,50.768968602223815,97.48221360712307,1.1119158181740725,98.61325115562404,65.58166409861326,33.03158705701079,1.386748844375963,13.574911347517734,83.8320035460993,2.5930851063829787,21.804354620272946,52.1252213772268,26.07042400250026,59.360813510078074,27.75861025361661,12.880576236305304,22.836278788402534,45.010008578781814,25.840818884478804,20.67913174296153,6.0,29.015317286652078,65.46878352284918,37.18086247586355,10.330401201458915,25.563183866123147,37813.0,0.433,19999.0,54.49313855688357,11.961819658813972,55.859457184935856,68.52871754523997,29.588330177431803,98.7149226330973,18.381373167823828,0.0,0.515485877391045,11.666666666666664,28.198355557448984,23.891279342222983,36.98291654241043,17.002513526179015,1.40587057470285,11.766666666666662,14.089350745654624,2.3226840789879617,"Meigs County, OH",Ohio
26,786,2.232401036136941,1.9600360728097554,test,19007,12669,49.743468308469495,50.256531691530505,97.45836293314389,0.3394111611019023,98.8844908240374,73.98344728319539,24.901043540842032,1.1155091759625764,19.41388174807198,78.2107969151671,2.3753213367609254,21.085736404102963,54.296497000193526,24.6177665957035,47.645490892936465,34.74011550422036,17.61439360284318,13.73881074168798,19.97383340601832,14.835294117647054,15.919604402616049,6.0,28.439902873330634,71.42857142857143,39.15343915343915,7.571611019886881,17.624521072796934,41394.0,0.4492,23653.0,62.49871886850467,6.625122991144638,69.17702948162639,67.30769230769229,18.80676261003213,99.26923076923076,15.565180941735365,0.19230769230769232,1.5944431288973084,9.222222222222221,27.36601152419291,23.39569026758229,33.54645196937406,21.106638250848526,2.202225905754203,9.32222222222222,7.099583162450292,-2.222639059771927,"Appanoose County, IA",Iowa
27,1126,2.5555031730094866,2.436304306691982,test,22039,33768,50.92691305377871,49.07308694622129,68.48199478796494,27.86069651741293,97.79369953372,56.783805299670185,41.00989423404981,2.206300466279996,14.942478456760426,82.06115218056955,2.996369362670049,30.67150635208711,41.004990925589844,28.32350272232305,65.20654283337953,22.192958136955923,12.600499029664542,26.60713718262417,54.49468564222663,30.481618694784842,20.762537573168803,6.0,21.611957089477286,66.06993474987452,39.978249958172995,11.201271540906813,27.74803413083487,30009.0,0.4986,18484.0,53.27049539675581,10.262529832935561,54.66893039049236,52.14238628872775,26.617010789199853,97.8905735003296,23.675995399529,0.3076246978686003,2.8370054489457472,12.777777777777779,33.27706704572376,27.857735133854533,31.985903814262024,14.108031272210374,3.657308694622128,12.877777777777776,11.430718156718807,-1.447059621058969,"Evangeline Parish, LA",Louisiana
28,2297,1.437726534752161,1.947109126559701,test,42119,44958,55.06250278037279,44.93749721962721,87.8998176075448,7.042128208550202,97.84816247582205,71.2161508704062,26.632011605415855,2.15183752417795,13.870575669404442,83.71330706051342,2.4161172700821334,34.95388011457703,43.30013402359865,21.745985861824302,57.28066146072578,22.25539733578319,20.463941203491046,12.804723745255167,21.695423855963988,12.76595744680851,12.189364132504124,5.0,25.37093204361013,73.30383480825958,35.42504692947171,4.585679806918745,11.772593188522393,49803.0,0.4533,22863.0,59.05141901023232,6.086530078465563,77.64701074741531,72.40805206599063,12.83968779371501,96.44316633873163,13.146173021127048,1.5286817012259724,5.618577338849592,4.111111111111111,27.363316873526408,33.088660527603544,32.614885003781296,15.756928688998618,5.058054183904979,4.21111111111111,7.008397875956863,2.7972867648457527,"Union County, PA",Pennsylvania
29,2435,2.8127438277723327,2.973121849776472,test,47029,35321,48.812321281956905,51.187678718043095,95.15302511253927,1.5486537753744232,99.56367602945187,55.95854922279793,43.605126806653935,0.436323970548132,15.743587888434687,82.50189921499114,1.7545128965741783,20.884083755303134,49.07964965101957,30.036266593677297,67.4079056700827,22.53788628180272,10.054208048114589,26.1194885614357,66.51216685979142,29.08743475018643,22.18606377208758,5.0,33.875464684014865,66.68932698844323,43.92250169952413,7.457511896668932,27.953772943575807,31187.0,0.4804,18691.0,56.29490558544246,11.031298101590558,53.35194209206604,56.8140243902439,27.34068221601931,97.36280487804878,24.2749680654776,0.945121951219512,2.0469409133376746,16.555555555555557,26.318620650604448,23.377027830469128,36.949689986127225,18.878287704198637,3.2983211120862936,16.655555555555555,19.552865523381872,2.897309967826317,"Cocke County, TN",Tennessee
30,3112,2.2204104848050292,1.5259596284489934,test,56001,37565,52.42113669639292,47.57886330360709,89.48755490483163,1.2804472248103291,99.85436893203884,78.18770226537217,21.66666666666667,0.14563106796116504,16.502556009194773,63.99629464438878,19.501149346416444,48.16170767273743,38.590177158636095,13.248115168626478,20.44174325526238,30.240142306552034,49.3181144381856,26.918395652296986,27.410012412081088,39.00405051227067,8.188824662813103,5.0,22.06784208509007,87.86234197420508,18.548078150938576,2.2985570169837826,4.635423317583961,42834.0,0.4964,24946.0,68.6896551724138,4.6885215279723536,84.14165018874708,67.97619047619048,7.010605788243754,93.6904761904762,11.669962250584213,0.2083333333333333,9.133501929988023,9.111111111111107,25.901770264874223,50.427259417010525,23.814721150006648,9.149474244642619,9.231997870358047,9.211111111111105,4.599555316283398,-4.611555794827707,"Albany County, WY",Wyoming
31,510,2.1835512754360096,1.5083901511169644,test,13263,6490,48.382126348228034,51.617873651771966,41.432973805855156,57.5346687211094,98.93355209187858,37.40771123872028,61.52584085315833,1.0664479081214109,15.273281279756231,82.74614359169682,1.9805751285469435,29.37728937728938,39.54212454212454,31.080586080586077,65.28837998303646,21.05597964376591,13.655640373197624,19.978334880841846,26.145833333333336,24.69722156257421,20.664605873261205,6.0,31.018782014797953,62.36397748592871,42.73921200750469,8.893058161350845,20.45028142589118,34078.0,0.5102,18971.0,53.51361645400876,10.569395017793594,67.65725606736008,55.07007419620776,14.388311045071815,99.50535861500413,23.55126300148588,0.0,1.941448382126348,8.777777777777779,24.34514637904468,20.924499229583976,41.60246533127889,18.690292758089367,1.032357473035439,8.877777777777778,4.519449304422974,-4.3583284733548044,"Talbot County, GA",Georgia
32,1395,1.9909138641722421,1.7414109912184366,test,28001,31979,50.70202320272679,49.297976797273215,40.20138215704056,55.52706463616749,100.0,34.87617924528302,65.12382075471697,0.0,17.790631435958108,80.28131983699225,1.9280487270496471,37.217959431740475,33.28268631770873,29.499354250550784,55.22832267235253,27.01226012793177,17.759417199715703,30.075035489758662,106.37583892617451,31.079839172889148,16.285116153430582,5.0,19.736842105263158,65.52218660367808,37.52319892019572,9.524211236713343,15.463134806816266,28869.0,0.5156,17669.0,52.531534688156974,10.947140236785062,51.31393843902988,56.76743726536258,24.74255810027573,94.7836395969176,28.512745484215856,0.7310808140683659,5.900747365458582,7.222222222222222,27.033365646205322,27.518058726038962,34.74467619375215,16.42015072391257,4.271553206791959,7.322222222222222,5.705387998287914,-1.6168342239343083,"Adams County, MS",Mississippi
33,56,2.158201375540483,2.168978002594126,test,1113,58302,48.62097355150768,51.379026448492354,53.226304414942895,41.86991869918699,96.61727893917869,52.43894188485218,44.1783370543265,3.3827210608213245,15.501200830088372,79.18483456525287,5.3139646046587545,31.833449659745245,40.63645088117257,27.530099459082194,49.127632819867976,33.78392539033847,17.088441789793567,21.03885223583621,43.12744018420264,21.973844713625144,18.05651641743388,3.0,42.02351264695404,73.89955487612967,31.927521244548355,6.416078413740388,22.157277100849786,37049.0,0.44299999999999995,19882.0,61.01279215158218,10.636872389059668,62.66828802223573,61.31366151227125,18.68612293349547,98.2408852319478,23.283824082920766,0.08511845651865513,4.843744639978046,8.555555555555555,31.59068299543755,31.419162292888757,30.78625090048369,12.430105313711364,4.9037768858701245,8.655555555555555,8.749337669534063,0.09378211397850755,"Russell County, AL",Alabama
34,1927,2.8835584766621185,2.7458345680546214,test,37087,59170,48.39952678722325,51.60047321277675,96.00980226466116,0.9109345952340712,99.25414364640885,63.07550644567219,36.178637200736645,0.7458563535911602,16.265312971975163,80.48959556972649,3.245091458298372,21.68339461393223,53.23859683990858,25.0780085461592,41.6649588997427,34.39670287132546,23.93833822893185,17.175650748104125,40.635996350840614,16.996986697371323,16.188852906084882,3.0,36.08905657248285,67.04071081153536,44.08486844624871,5.606832369499445,13.78729271188388,42257.0,0.4555,25562.0,54.737525388948214,6.759496576259516,64.31137377600092,66.88571644384017,17.448867257662663,99.35040410907169,23.048844081348854,0.06042752473751794,3.5643062362683797,17.777777777777782,24.054419469325673,22.131147540983605,36.44076390062531,22.954199763393607,3.079263140104783,17.877777777777784,15.577609083669772,-2.3001686941080113,"Haywood County, NC",North Carolina
35,1791,2.9839970173355703,2.304708049401862,test,35005,65811,49.7576393004209,50.2423606995791,79.57636261415266,1.7474282414793882,99.75045372050819,61.42241379310346,38.32803992740472,0.24954627949183306,13.190363640306174,83.81941583364052,2.9902205260532986,30.67678312355409,45.03979923930518,24.283417637140733,48.90939188860217,33.007936121524914,18.082671989872924,21.906950567488977,48.530781607248706,21.712458053691268,16.772342296477994,5.0,28.314170648749037,75.35223294338654,33.66493040730937,8.63717872086073,19.912902399453504,40630.0,0.457,20559.0,59.811095983662355,7.36235595390525,54.458227311280744,56.70258620689656,23.422921967769298,97.86637931034485,26.296119592875318,1.0344827586206895,54.18091200559177,19.666666666666668,35.23575086231785,28.32961055142757,30.09679232954977,14.442874291531814,18.676209144367963,19.766666666666673,10.021252114752919,-9.745414551913754,"Chaves County, NM",New Mexico
36,2373,0.5690945318899665,1.7263002407576826,test,46037,5618,50.409398362406556,49.59060163759345,88.19864720541119,0.0,100.0,56.09756097560976,43.90243902439025,0.0,20.908230842005675,78.59508041627247,0.4966887417218544,21.2253829321663,54.63894967177243,24.13566739606127,49.9876329458323,32.92109819441009,17.091268859757605,22.10351814330448,60.56149732620321,21.459350761275488,15.353609380725539,6.0,36.09845031905196,71.14093959731544,38.6498223450454,3.5925779707856296,15.594157125937624,39216.0,0.5156,25844.0,64.28571428571429,3.936718175128772,74.31161853593015,62.24,13.096037609133644,98.64,17.629281396910677,0.0,1.9401922392310431,1.6666666666666667,27.2872908508366,20.665717337130648,32.929868280526875,24.510501957992172,11.801352794588823,1.7666666666666668,5.619823404683311,3.8531567380166445,"Day County, SD",South Dakota
37,2527,2.8583840824027678,1.6263758554640277,test,48023,3628,48.649393605292175,51.35060639470783,93.10915104740904,1.9018743109151048,100.0,81.640625,18.359375,0.0,25.72658772874058,73.48403301040545,0.7893792608539648,17.489375612945405,55.27950310559007,27.231121281464528,43.321982595535374,30.83617101778282,25.8418463866818,11.89873417721519,2.2636484687083893,17.051658966820664,19.353023909985925,6.0,22.552447552447553,63.20371445153802,39.58212420197329,9.22809053975624,14.915844457341844,36373.0,0.581,32907.0,52.78076785073556,1.4276002719238612,61.94556451612904,67.37235367372354,11.643145161290322,96.13947696139476,28.175403225806452,2.86425902864259,8.875413450937156,17.333333333333332,28.94156560088203,17.943770672546858,36.90738699007717,23.980154355016538,4.988974641675855,17.433333333333337,5.0854110166346045,-12.347922316698732,"Baylor County, TX",Texas
38,2756,1.6507930981160142,1.7668425769279372,test,48481,41264,49.2075416828228,50.7924583171772,82.86884451337728,14.385420705699884,99.12615041368412,59.67277121874128,39.453379194942826,0.8738495863158873,14.09192414091924,82.97503582975035,2.9330400293304004,28.95487230349616,45.5430200843045,25.502107612199353,57.106465872480705,28.8079718288754,14.085562298643891,17.630299159994106,39.72386587771204,16.031005360379467,14.914294086047759,5.0,18.13440913116206,76.02604979309409,32.96248558442439,6.268231463265723,14.463062207448615,45176.0,0.4435,21581.0,64.96173849670386,6.629270780214176,61.68087596121698,42.6266176705544,9.80441323971916,98.53011663204984,30.44132397191575,0.22367790381850136,39.18912369135324,5.111111111111111,33.17904226444359,26.982357502908105,31.46326095385809,15.442031795269484,2.7457347809228385,5.21111111111111,5.852345826960396,0.6412347158492855,"Wharton County, TX",Texas
39,2811,2.4267673628924595,2.301984381988328,test,50025,43858,49.256692051621144,50.743307948378856,94.9062884764467,0.9302749783391856,99.16778852037693,68.10671888385754,31.0610696365194,0.8322114796230571,17.498303284251527,77.7981055799817,4.703591135766769,27.93761763915031,48.91637536972304,23.146006991126647,39.08802960454104,25.126226989055095,35.78574340640387,12.825912080632188,21.11379414428011,13.30950726364208,15.339613515443261,6.0,27.70401691331924,77.14225743821169,33.98751115075825,7.000052474156478,16.79697748858687,51045.0,0.428,28473.0,67.02272727272728,6.633604611732791,66.7923975537408,68.4530596731281,27.472809169809928,97.69415938173066,9.437140659904054,0.11402508551881416,2.0999589584568383,11.222222222222221,25.505038989466016,24.513201696383785,37.979388024989746,18.400291850973602,4.1634365452141004,11.32222222222222,9.993994693850158,-1.3282275283720608,"Windham County, VT",Vermont
40,675,1.895451927785184,1.9474552060996817,test,17173,22115,49.79425729143115,50.20574270856885,98.47614741125929,0.5516617680307484,98.83454734651406,73.71488033298648,25.119667013527568,1.1654526534859522,13.34737088378078,85.46528630753933,1.1873428086798854,21.972109366421428,58.69111672339958,19.336773910178984,53.746011486917666,31.320995532865343,14.932992980216975,11.204648396394749,17.137196631996037,11.431359791802215,12.904255804406333,6.0,38.89370556615225,71.84873949579831,36.68730650154799,2.786377708978328,9.973463069438301,47850.0,0.3951,23697.0,60.86575534525062,5.413187446012093,73.35464753587024,72.54308337214721,16.461322520274486,99.09175593851887,13.092638802245785,0.04657661853749418,0.9134071896902556,6.5555555555555545,27.940312005426183,22.96179063983721,35.25661315848972,20.054261813248925,0.9721908207099252,6.655555555555554,7.010823758819777,0.3552682032642229,"Shelby County, IL",Illinois
41,2784,2.232401036136941,1.8511092657750827,test,49029,10276,50.97314130011678,49.02685869988322,96.866485013624,0.3600622810432075,100.0,90.7236126224157,9.27638737758433,0.0,5.333333333333334,93.3030303030303,1.3636363636363635,21.19031141868512,68.0,10.809688581314877,26.03806228373703,39.39446366782007,34.56747404844291,5.423035731671697,5.609896432681245,5.803142032702789,7.339449541284404,3.0,28.721461187214608,82.93650793650794,26.62037037037037,4.761904761904762,3.1084656084656084,74314.0,0.3867,27312.0,66.94063926940639,6.025466120964074,81.46170839469808,70.03514938488577,6.203976435935199,97.53954305799648,14.87481590574374,0.0,2.676138575321137,9.222222222222221,43.39237057220708,24.93188010899182,28.22109770338653,11.07434799532892,2.773452705332814,9.32222222222222,6.366878166966475,-2.955344055255744,"Morgan County, UT",Utah
42,2701,1.513905485712537,1.8125093288132381,test,48371,15807,56.955779085215404,43.0442209147846,84.797874359461,4.289238944771304,99.71052631578951,79.60526315789474,20.105263157894736,0.2894736842105263,12.898696088264794,83.3099297893681,3.791374122367101,28.08279389434988,43.58666986334213,28.33053624230801,65.9223118784012,24.085194220303997,9.992493901294802,11.96562522758721,15.604801477377654,12.852132594184866,11.67368879848903,6.0,25.254209034839143,80.94030882691865,26.250288084812173,3.295690251209956,10.324959668126297,50305.0,0.4201,19772.0,67.44932771422836,4.805117524546267,65.87379837318214,54.913606911447104,6.741434557554842,92.81857451403887,28.715799852107462,3.833693304535637,67.71050800278357,4.4444444444444455,29.97406212437528,31.593597773138484,32.093376352248995,12.27304358828367,10.912886695767698,4.544444444444445,6.125799808057776,1.5813553636133308,"Pecos County, TX",Texas
43,836,1.410986973710262,1.6185596419885837,test,19107,10291,50.32552715965407,49.674472840345935,97.81362355456223,0.0,97.98573227024755,75.11540075535041,22.870331514897188,2.014267729752413,16.993043030146872,79.72172120587477,3.2852357639783567,20.93970993647369,55.903152343281796,23.157137720244517,52.323316638842535,32.19254312743461,15.484140233722869,13.54628808044957,23.326359832635983,13.533615283651745,15.51927616050354,6.0,29.21092564491655,74.39613526570048,38.48631239935587,5.244996549344375,13.066482631700024,43838.0,0.3954,23076.0,64.88118175979449,4.296178974460503,73.49811191211809,69.57631444614599,20.61448678338483,98.51965288412457,9.749399244764847,0.10209290454313426,1.4284326110193373,4.0,29.472354484501018,22.466232630453803,34.33096880769605,20.046642697502673,2.186376445437761,4.1,5.0458172965777,0.9458172965777001,"Keokuk County, IA",Iowa
44,1229,2.2902875651836396,2.3244539670966757,test,26009,23267,49.80014612971161,50.19985387028839,96.07598745003656,0.3223449520780504,98.0658070253446,67.83014673188083,30.235660293463763,1.9341929746554023,13.341968911917098,83.74352331606218,2.914507772020725,20.990230002035414,58.13657642987992,20.87319356808468,43.59137422674453,31.09209689541539,25.31652887784009,14.475924389924474,32.75702377276937,13.790362035225048,15.687632570018616,6.0,34.548361310951236,66.25038703684591,46.000619258953456,4.4277015171844365,15.285375167715967,46845.0,0.4635,27155.0,55.679191528248126,9.133037265881443,65.90050134978789,75.23944661227385,19.421519475510987,97.97800638524299,18.449672194369448,0.0177367860943597,1.9340697124683028,9.777777777777779,25.172991790948554,18.794859672497527,37.18141573902953,24.69162332917866,3.6016675978854167,9.877777777777778,10.22109750624715,0.3433197284693712,"Antrim County, MI",Michigan
45,1577,2.4267673628924595,2.426742900481459,test,29203,8317,49.42888060598774,50.57111939401226,95.64746903931706,0.27654202236383313,99.4675186368477,73.42917997870073,26.03833865814697,0.5324813631522897,14.809546388493755,82.9935198356251,2.1969337758811442,22.807017543859647,53.94368273625239,23.249299719887954,56.46469877438287,28.43086483687209,15.104436388745036,23.651452282157674,53.8917089678511,25.64052029956641,19.87156185629468,6.0,39.50924056530517,64.93744278303326,38.114128776319795,10.863594751296915,20.994812328349106,32404.0,0.4552,19658.0,56.031372549019615,8.958566629339305,55.99343185550082,52.96074517631404,22.80377668308703,99.46773120425814,25.205254515599343,0.0,1.7794877960803173,11.222222222222221,28.61608753156186,22.520139473367802,36.26307562823133,18.63652759408441,4.075988938319105,11.32222222222222,11.321945256756416,-0.0002769654658028031,"Shannon County, MO",Missouri
46,645,2.0780516873907815,1.7815882304178434,test,17113,173114,48.68352646233118,51.31647353766881,83.96028050879768,8.002241297642017,99.27377220480669,73.67816091954023,25.595611285266447,0.7262277951933125,14.388976377952757,73.07480314960631,12.536220472440947,37.96945817699504,46.01204366360019,16.018498159404768,30.726525742545682,25.26242868001501,44.01104557743931,14.404973787124815,13.041270978916561,18.004726379685835,9.08176320074436,4.0,20.890166711241864,82.48859914914456,22.386986196553725,3.3223150613656536,9.706791540415633,62211.0,0.4567,31305.0,70.91348672884322,5.244936087566893,83.28517255443035,76.9867639849665,10.882600508508403,97.94106432812245,8.25328230894055,0.4303066615828749,4.67957530875608,7.8888888888888875,30.856545397830327,37.59603498272814,29.170373280035125,11.043589773213027,8.037478193560313,7.988888888888888,5.939281879849442,-2.0496070090394465,"McLean County, IL",Illinois
47,294,2.132192107065365,2.7166878030890915,test,8109,6238,49.9519076627124,50.0480923372876,87.6563000961847,0.3687079192048733,99.71611071682042,70.61745919091554,29.098651525904888,0.28388928317956,19.500520291363163,77.23204994797086,3.267429760665973,22.40523913474896,47.608652510418736,29.98610835483231,46.01670051907018,26.946513202437373,27.03678627849245,23.368251410153107,53.67727771679474,25.0,18.039909880914067,6.0,32.42907434251398,71.86297151655118,36.066204772902225,9.468822170900692,17.4364896073903,33393.0,0.4978,21711.0,55.87929240374609,9.795158286778396,36.08881754949171,40.674789128397386,27.55484216158373,98.6879100281162,39.11182450508293,0.0,38.90670086566207,8.333333333333334,28.00577108047451,21.833921128566843,38.473869830073745,17.104841295286953,11.974991984610453,8.433333333333334,15.130125205638008,6.696791872304674,"Saguache County, CO",Colorado
48,1758,2.589433484697249,2.3491384258687624,test,33001,60399,48.96273117104587,51.037268828954105,96.38901306313021,0.5430553485984867,98.49296718017416,65.43034159410583,33.062625586068314,1.507032819825854,12.878182200715337,82.67199663370502,4.449821165579634,24.81016153527544,52.320467051931935,22.86937141279265,39.79881468698199,30.64102272985309,29.560162583164924,10.4635694680654,22.18848167539268,9.387249845265114,13.660212890788696,5.0,37.33660974249902,75.98081066796763,36.76464609505224,4.089929666219458,10.688295320567553,62159.0,0.4312,31644.0,66.06510302039447,4.917668707763571,72.72406875237219,69.79580522960363,13.32483869218674,96.52591702855032,17.383289052757142,0.3049062182389356,1.5645954403218598,13.222222222222221,25.82989784599083,22.92918756933061,38.358250964419945,18.917531747214355,3.0679315882713287,13.322222222222221,10.476539519755564,-2.8456827024666573,"Belknap County, NH",New Hampshire
49,2421,2.932082246477535,2.790494729108409,test,47001,75430,48.501922312077426,51.49807768792258,91.94750099429936,3.765080206814265,99.10524339882367,59.823551495432355,39.28169190339131,0.8947566011763233,16.38357010500309,80.28618488779081,3.3302450072060945,26.37300873586845,47.13836073997946,26.488630524152107,48.768740629685155,27.273238380809595,23.958020989505247,17.93762466979352,43.050631760749035,17.185182215451228,18.593490267574676,3.0,33.28845279970379,67.70874166993336,38.716843068077885,6.902521886841763,18.74754998039984,42880.0,0.475,25590.0,58.01668685696736,7.593447636973207,67.82045308305044,64.31314623338257,19.47014577647607,97.28212703101921,16.878563979675608,0.4209748892171344,2.497679968182421,18.666666666666668,27.095320164390827,24.92244465066949,35.35330770250563,18.49927084714305,4.287418798886385,18.76666666666667,16.28907648897346,-2.4775901776932088,"Anderson County, TN",Tennessee
50,2083,2.312535423847214,2.3581531242182603,test,39093,303152,49.25021111521613,50.749788884783875,85.31033936770994,8.366100174170054,99.38665252719223,62.06417219586994,37.32248033132228,0.6133474728077843,14.208973900607793,82.15811583839829,3.632910260993922,30.465252329918016,47.48198223818384,22.05276543189814,44.27677336351414,32.91399440881434,22.809232227671533,14.408330918821266,29.433671262249145,13.449267161456886,14.7944835957784,2.0,28.84333381927949,75.77537553922487,32.551279646711805,5.5815103411822875,14.648161093965795,52457.0,0.4373,26804.0,65.61514612945477,8.316810388283608,74.07565187082639,73.69244815442806,16.764684728546218,97.40228685709316,12.224687273511885,0.3608538759184383,9.041998733308702,10.0,29.973742544993925,25.63697419116483,35.539267430200034,15.778553332981474,6.323560458120018,10.1,10.571409332179776,0.47140933217977654,"Lorain County, OH",Ohio
51,2959,2.902031908413565,2.7503658825224724,test,53027,71419,51.45409484870973,48.54590515129029,87.39131043559837,1.2349654853750405,99.26289926289928,59.84461119596254,39.41828806693671,0.7371007371007371,14.814537139429836,79.38072835641856,5.804734504151592,27.579721440916327,43.7900301602901,28.630248398793587,44.195688225538966,41.058595909342166,14.74571586511885,18.09859980080849,32.92825636871006,19.41307743807186,19.519418750547107,5.0,39.74997332574599,66.58216686873139,43.5578088835005,5.845181674565562,22.741467357360676,43538.0,0.4337,22387.0,56.357240424377366,13.828480361233773,57.44947017268446,65.9250493096647,23.02541208791209,98.66666666666669,23.665620094191517,0.3392504930966469,9.598286170346826,18.11111111111111,27.069827356865822,26.036488889511194,34.59443565437769,18.208039877343566,11.373724079026587,18.211111111111116,15.6483562969675,-2.5627548141436165,"Grays Harbor County, WA",Washington
52,1333,1.0570183913692728,1.2346722622436357,test,27051,5961,50.07549068948162,49.92450931051837,97.53397081026674,0.0,99.76653696498056,71.36186770428016,28.40466926070039,0.2334630350194553,15.556041074939914,81.8876993663972,2.55625955866288,20.98031173092699,58.2239540607055,20.795734208367513,40.66448291998128,40.47730463266261,18.858212447356106,9.0538474605062,14.093357271095153,8.867924528301886,13.675648195221148,6.0,31.56544054747648,74.9802371541502,39.80237154150198,3.241106719367589,9.525691699604744,50174.0,0.4276,27952.0,65.35961871750433,3.6460059661915807,75.6715967401147,72.44819646968534,20.525203742831273,98.69531849577898,8.421370359191066,0.0,1.7614494212380472,2.7777777777777777,26.925012581781576,22.24458983392048,33.33333333333333,22.865291058547225,2.4660291897332662,2.877777777777778,3.437251818884666,0.5594740411068879,"Grant County, MN",Minnesota
53,428,2.1709566505156093,1.9918588492365046,test,13097,136520,48.07866979197188,51.921330208028145,51.16612950483446,41.63712276589511,99.51900991704271,63.096170994676676,36.42283892236604,0.4809900829572784,10.824464021999288,84.68503335540052,4.490502622600194,32.44643210959835,45.05646918961761,22.49709870078405,43.45082381017945,30.56129239524531,25.987883794575247,16.398036802538517,28.2238528244918,16.704832643181742,12.035347228892515,2.0,30.86264488087573,82.98179655472715,24.23161069691369,4.900274007519275,17.993160432464578,53881.0,0.4053,23158.0,69.47035428385429,10.05022182526319,68.7511765813253,61.34094151212553,11.784638554216867,95.4726330805616,23.03628576807229,0.8559201141226819,8.802373278640491,8.666666666666666,34.54365660709054,28.7752710225608,34.177409903310874,9.887196015235864,7.196747729270437,8.766666666666667,7.329144883249911,-1.4375217834167566,"Douglas County, GA",Georgia
54,151,1.9909138641722421,2.2083863492366484,test,5085,70691,49.272184577951926,50.72781542204808,89.32537380996166,6.085640321964608,99.1628252000212,73.34287076776347,25.819954432257727,0.8371747999788057,10.526110145154043,86.3363744700803,3.137515384765663,21.62265247557121,55.74121835155654,22.63612917287225,46.79161302991295,34.078066022298344,19.13032094778871,12.439746542130935,19.41728963005559,12.417425655656752,15.0104912813834,3.0,44.156381031122656,80.21922883939943,30.31765023736925,6.561426531321162,11.01933690995407,53631.0,0.3862,23555.0,66.56577322872278,5.803518008854853,72.43794368478726,65.4004854368932,17.194721044356566,99.32038834951456,16.218018962313593,0.07281553398058252,3.8505608917684,7.222222222222222,33.71433421510517,29.904796933131514,31.19208951634579,12.185426716272225,4.58898586807373,7.322222222222222,9.101018672007807,1.7787964497855855,"Lonoke County, AR",Arkansas
55,1089,2.7508258415684153,2.555037096148962,test,21205,23608,47.932904100304974,52.067095899695005,94.90850559132498,1.7028126058963065,98.5097864768683,67.43772241992883,31.072064056939503,1.4902135231316729,16.497617010876205,78.43089331540999,5.071489673713796,37.26364880620471,40.55862523445025,22.17772595934506,48.98288903576413,24.109568921201443,26.907542043034443,25.980886519713785,53.11634349030471,30.946107784431142,16.19703253944499,6.0,18.092832333438587,71.66939826738471,35.85811285413252,8.31187075626317,23.097635214235535,36860.0,0.4546,18185.0,56.412708532568274,6.460727067244303,66.04215456674473,54.813099569963605,18.64674979429078,97.15514389679129,18.216342806506734,0.0,1.156387665198238,15.555555555555555,29.998305659098612,39.28329379871229,28.092172145035587,13.135377838021009,3.3886818027787187,15.655555555555557,12.87177714202794,-2.7837784135276173,"Rowan County, KY",Kentucky
56,1894,2.5292778938193967,2.702706395547602,test,37021,247336,48.09247339651325,51.90752660348675,88.71332923634245,6.567988485299352,99.598294295779,66.36590239581403,33.23239189996498,0.401705704221,17.673153903563023,74.77388613150877,7.552959964928213,30.262706168493644,45.554593852298495,24.18269997920787,34.991137994092,29.14052609368406,35.868335912223934,15.862274853219226,28.84286477819348,16.593957703927494,13.855466215494795,3.0,27.756667405809665,74.70842332613391,33.60691144708423,4.547418024739839,13.509719222462206,45167.0,0.4641,27066.0,63.81415584149071,6.77257525083612,67.39087986045121,62.99239304229857,13.880029680157252,98.27753282620282,21.65479894296984,0.4748292068414167,6.355726622893554,12.444444444444445,25.232881586182362,29.125561988549986,33.742762881262735,17.44105184849759,4.718682278358184,12.54444444444444,14.920056707625813,2.375612263181372,"Buncombe County, NC",North Carolina
57,2145,2.5726122302071057,2.8153109081071284,test,40041,41409,49.42162331860224,50.57837668139776,66.20782921587093,0.30428167789610955,98.97808561371636,63.55172022255024,35.426365391166115,1.021914386283638,14.291491678332555,81.78876963757972,3.919738684087728,19.94736072525223,52.27079982453575,27.781839450212026,52.350789241921284,30.85834293069575,16.790867827382968,20.36460758128936,50.560420315236435,20.246360582306828,22.02534730684865,6.0,37.630180332401466,65.93804721937082,45.758106394541386,6.467000784976753,17.541211279512105,37942.0,0.4593,21736.0,53.958152241400725,9.073125827052527,54.13112776772636,65.03667481662592,19.354699750150765,98.09957768392977,30.085293357456703,0.6445876861524783,3.366417928469656,13.0,27.63167427370861,21.541210847883317,34.799198241928075,22.272935835204912,33.48788910623295,13.099999999999998,16.698366630912087,3.598366630912089,"Delaware County, OK",Oklahoma
58,864,2.2789752273549118,2.019557679932946,test,19163,169994,49.08232055249009,50.91767944750991,86.18892431497582,7.714978175700319,99.10200885756927,66.24825662482566,32.853752232743645,0.8979911424306932,16.354802600763716,79.0263807626049,4.618816636631392,30.451598644467364,49.0260792691911,20.522322086341536,35.69921098491151,32.202499277538905,32.098289737549585,12.127407016618307,20.75206833726591,11.74332855854422,10.305382069276986,3.0,28.594070482938648,78.03984699227576,28.59294923865365,4.709861318288559,12.069296548464749,55114.0,0.4426,29391.0,67.77899042878119,5.115610954079979,77.46611193128439,72.62984336356142,14.569472937477233,97.65262290102831,11.38102268151926,0.2950492471905237,6.114333447062838,9.666666666666666,30.608139110792152,28.601009447392254,33.259409155617256,14.018730072826099,6.096097509323857,9.766666666666666,7.534991318588564,-2.2316753480781015,"Scott County, IA",Iowa
59,2493,3.125297477908635,2.7716275804019306,test,47145,53162,48.94661600391258,51.053383996087426,94.42647003498743,2.6409841616192016,98.88034917923902,70.1584590568365,28.721890122402506,1.119650820760983,15.427003816793896,81.61020992366412,2.9627862595419847,21.380146365554708,52.75445606788488,25.86539756656041,51.7447270471464,29.89557485525228,18.359698097601324,18.384039137746523,38.72542372881356,19.143576826196472,20.94999144665564,3.0,37.37402212981888,66.14885548499109,45.602412390916996,6.410197834330883,20.062137341801073,40854.0,0.4581,23287.0,53.4155733029093,9.535887509455794,66.62737727374089,65.5837468401835,20.78302698225606,98.88587210935306,17.466789844222866,0.0,1.5932432940822392,22.66666666666667,25.491892705315827,22.053346375230433,37.491065046461756,20.57296565215756,2.9325458033934018,22.766666666666676,15.984629118576294,-6.782037548090383,"Roane County, TN",Tennessee
60,1924,2.2442495159810822,2.198889008768184,test,37081,506763,47.50800670135745,52.49199329864256,56.75572210283703,33.37615413911434,99.43313802309052,59.11312970218078,40.32000832090975,0.5668619769094755,15.997516335689086,77.94255593574451,6.059927728566404,36.013094342104296,42.98967992420091,20.99722573369479,36.39403846614452,29.473246149792814,34.132715384062664,17.64253980383629,33.445319335083106,18.19595937465768,10.670699574237917,3.0,22.548273821872865,78.65290167384984,27.71574621629748,4.173098125689085,15.026059937857072,45651.0,0.4831,26762.0,66.29473510207454,8.587224161575866,70.66040173998063,57.762629705369996,12.071816237120625,97.3733242444899,20.07983733609837,0.5559342573657502,7.5394217809903274,9.333333333333334,30.153148513210315,31.02614042461664,32.706807718795574,13.392848333441865,9.868123758048636,9.433333333333334,9.014992356301063,-0.4183409770322708,"Guilford County, NC",North Carolina
61,2370,2.4462043207689623,2.007904587592199,test,46031,4149,51.168956375030135,48.831043624969865,30.995420583273077,0.2892263195950832,99.36886395511921,52.17391304347826,47.19495091164095,0.6311360448807855,8.910162002945508,86.81885125184094,4.270986745213548,42.516195022161604,38.08387316740538,19.39993181043301,52.23367697594502,31.65807560137457,16.108247422680414,45.57673509286413,131.97969543147207,66.32029339853301,13.08749096167751,6.0,31.201764057331857,74.2880390561432,30.02441008950366,11.554109031733114,39.62571196094385,31676.0,0.503,13848.0,63.653068724733544,29.56120092378753,35.07692307692308,45.73991031390135,31.472527472527474,95.73991031390136,36.0,0.8968609865470852,0.5784526391901663,11.444444444444445,42.46806459387805,27.259580621836587,27.572909134731265,10.749578211617255,68.71535309713184,11.544444444444444,7.447694992900066,-4.096749451544378,"Corson County, SD",South Dakota
62,1688,0.5690945318899665,1.0937009576795138,test,31081,9100,50.0,50.0,96.62637362637363,0.5384615384615384,99.59928762243987,79.8753339269813,19.723953695458594,0.4007123775601068,12.326725294380688,86.6597108361902,1.0135638694291251,21.127726711483053,60.81767046234051,18.054602826176428,37.97345419229524,36.79184202007122,25.23470378763354,8.728737690241719,14.469618949536562,8.030254264563887,11.934799598079715,4.0,33.86884767051263,80.40559057275966,31.625102767881607,2.6308577692518496,8.22143052891203,59311.0,0.4153,30424.0,70.71535022354695,2.528977871443625,83.66679492112351,62.63227513227513,11.25432858791843,99.40476190476193,8.772604848018469,0.0,2.8571428571428568,1.6666666666666667,32.0989010989011,22.32967032967033,35.40659340659341,17.53846153846154,2.835164835164835,1.7666666666666668,2.9853021296314592,1.2186354629647924,"Hamilton County, NE",Nebraska
63,1283,2.232401036136941,2.441182116967174,test,26117,63004,51.55545679639389,48.444543203606116,94.25115865659323,2.115738683258206,98.61196581196579,63.84957264957265,34.76239316239316,1.3880341880341878,13.119061172658405,83.26181197180014,3.6191268555414458,26.945591949409714,48.92025765021439,24.134150400375905,51.69481708023447,35.193809225921555,13.11137369384398,18.166699926827647,37.285355971445114,18.17362648679265,18.421791631564165,2.0,30.284166115155525,70.23277787321766,36.88799175399416,6.150146023020098,18.441848479642672,41584.0,0.4106,19955.0,59.37779133352215,10.783342505962207,66.04587281966762,77.23251895534963,21.68383463809916,97.89385004212299,16.670786979810465,0.5581297388374052,3.280744079740969,9.222222222222221,29.926671322455714,26.695130467906804,34.540664084820015,15.527585550123804,3.6331026601485616,9.32222222222222,11.486611238298181,2.164389016075962,"Montcalm County, MI",Michigan
64,318,3.0062325081878574,2.8820404285475396,test,12009,553591,48.87073669911541,51.12926330088459,83.05084439595299,10.280875230991834,99.31789797290807,61.40167163031992,37.916226342588146,0.6821020270919397,15.248563915629337,79.47093410375922,5.28050198061145,26.44700723263666,46.135519689792176,27.41747307757115,38.118190007280454,34.563851972507074,27.317958020212487,13.98381418316492,26.998851270396127,14.023669854837218,14.943954244193893,3.0,44.58198110868648,67.87796634513961,42.322176389531,4.519931236001455,12.395473784847686,48925.0,0.4493,27571.0,57.46422741345343,10.639740138629303,66.51575895886018,63.356275810286576,16.62246345525196,97.61231385308471,21.66193795102696,0.6315438201309806,9.064273082474246,20.11111111111111,24.647980187539176,23.546806216141523,35.570845624296645,22.00180277497286,6.668280373055199,20.211111111111116,17.850659039911672,-2.3604520711994432,"Brevard County, FL",Florida
65,613,1.86149280724273,1.669609507200516,test,17049,34332,49.96504718629849,50.03495281370151,97.78049632995457,0.340789933589654,98.21298322392414,68.69681497690252,29.516168247021646,1.787016776075857,14.706456017164033,82.40296469670373,2.8905792861322417,26.97463768115941,52.5,20.52536231884058,45.242005185825406,33.846153846153854,20.911840968020734,10.56367308149204,19.200838072433406,9.704263218537957,12.075927727178945,5.0,26.646741004713192,76.75918979744938,32.42310577644411,2.8207051762940734,10.4576144036009,52224.0,0.4339,26775.0,69.66265904050428,5.004468275245754,77.62124484586687,72.77162694689436,14.92735126644414,96.69731656971287,10.494796779893973,0.03753049352598987,1.8583245951299083,6.333333333333332,30.80799254339975,27.46126063148084,32.23231970173599,16.337527670977515,1.8787137364557849,6.433333333333332,5.310093838865964,-1.1232394944673674,"Effingham County, IL",Illinois
66,3130,2.5555031730094866,2.1342447427547535,test,56037,44772,52.17323327079425,47.82676672920576,92.13347627981771,0.8666130617350131,99.5345744680851,74.90857712765956,24.62599734042553,0.4654255319148936,13.422274866743555,81.0386209906175,5.539104142638947,25.67524534637988,53.06429667371104,21.260457979909106,44.891586555329454,35.509788786751805,19.59862465791874,11.47615374143486,20.47998386608853,10.402419327124642,11.224489795918366,5.0,30.12383427610457,86.49199592301693,22.20756640086336,1.9485580670303968,4.370765633431261,69022.0,0.3832,30568.0,73.6105976586568,5.172846739767305,76.70881629785741,73.50877192982456,8.082191780821919,98.44611528822055,18.59149982437653,0.12531328320802004,15.759849906191368,12.777777777777779,33.460645046010896,32.18306084159743,31.720718306084162,9.170910390422586,6.999910658447245,12.877777777777776,8.450661672613524,-4.427116105164252,"Sweetwater County, WY",Wyoming
67,2965,2.1835512754360096,2.6472870026829867,test,53039,20820,49.3611911623439,50.6388088376561,90.92219020172912,0.7396733909702209,98.1489945155393,66.6819012797075,31.467093235831808,1.8510054844606951,12.66370150728935,82.08549542871262,5.250803063998023,23.57714085575857,52.127721674157954,24.295137470083475,40.34478150474408,36.1886943739142,23.46652412134171,15.215921167037006,33.9622641509434,14.33060967944689,20.782596139962454,6.0,37.89224033081975,66.76840900419687,39.99745644156175,6.193564797151215,13.493577514943404,48319.0,0.3869,22456.0,50.22864459484178,6.773488710852147,64.47638603696099,67.20302886890677,20.68172484599589,97.37340274491244,19.827515400410682,0.0,11.97406340057637,8.777777777777779,25.89337175792507,22.992315081652254,35.667627281460135,20.321805955811726,8.338136407300672,8.877777777777778,14.11569081880243,5.237913041024651,"Klickitat County, WA",Washington
68,3095,1.4637696732881809,1.712151310735199,test,55109,86118,49.84091595253025,50.15908404746975,96.1471469379224,0.7350379711558559,99.33418581066185,75.84990519864192,23.48428061201993,0.6658141893381543,10.721303618499881,86.42223819793912,2.8564581835609872,25.76571216065452,58.43659352919301,15.797694310152474,32.557733900788385,35.1217470173725,32.32051908183911,6.454716095729704,8.185894036542448,6.448004068141367,8.731562730648921,2.0,25.907022312116805,84.14923441880526,24.332234511229547,3.034597492220956,6.5867710034197,70886.0,0.3986,32955.0,75.27405019865647,4.443031266560679,84.21726925033441,74.45278298936836,10.995346383555967,98.53033145716073,7.986510164478023,0.05211590577444236,2.1749227803711197,4.2222222222222205,33.04303397663671,26.82830534847535,35.197055203325675,11.608490675584664,3.1178150909217583,4.322222222222221,5.540868795383188,1.2186465731609673,"St. Croix County, WI",Wisconsin
69,226,1.8263398028248343,1.8826075980234862,test,6085,1868149,50.26387081544353,49.736129184556475,48.30471231149122,2.5859821673753003,99.54929538540195,77.06772545018643,22.481569935215525,0.4507046145980392,9.41971218478691,82.92938341026597,7.650904404947119,32.764238472348964,49.14346039336882,18.09230113428223,28.19129942638865,23.864896671919052,47.9438039016923,9.548187942077186,12.190133781442547,10.066301707913253,7.750555355346742,1.0,12.791750780504255,84.79957777051892,22.09898256211552,4.771160954071281,6.193128150831183,96310.0,0.4662,43880.0,69.23616533623948,7.568801058828899,77.70483781340455,56.2378087310091,11.505337104278807,93.82171671382912,12.679251229565985,1.4139582589265274,26.6078348140325,6.1111111111111125,29.39401514547287,31.394016216051288,33.36800223108542,11.929615892522492,49.10930552113349,6.211111111111112,6.5706160683947115,0.3595049572835993,"Santa Clara County, CA",California
70,376,2.0640458562018624,1.6141959434434816,test,12125,15191,64.70936738858535,35.290632611414644,73.96484760713581,21.5917319465473,100.0,63.79853095487933,36.201469045120675,0.0,13.433044450656974,83.78529493989377,2.781660609449259,35.603354558161215,30.082310917844385,34.31433452399441,63.282741070617114,28.883031900390804,7.834227028992093,20.02400480096019,38.59649122807017,20.356662180349925,15.141231659846287,6.0,44.1313024354484,73.13932526397116,29.35874323976307,6.824620139067732,22.32809683234613,39163.0,0.4012,12291.0,61.81284095677717,11.631590857660106,64.15989159891599,52.1285140562249,18.30962059620596,99.59839357429718,21.57859078590786,0.0,5.312356000263313,7.777777777777778,25.245210980185643,30.36666447238496,38.64788361529853,11.835955499967088,4.443420446316899,7.877777777777777,5.02384684206516,-2.8539309357126177,"Union County, FL",Florida
71,2618,1.3261904370501851,1.396353475036814,test,48205,6121,61.60758046070903,38.39241953929097,83.66280019604639,8.429995098840058,100.0,89.53488372093024,10.465116279069766,0.0,12.466206067888255,85.40102132772606,2.1327726043857007,25.034578146611338,48.21181584667062,26.75360600671804,54.515345550894224,24.177522631927577,21.30713181717818,6.379757785467128,10.256410256410255,5.539727761949984,10.553633217993081,6.0,24.420049710024852,79.70604861503674,33.29564725833804,1.8654607122668168,5.200678349349915,63004.0,0.3956,21740.0,68.59628074385124,2.1862702229995628,73.83882493052798,81.96319018404908,5.597459309249703,100.0,21.55617308455736,0.0,25.55138049338343,3.6666666666666665,26.155856886129712,30.142133638294407,34.68387518379349,14.0499918314001,7.907204705113545,3.7666666666666666,4.040439507482623,0.27377284081595654,"Hartley County, TX",Texas
72,726,2.3968846612924475,2.341123069480493,test,18071,43471,49.9482413563065,50.0517586436935,92.5812610705988,0.7867313841411516,97.45730550284631,66.74573055028463,30.711574952561673,2.5426944971537004,12.940045283955214,83.70087776433733,3.3590769517074537,22.44020657222816,53.20388909725629,24.35590433051557,60.60059242109563,24.388001770453855,15.011405808450515,14.84616291406342,26.57325159514575,14.837333333333332,13.030182777375755,5.0,22.70890920688922,76.08643312868665,33.1046105693993,5.164319248826291,12.69411339833875,47000.0,0.3998,22421.0,65.64183540776519,7.1223055516249225,71.18286983835135,66.50516795865633,14.077223626752472,99.35400516795866,18.011185168160573,0.04844961240310078,6.1236226449817135,10.888888888888893,30.643417450714267,28.15670216926227,32.587242069425585,14.98700282947252,6.632007545260058,10.988888888888894,10.39290196198605,-0.5959869269028442,"Jackson County, IN",Indiana
73,938,1.67189092708065,1.3663507772812429,test,20113,29252,49.60686448789826,50.39313551210174,94.78326268289348,1.0460823191576645,99.09172126265636,75.8636092912448,23.228111971411554,0.908278737343657,15.759743927697231,82.23969120692901,2.0005648653737533,22.380952380952387,56.64138221660345,20.977665402444163,38.22657623712635,34.38332077367496,27.390102989198688,7.151058485827054,10.346559517830237,6.908159163987138,10.623056225320614,5.0,23.568095978671412,80.9515732338224,32.55025019082351,3.205834958866932,6.725468577728777,56128.0,0.3944,28396.0,70.91158327621659,3.0221019395579614,85.19589332074581,70.46789548308689,7.192589096058532,97.52886368239821,9.800566438517821,0.06076564715414218,3.8903322849719686,5.222222222222221,29.915903186106934,24.647887323943664,33.54984274579516,18.788458908792556,4.1706549979488585,5.322222222222221,3.9210158956527006,-1.4012063265695205,"McPherson County, KS",Kansas
74,2197,2.6848194823870495,2.3162106995288596,test,40145,75391,49.306946452494316,50.693053547505684,76.02764255680387,3.5561273892109138,99.35594452812548,71.17851763361556,28.177426894509946,0.6440554718745131,10.149911342754283,86.6620099224473,3.188078734798417,22.65567149108045,55.93234601144395,21.411982497475602,45.71309075700543,32.496863237139266,21.790046005855288,10.877108691010037,17.22505686358886,10.587792758013109,15.456434298500307,3.0,35.355156183140785,78.07081451260382,33.22890864053621,5.759143231822818,11.682208946524847,55715.0,0.4059,25535.0,64.63211451297946,5.649028466890262,70.62578971869388,64.96077698916696,13.628604996564029,97.83339559208069,19.78009798053689,0.2521479267837131,5.394543115225956,14.555555555555555,32.24920746508204,26.80823971031025,33.27983446299957,14.36113063893568,20.416230053985227,14.655555555555555,10.137188581668687,-4.518366973886868,"Wagoner County, OK",Oklahoma
75,2558,1.8440707637960658,1.7930236557436696,test,48085,862215,49.08984418039584,50.91015581960416,72.49850675295605,9.019908027580133,99.69037247980049,79.67284798341912,20.01752449638136,0.3096275201995096,10.440483032524684,85.79832216872009,3.7611947987552314,26.168055651629945,56.9190097955771,16.912934552792958,22.057604009233298,28.1533043506356,49.78909164013111,7.5582839253546,10.492731080428966,7.322899335160549,6.629696626833079,1.0,20.378193006634397,89.65003089982244,17.50728352957718,2.2784123049959617,4.266464373649153,84735.0,0.4308,38883.0,74.14639953794648,4.723199833360094,80.86562334930272,60.56721453950564,4.508485619263396,92.80054190843792,16.422401813995517,2.492267580072084,15.012148941969233,6.222222222222222,34.605985746014625,28.96365755640994,34.26349576381761,9.224845311204284,18.481585219463817,6.322222222222222,6.007589915617347,-0.3146323066048753,"Collin County, TX",Texas
76,1235,2.4267673628924595,2.3280943019928566,test,26021,155565,48.870889981679674,51.12911001832031,78.08697329090734,15.024587792884002,99.37723937894556,62.20497071034522,37.17226866860035,0.6227606210544275,15.735750307609653,80.89267455764866,3.3715751347416942,29.4172531035028,47.431011307029344,23.15173558946785,41.892157505077634,32.03451858368978,26.073323911232578,17.6743355338881,36.05133422020503,17.700233576347106,14.016547988518779,4.0,27.74935742270357,73.3647228080501,35.921330128991116,6.080075857897233,16.983013716546505,44993.0,0.4676,25241.0,62.599228850079385,9.019055287171227,67.43747711263813,67.97343207237469,19.33739741076621,97.9883192731992,17.160674665575257,0.2519372447226782,4.9882685694082864,11.222222222222221,29.22829685340533,25.5443062385498,34.44605148973098,17.301449554848453,6.888438916208657,11.32222222222222,10.258373531619117,-1.063848690603102,"Berrien County, MI",Michigan
77,2268,1.8082887711792655,2.153091589330198,test,42061,45906,52.8994031281314,47.1005968718686,92.14917439986056,5.284712238051671,99.06092533211176,72.65231333027944,26.408612001832342,0.9390746678882272,14.951079991247536,82.64824481885529,2.4006751898971586,30.392866373739988,49.56836391832515,20.038769707934872,62.89281233744377,22.85119794375937,14.255989718796856,13.70684359257894,24.85172862722407,13.686001985533967,15.690471094623197,5.0,29.604306864064608,69.85195936139333,39.1988388969521,7.285921625544268,15.825834542815675,44396.0,0.4013,21714.0,59.73468591494344,7.7576244787218,73.79831467341852,69.57224571002239,18.451556751196733,98.14722705794578,12.485658899394707,0.2735637901019647,1.7775454188994904,6.0,25.519539929420986,27.758898618916923,35.1239489391365,18.043393020520192,2.5661133620877443,6.1,8.611440322826391,2.5114403228263917,"Huntingdon County, PA",Pennsylvania
78,33,1.7127964254212538,2.0372783369222365,test,1067,17252,47.87271041038722,52.1272895896128,70.36865290980757,28.350336192905175,99.75510204081631,70.01360544217687,29.74149659863945,0.24489795918367346,16.012900322508063,81.09202730068252,2.8950723768094204,23.60283290091859,50.220882126078116,26.176284973003288,56.68549905838042,26.791124211905352,16.52337672971424,15.622978773446224,25.9029927760578,16.638993270995368,19.658169857864443,4.0,27.990854108275556,65.98491441833478,40.8761241659414,9.950681752248332,16.95677400638236,41997.0,0.4536,22931.0,56.06503334082565,8.205265267940666,65.60452650387136,65.62786434463794,19.99205876513798,99.26672777268558,20.18066309311098,0.0,2.4866682123811734,5.4444444444444455,26.96498956642708,23.92766056109437,34.836540690934385,19.823788546255507,1.2810108972872711,5.544444444444445,7.669706409854484,2.125261965410039,"Henry County, AL",Alabama
79,1350,1.561647248597752,1.4241767909298384,test,27085,36046,49.62547855517949,50.37452144482051,95.9024579703712,0.3745214448205072,99.02878945542835,70.48213666319806,28.546652792230315,0.9712105445716268,15.316385229170532,82.37892002226758,2.3046947485618854,26.02445529807059,54.885863729259775,19.089680972669644,46.11638665692721,35.889943998052104,17.993669345020695,8.08485429772349,13.391162916779615,7.450902598690735,11.186677861740836,5.0,29.639373013263178,78.81098589648423,32.23564343073082,3.110871178891963,7.166475470679532,56128.0,0.3931,27612.0,71.17905542631365,4.222867814899357,78.66263123049276,77.25358045492841,15.497020713137234,98.39932603201349,9.82218859358744,0.0,5.271042556733064,4.666666666666667,30.29739776951673,26.15824224601897,32.686012317594184,17.089274815513512,3.723020584808301,4.766666666666667,4.154436464915258,-0.6122302017514087,"McLeod County, MN",Minnesota
80,805,1.6925528191446069,1.805773792018788,test,19045,48365,49.18432750956271,50.8156724904373,93.62142044867157,2.7954099038560942,98.56975802824499,64.54978861203561,34.01996941620941,1.43024197175497,16.260319207484866,80.22014309301045,3.5195376995046783,26.36324164176436,50.54785073940694,23.088907618828696,44.79923173879119,35.646119680691434,19.554648580517377,13.921837143158116,25.04589261128959,13.767462120033604,12.861917693753915,5.0,33.81155799145644,75.38246872975532,34.52932675536951,5.695918672447302,15.009717446554045,50498.0,0.4349,27255.0,66.21768707482994,4.549003492911443,76.17460261763571,75.67567567567569,18.312923260465286,98.77590595079384,9.516123372749922,0.09695794449157676,2.892587615010856,5.333333333333333,29.192597953065228,24.43089010648196,34.802026258658124,17.775250697818674,3.5831696474723462,5.433333333333333,6.0846779025751205,0.6513445692417879,"Clinton County, IA",Iowa
81,1546,2.511404317020102,2.2194777091589746,test,29139,11939,49.644023787586896,50.355976212413104,96.09682552977637,1.365273473490242,97.16337522441653,64.59605026929982,32.567324955116696,2.836624775583483,15.700785608561995,81.68051918478879,2.6186952066492086,21.038365304420353,52.52293577981651,26.43869891576313,59.8534006248498,27.685652487382846,12.460946887767365,17.62402088772846,29.86886838271005,19.038617337294085,17.554750819106744,6.0,32.59153694365271,72.32252769798933,39.454247025030774,7.221994255231843,17.23430447271235,39830.0,0.4286,20710.0,63.60436066318419,9.266202463845742,66.76566676566677,62.83783783783784,17.864567864567864,98.7934362934363,20.28512028512029,0.09652509652509653,1.5662953346176396,12.222222222222221,29.20680123963481,23.218024960214425,33.93081497612866,19.33997822263171,2.537900996733395,12.322222222222221,9.202523216905513,-3.1196990053167077,"Montgomery County, MO",Missouri
82,3060,2.48398029492787,2.3383761347335996,test,55041,9150,50.78688524590165,49.213114754098356,82.26229508196722,0.4918032786885246,98.40595111583424,67.64080765143464,30.76514346439957,1.5940488841657812,15.737564322469986,81.36077758719267,2.9016580903373366,26.997245179063363,50.92483274301456,22.07792207792208,53.86043632987778,32.38434163701068,13.755222033111556,16.9424743892829,25.0,19.263264616424465,17.30532901351804,6.0,35.44740107541707,65.48556430446196,40.78740157480315,5.774278215223098,17.244094488188978,40636.0,0.4178,21623.0,55.36979314253329,10.158648925281474,59.665320253894976,66.4873587950511,25.52413925754953,98.4400215169446,20.40777072513945,0.6455083378160301,1.9672131147540983,11.888888888888893,27.387978142076502,23.43169398907104,34.251366120218584,21.584699453551913,17.24590163934426,11.988888888888894,10.36439251319023,-1.624496375698664,"Forest County, WI",Wisconsin
83,1391,1.2006339030604214,1.0079912252892476,test,27167,6526,50.812136071100205,49.187863928899795,96.70548574931044,0.3217897640208397,99.86996098829651,74.38231469440831,25.487646293888165,0.13003901170351104,20.041536863966773,78.44236760124609,1.5160955347871234,23.34600760456274,55.2851711026616,21.368821292775667,39.05664536037029,43.42076261847036,17.522592021159355,9.900521080056846,12.556390977443607,10.511882998171847,12.221524945089426,5.0,29.294755877034355,77.73775216138328,33.60951008645532,3.2060518731988474,11.059077809798277,51476.0,0.4093,26862.0,68.67245657568239,1.9271303824149355,82.87307488050982,72.33644859813084,13.30323951141795,99.81308411214953,8.151885289431759,0.0,2.3291449586270296,3.2222222222222223,30.21759117376647,22.61722341403616,35.59607722954337,18.050873429359484,2.9727244866687097,3.3222222222222224,2.7400912569162386,-0.5821309653059838,"Wilkin County, MN",Minnesota
84,573,1.7520942128356236,1.739690321936748,test,16057,38339,51.32110905344427,48.67889094655573,93.0019040663554,0.6546858290513576,99.80074010816963,80.27327070879589,19.527469399373754,0.19925989183034445,14.641366765345795,70.32849448942467,15.030138745229518,42.10786128594347,44.178082191780824,13.714056522275698,24.266803872959446,30.0855980167454,45.64759811029515,21.63955906229527,20.64749440330636,29.479795419988022,11.455740968747545,5.0,20.858699134892664,81.15384615384616,23.653846153846153,5.179045092838196,10.285145888594164,42439.0,0.466,22766.0,64.94735825364629,7.480666270077335,83.19540744054275,78.40774864162533,7.9997017818534255,96.83439640916608,11.347200477149036,0.4724781478856603,3.964631315370772,5.666666666666668,28.96789170296565,44.925532747333,25.227575054122433,11.291374318578992,6.343410104593233,5.766666666666667,5.695579353556028,-0.0710873131106382,"Latah County, ID",Idaho
85,2065,2.6998686753609076,2.1141509077493303,test,39057,164192,49.08278113428182,50.91721886571818,86.12965308906647,7.227514129799259,99.55922704185885,70.69005779671902,28.86916924513982,0.4407729581411641,15.122044241037376,79.4274201571983,5.450535601764335,31.822564381867828,49.80238317791403,18.375052440218152,33.44621477081367,29.41209126741797,37.141693961768354,13.598218320315022,23.689227836034327,13.703540362762851,12.221348510946354,3.0,39.491502764255785,77.60898694337976,28.30076968620486,3.5664204917266527,10.909600822660561,60113.0,0.4459,31075.0,64.60433597877294,7.362091438971005,80.1983788604977,68.47798742138365,13.731659266664705,97.37526205450735,9.78956550716967,0.4612159329140462,2.5774702786981094,14.777777777777779,28.696282401091405,31.43393100760085,32.58380432664198,15.0116936269733,6.642832781134281,14.87777777777778,8.28255013045851,-6.59522764731927,"Greene County, OH",Ohio
86,1878,1.561647248597752,2.3027070899412188,test,36113,65180,49.059527462411786,50.940472537588214,96.17367290579931,1.2135624424670144,99.16811915702739,65.23530343844082,33.9328157185866,0.8318808429725875,15.570077918060365,80.66356025598887,3.7663618259507743,29.47814078569612,47.143583966275386,23.378275248028487,42.404165696505295,29.38001397032365,28.215820333171052,11.962392789875937,21.223163285404766,11.917076114128092,14.095497615656154,4.0,29.068748809750524,73.39853665820517,36.85232193519487,5.450201582798266,13.005823503061073,56798.0,0.4439,30611.0,64.50389760369549,6.433324381583266,73.36983823972672,75.66499217656262,19.077162664523254,97.54591122457384,11.589470511403597,0.6258749897060035,2.108008591592513,4.666666666666667,25.546179809757597,23.60233200368211,37.86744400122737,19.130101258054616,2.61276465173366,4.766666666666667,10.001220043891033,5.234553377224366,"Warren County, NY",New York
87,2903,2.502346284073356,2.5830661023834844,test,51191,54759,49.474972150696686,50.525027849303314,96.45720338209244,1.4901660001095711,98.62582307472088,69.58679263288482,29.03903044183605,1.3741769252791298,15.47632990560071,82.48108500620741,2.0425850881918906,22.52519778909721,51.98656117914815,25.48824103175464,48.82720088589117,27.825036492676297,23.347762621432533,12.84915152425289,20.564892623716148,13.426133812303547,18.252032520325198,3.0,29.753803721203624,70.03043267322366,43.41286993340096,6.430556168129495,13.632955497728574,43310.0,0.4561,25351.0,59.15809253190953,6.829098233653548,70.90589163278928,66.24519996253629,17.95097384867423,97.86456869907278,16.32485892846308,0.0,1.437206669223324,12.111111111111107,25.18855347979328,25.0315016709582,36.129220767362455,19.69174017056557,2.0526306177979867,12.211111111111109,13.237664032914566,1.0265529218034573,"Washington County, VA",Virginia
88,1705,0.09531017980432493,0.6120714359132318,test,31115,548,49.63503649635037,50.36496350364965,94.52554744525548,0.0,100.0,81.48148148148148,18.51851851851852,0.0,11.136363636363637,86.5909090909091,2.272727272727273,15.0,69.34782608695652,15.65217391304348,45.584725536992856,35.79952267303103,18.61575178997613,12.408759124087592,22.72727272727273,12.244897959183671,15.693430656934307,6.0,53.86363636363637,85.27131782945736,39.92248062015504,6.2015503875969005,8.914728682170542,55417.0,0.3903,27794.0,67.27272727272727,0.6756756756756757,81.04575163398692,78.3582089552239,6.535947712418301,100.0,14.379084967320258,0.0,0.0,1.0,23.722627737226283,16.423357664233578,39.416058394160586,24.452554744525553,5.474452554744525,1.1,1.8442476857092198,0.7442476857092197,"Loup County, NE",Nebraska
89,1587,2.7508258415684153,2.7257099521162305,test,29223,13397,49.83205195192954,50.16794804807046,97.07397178472792,0.5822198999776069,98.45878136200716,62.32974910394265,36.129032258064505,1.5412186379928317,14.680830701502535,81.1465211982008,4.172648100296678,20.498515252407085,50.22046252137137,29.281022226221534,61.68311688311688,27.63636363636364,10.68051948051948,22.494110494718452,47.67378215654078,24.95222169135213,29.52093549603923,6.0,39.57229371688115,57.546304786356146,47.753530166880616,11.369888134971573,23.124885384192186,33750.0,0.4424,18748.0,48.88633973807475,9.346890887759091,53.617859487852925,60.43569922698524,26.460932370321732,98.77020379479971,25.59422193040052,0.0,1.3286556691796672,15.555555555555555,26.998581772038523,22.228857206837354,34.918265283272376,21.73620959916399,2.3438083152944693,15.655555555555557,15.267249095983138,-0.38830645957241927,"Wayne County, MO",Missouri
90,2684,2.4462043207689623,2.4918946525607177,test,48337,19478,49.27097237909436,50.72902762090564,95.51288633329912,0.14375192524899888,99.37318110588762,71.07678531452876,28.29639579135885,0.6268188941123797,16.330837304288632,81.85159972770593,1.817562968005446,18.42904123450544,54.28155831014421,27.289400455350364,51.69067921199647,32.475742428697444,15.833578359306085,15.013041210224307,31.25369603784743,14.105344694035633,18.77053026748005,6.0,33.557897545357534,70.72532402791623,41.51296111665005,4.012961116650049,10.331505483549352,46172.0,0.4536,25846.0,58.89070146818924,6.705909510618652,58.64598811292719,68.07809330628804,12.119242199108472,99.26470588235294,31.342867756315012,0.3042596348884381,10.298798644624704,11.444444444444445,29.23811479618031,23.000308039839823,32.92945887668139,21.136667008933152,4.343361741451895,11.544444444444444,12.084149710041935,0.5397052655974903,"Montague County, TX",Texas
91,2923,1.789905900578732,1.8585572280213054,test,51660,51388,47.602553125243254,52.397446874756746,84.75714174515451,7.122285358449442,98.75853507138424,68.21849782743638,30.540037243947854,1.2414649286157666,13.034193959899053,54.050306442219714,32.91549959788125,59.03714884318189,26.344364594832047,14.61848656198608,42.436647971506936,21.799647930568632,35.763704097924425,32.49189176929532,28.910569105691057,53.135718822782145,7.46566150931481,4.0,9.63913948646773,85.78219269912853,19.215064903406667,3.0532025108172345,13.382899628252787,38750.0,0.4796,18324.0,59.73879545241003,6.4485687323057554,78.66008788836636,63.241322765783,6.278107573304551,94.91664389177372,16.745046642510214,1.0112052473353377,17.727874211878262,5.8888888888888875,31.74865727407177,56.21156690277886,20.20705223009263,7.8092161594146505,8.120572896396048,5.988888888888888,6.414475466598875,0.42558657770998654,"Harrisonburg city, VA",Virginia
92,1980,2.9612558440240178,2.556231257766444,test,37193,68946,49.29945174484378,50.700548255156214,91.21341339599104,4.4716154671772115,98.79583276958464,69.46962521986201,29.326207549722643,1.20416723041537,14.169454572792542,82.89666578957261,2.933879637634853,22.77328826211729,53.18931671332242,24.03739502456029,57.12411601926821,30.05431997540228,12.821564005329508,23.293308945008263,47.63120277721053,26.360556305826048,18.513350762271248,5.0,26.787695038083267,66.22055284078478,41.718328349500396,7.4210487929399775,20.381445554664136,33232.0,0.4679,19163.0,55.67544238239103,11.085271317829456,62.2992266508031,57.9130300455704,19.56672615506643,98.41662161118408,22.99970255800119,0.6256275585077624,5.768282423925974,19.222222222222214,27.321381951092164,23.676500449627248,35.43207727786964,19.4079424477127,4.314971136831724,19.32222222222222,12.887157305612538,-6.435064916609681,"Wilkes County, NC",North Carolina
93,2933,2.3968846612924475,1.8375882897205373,test,51730,32123,45.98885533729728,54.01114466270272,18.148989820377928,77.07250256825327,98.70722433460077,33.00380228136882,65.70342205323196,1.2927756653992395,19.521201054980725,71.91316697098803,8.565631974031243,47.024886877828045,26.874057315233784,26.101055806938163,56.08083560399636,28.010899182561307,15.908265213442323,28.030979092299845,86.48099796924862,30.385700846660395,20.36236755337879,2.0,35.2527699455939,68.46832773568696,32.445520581113804,13.856127470124193,29.56338358197297,31798.0,0.4577,19149.0,59.62841264046085,12.810395264984011,56.91776710684272,59.02554196179439,26.34553821528611,99.31315732989913,23.51440576230492,0.0,4.23683964760452,10.888888888888893,25.838184478411108,29.776172835662926,34.202907574012386,15.334806836223269,4.778507611368799,10.988888888888894,6.281371131689814,-4.7075177571990805,"Petersburg city, VA",Virginia
94,512,2.2789752273549118,2.023804185850458,test,13267,25302,57.422338155086535,42.57766184491344,61.03865307090347,28.989803177614426,99.9251497005988,58.17739520958085,41.74775449101797,0.07485029940119761,14.941218382614892,82.33701460634128,2.7217670110438186,33.18861553304389,38.301977809937284,28.509406657018808,64.38591468651589,24.65502433438305,10.959060979101059,29.20999534378395,71.48475909537856,32.590293453724605,18.28665568369028,6.0,27.918527065669995,72.70304568527919,35.93908629441624,8.350253807106599,23.66751269035533,33980.0,0.4648,14957.0,55.242966751918146,7.87037037037037,61.37759188395479,69.03839380063403,15.982913589036222,97.393448397323,26.635222924268042,1.7611835153222966,10.690854477906882,9.666666666666666,26.223223460596003,34.30163623428978,32.538929728875196,12.022764998814326,9.971543751482098,9.766666666666666,7.567056738623518,-2.199609928043148,"Tattnall County, GA",Georgia
95,2577,1.4891517465595983,2.0977725835435193,test,48123,20540,52.555988315481976,47.444011684518,70.69620253164557,10.038948393378774,98.99034240561896,56.16769095697981,42.82265144863916,1.009657594381036,12.956178667042412,85.24024235592503,1.803578977032549,25.089221984296927,46.12776588151321,28.78301213418987,58.85722172382858,26.602718928990413,14.540059347181009,15.06820005349024,26.90671959172101,15.124281434701645,17.18150830847891,6.0,30.25541504945536,70.34414388896757,40.929046877212855,5.140914884577255,14.148137657555587,49736.0,0.5395,28418.0,59.139179970462045,6.837911761208229,64.07849028260257,62.66816143497758,13.566801239320247,97.25336322869957,24.561074077551407,0.056053811659192834,33.646543330087646,4.333333333333333,28.680623174294052,25.15579357351509,33.30574488802337,19.308666017526782,19.264849074975654,4.433333333333333,8.148000694038194,3.714667360704861,"DeWitt County, TX",Texas
96,1724,1.410986973710262,1.6047249034945763,test,31153,169192,49.98699702113575,50.01300297886425,88.76187999432598,4.243699465695778,99.47542217020563,74.80981441230563,24.665607757900013,0.5245778297943487,11.027324860379366,86.23769216043682,2.734982979183833,26.262477067072982,57.757548431232316,15.979974501694706,27.13643319157725,36.12245472723688,36.74111208118587,6.378469382272344,10.132836168725241,5.562432510732441,8.195520581113803,3.0,46.312409451754206,86.88672700579191,21.444589645547968,2.495845635093493,6.0710194730813285,70543.0,0.3785,30902.0,76.47514998636488,4.081837328251931,87.40935862905847,76.88168679221673,8.216177819871548,97.65375711693676,8.798255739386944,0.3941688043546268,8.13099910161237,4.0,34.994562390656775,30.84306586599839,31.083620974987003,9.755780415149651,6.994420539978249,4.1,4.976490399298657,0.8764903992986577,"Sarpy County, NE",Nebraska
97,2029,1.1314021114911006,1.2763267094744062,test,38091,1979,52.24861040929762,47.751389590702374,99.64628600303185,0.0,94.75065616797899,80.05249343832021,14.698162729658792,5.2493438320209975,21.46433041301627,78.16020025031291,0.37546933667083854,18.43675417661098,60.73985680190931,20.823389021479713,37.67029972752044,42.64305177111717,19.6866485013624,7.348406988694759,10.126582278481012,7.464694014794889,13.845376452753914,6.0,36.0450563204005,76.16033755274262,34.59915611814346,2.5316455696202533,4.641350210970463,55833.0,0.4439,34774.0,65.76971214017522,3.4253092293054235,87.42411101474414,80.6741573033708,5.897658282740678,98.87640449438202,9.193408499566347,0.0,1.6169782718544718,3.0,25.26528549772613,20.06063668519455,38.20111167256191,22.48610409297625,0.3537139969681657,3.1,3.5834524581017466,0.48345245810174653,"Steele County, ND",North Dakota
98,277,2.3968846612924475,2.1844896175542186,test,8075,21928,54.21835096680043,45.78164903319957,91.33527909522071,1.4456402772710688,97.35973597359735,70.03771805752004,27.322017916077318,2.6402640264026402,14.754197366831741,80.32371059306679,4.922092040101462,33.70707398981693,43.11017224569385,23.18275376448923,44.47779521113309,39.729858789821954,15.792345999044954,16.937844972402207,35.41397153945666,17.12396229069931,13.911044383972973,5.0,29.30192962542565,78.53376851619383,31.13231232739141,3.7911122269646,11.837810695455687,42319.0,0.4572,23916.0,65.68650421743205,8.587479935794542,62.99912561935296,58.33333333333334,19.0614981055086,98.56630824372759,21.320314777032934,0.05973715651135006,15.39128055454214,10.888888888888893,27.24826705581904,32.43797883983948,32.23276176577891,15.810835461510393,7.219080627508208,10.988888888888894,8.886112080184734,-2.10277680870416,"Logan County, CO",Colorado
99,1993,0.9766538816012459,0.033070631434037656,test,38019,3890,50.3598971722365,49.64010282776349,96.19537275064268,0.07712082262210798,98.97304236200256,86.2644415917843,12.70860077021823,1.0269576379974326,18.540630182421232,79.93366500829187,1.5257048092868992,20.07377805102982,64.4020903781125,15.524131570857673,38.12001387443635,44.19007977800901,17.68990634755463,4.7644256220222365,2.2788203753351213,5.715287517531557,11.570901423299947,6.0,30.279652844744447,77.7205040091638,38.888888888888886,2.6345933562428407,3.5509736540664374,66806.0,0.4552,38721.0,64.41127694859038,0.4634397528321319,90.64748201438849,74.40860215053762,5.083932853717026,99.67741935483872,6.378896882494005,0.0,0.0,2.5555555555555562,24.704370179948594,18.149100257069406,35.655526992287925,26.169665809768638,3.7275064267352183,2.6555555555555563,1.0336235429761913,-1.621932012579365,"Cavalier County, ND",North Dakota
100,995,2.6222502112988773,2.1128259715758135,test,21017,20013,49.357917353720076,50.642082646279924,89.98151201718882,7.130365262579322,99.02786779001944,61.417152732771655,37.61071505724779,0.9721322099805572,14.022335293728938,81.67580783717703,4.301856869094031,27.62203368990532,47.63924751014385,24.73871879995081,53.76840889402252,30.233901241697954,15.997689864279527,16.613353643056616,32.69342641070389,16.54216403542549,14.844224155371233,3.0,26.581291035558728,74.22143129528409,34.54938350069912,8.44032032540994,17.541629591966444,45208.0,0.4476,23620.0,64.2715625412759,9.699958898479245,67.67031118587046,64.88314883148831,16.551724137931036,98.64698646986471,19.9663582842725,0.06150061500615006,6.89052116124519,13.666666666666664,29.67571078798781,25.008744316194477,35.1271673412282,16.729126068055766,2.8881227202318493,13.766666666666666,8.271583546797675,-5.4950831198689905,"Bourbon County, KY",Kentucky
101,1001,2.267533454935127,2.4354396217191043,test,21029,76961,49.43932641207885,50.56067358792115,96.528111640961,0.4794636244331544,99.5268485915493,66.31822183098592,33.20862676056339,0.4731514084507042,10.082969805833548,86.7487811136772,3.1682490804892653,25.576192622159272,51.88147814330779,22.54232923453293,54.5360745949251,31.186945888107616,14.27697951696729,10.35674543431302,15.73804439267456,10.333641387374813,14.135783936193821,2.0,28.399100388468607,78.90826759118406,32.10457423851134,5.267626561007536,11.989245409841864,55975.0,0.3719,24458.0,67.1288450675294,7.218992248062015,79.95458298926506,71.27968734342119,14.81420313790256,98.69726425493536,10.198183319570603,0.4409259444834152,1.6306960668390484,9.555555555555557,30.328348124374685,27.338522108600458,35.99095645846597,13.037772378217536,2.9924247346058395,9.655555555555557,11.420838458528348,1.7652829029727908,"Bullitt County, KY",Kentucky
102,919,1.9120085973796321,1.4157518207929647,test,20075,2586,51.89481825212685,48.10518174787318,87.97370456303172,2.0881670533642693,100.0,77.81021897810218,22.189781021897808,0.0,12.15149921094161,84.9026827985271,2.945817990531299,22.04488778054863,59.20199501246884,18.753117206982544,55.02923976608186,31.637426900584803,13.333333333333336,14.346481051817474,36.726546906187615,10.910151691948657,11.446249033255992,6.0,15.938979484481852,81.1623246492986,30.360721442885776,1.903807615230461,7.114228456913827,45114.0,0.413,22250.0,70.27880063124671,2.320359281437125,62.6797385620915,65.22911051212938,7.84313725490196,98.6522911051213,31.437908496732025,1.3477088948787064,33.68136117556071,6.666666666666668,33.83604021655066,25.83139984532096,33.333333333333336,14.346481051817474,9.938128383604024,6.7666666666666675,4.1195824897740385,-2.647084176892629,"Hamilton County, KS",Kansas
103,2968,2.743703304335216,2.727640841876931,test,53045,60791,51.777401260054944,48.222598739945056,84.8826306525637,1.6532052441973315,98.0398754942374,62.47160763859678,35.56826785564061,1.9601245057625976,13.217449720787673,80.6734685308813,6.109081748331024,25.306850711736804,47.50009803537117,27.19305125289204,42.805178373737604,39.45911750751226,17.735704118750142,17.196988919901887,35.61351511558981,17.677839759095622,20.835299669655498,5.0,50.458696725357896,63.6150438634587,43.25979327716495,6.110483800920697,18.535568487796407,50406.0,0.429,25015.0,53.16757349529715,12.6770060687795,59.90521864979142,74.25897035881434,22.23672635432333,97.79949092700552,23.445614234229122,0.3038016257492405,8.716750834827524,15.444444444444445,25.000411245085623,24.421378164530932,35.61053445411327,20.364856639963147,13.464164103238964,15.544444444444444,15.29675694997527,-0.24768749446917404,"Mason County, WA",Washington
104,1290,2.7365296724240786,2.501194263477098,test,26131,6298,51.42902508732932,48.570974912670685,96.25277865989204,0.31756113051762463,98.49537037037035,74.88425925925925,23.61111111111111,1.5046296296296295,22.07038562336204,75.96405840509173,1.9655559715462367,19.57718955409486,54.91206253330965,25.510747912595487,49.22178988326849,35.70038910505836,15.077821011673153,15.531641503372953,27.448071216617212,17.055616139585606,18.31889637471928,6.0,51.077943615257034,53.923476005188064,53.56679636835278,6.095979247730218,14.785992217898832,34459.0,0.4044,21896.0,43.634669151910536,13.071337035454931,61.48318482322506,73.59490986214209,24.604771486059214,98.03817603393423,21.09801667145732,0.0,1.0638297872340423,15.333333333333336,18.609082248332804,14.893617021276595,40.6954588758336,30.61289298189902,3.429660209590346,15.433333333333332,12.197051759494133,-3.2362815738391983,"Ontonagon County, MI",Michigan
105,582,2.3867219722002453,2.1427192829897956,test,16075,22700,50.47577092511013,49.52422907488987,93.29074889867842,0.4317180616740088,99.0995415848068,74.96725605762934,24.13228552717748,0.9004584151931891,12.384428223844285,83.86861313868613,3.7469586374695862,24.23967831454947,53.74072605765418,22.019595627796345,46.87288479761744,37.423852714227685,15.703262488154865,18.651453214141323,31.696832579185518,20.09642778873548,14.808408728046837,5.0,35.1675506268081,74.77599116239107,36.99521296182644,3.436847919479564,17.159690683687252,44257.0,0.4311,20689.0,62.585158150851576,9.524735154048011,63.096926713948,60.45333333333333,13.853427895981088,98.64,27.888100866824274,0.0,16.277533039647576,10.777777777777779,34.01762114537445,24.59911894273128,31.700440528634363,16.792951541850222,6.277533039647577,10.877777777777778,8.522581458102316,-2.3551963196754624,"Payette County, ID",Idaho
106,816,1.410986973710262,1.5759226408293519,test,19067,16050,49.58255451713397,50.417445482866036,94.71651090342678,2.0249221183800623,99.32813759742004,65.62751948400968,33.70061811341037,0.6718624025799517,17.76113191843529,80.2829796088223,1.9558884727424053,24.20890937019969,53.225806451612904,22.565284178187408,47.54452239611441,34.286742219823715,18.168735384061886,12.385292070122144,22.28855721393035,11.866284975528671,13.761757464806516,6.0,34.812951391706555,75.71366468627734,36.09621793942907,4.825387624981887,13.519779742066367,44797.0,0.4382,25918.0,67.19498101370316,3.3415233415233416,73.19210292812778,74.01549386701096,17.81277728482698,97.77275661717238,11.923247559893522,0.0,2.236760124610592,4.0,29.83177570093458,23.06542056074766,33.109034267912776,20.60436137071651,3.2585669781931466,4.1,4.835200714318986,0.735200714318986,"Floyd County, IA",Iowa
107,329,2.538096293116917,2.5263805603739646,test,12033,306327,49.68416104359068,50.31583895640933,68.96159985897424,21.6040375154655,98.76684067393957,58.31014972961145,40.456690944328095,1.2331593260604543,16.610345723940732,76.77545422765613,6.614200048403145,34.69443542061184,38.681076626864964,26.624487952523197,39.33827531943111,36.151881946575095,24.509842733993807,15.790776051051314,34.169834693092994,15.045919598351107,14.901454069326716,3.0,44.27325882231191,74.54953369699102,33.73482315678339,4.531937357029737,16.121766672532114,45390.0,0.4413,24161.0,62.89162064570944,9.092700087950748,67.44677898359653,71.56351578350314,16.563323989008857,97.49340081589912,20.477948319409364,0.1178036170073518,5.278672790841161,12.555555555555555,28.420935797366862,31.876393527178468,31.67954506132336,15.410655933038877,9.434362625560269,12.655555555555553,12.508151607614648,-0.14740394794090506,"Escambia County, FL",Florida
108,39,2.2902875651836396,2.6044945045525694,test,1079,33586,48.8923956410409,51.107604358959094,77.34770440064312,11.457154766867149,99.79817007534984,61.97524219590961,37.82292787944026,0.20182992465016145,13.253616200578591,83.81099324975892,2.935390549662488,21.930722011107864,52.58696287635194,25.482315112540192,61.750815730723,27.12948651897647,11.119697750300533,18.73194511314396,32.613430127041745,20.598223007861566,20.60940499040307,4.0,22.052577201239814,69.5870576937283,34.06219989657973,7.815616458594962,19.642461402083185,40003.0,0.4357,21369.0,53.50623287406893,9.131563762261974,71.13118238021639,63.337814480507014,17.093315301391034,97.75302477434224,17.209234930448222,1.286729402727098,2.0752694575120585,9.777777777777779,28.041445840528798,25.692252724349434,36.360388257011856,15.798249270529388,11.195140832489727,9.877777777777778,13.524387058455241,3.6466092806774633,"Lawrence County, AL",Alabama
109,1961,2.1709566505156093,2.244493423534551,test,37155,134871,48.39661602568381,51.603383974316216,30.076146836606828,24.106739032112174,99.44156362185879,46.03681121431421,53.40475240754458,0.5584363781412046,12.247524546945385,83.32053224835488,4.431943204699729,38.25893068931164,36.26832392428484,25.47274538640353,58.41533923303834,28.768141592920355,12.8165191740413,31.648241129456224,81.34715025906736,36.818027307234715,17.38173319763278,5.0,21.628741792440497,67.05044458523584,34.039717737530864,9.062110851375264,31.48362571821816,30608.0,0.4845,15559.0,54.58760771440295,11.546267759152071,48.70479736644186,45.666646307945996,25.265390163611034,97.01337567947228,29.71260187160172,1.8261772430220484,8.176702182085103,8.666666666666666,33.76708113678997,29.92340829385116,31.373683000793342,12.564598764745572,45.817114131281,8.766666666666667,9.435634475209255,0.6689678085425879,"Robeson County, NC",North Carolina
110,2240,2.6695403463403347,2.6377274259835284,test,42005,67979,49.70064284558467,50.29935715441533,97.75371805998913,0.9355830477059092,99.10514541387023,67.03952274422072,32.065622669649514,0.8948545861297539,15.206645357912734,82.36638667955103,2.4269679625362373,24.16687107965097,52.48274170375302,23.350387216595998,60.505115604608065,24.52670587287521,14.968178522516718,13.000074388157403,25.05916879674335,12.712359644362815,18.814964190922442,2.0,32.87294337753811,68.59136166035618,41.68068994530921,6.808301780956388,15.334455195624738,44942.0,0.4169,24391.0,59.70483667876454,8.076171572124181,73.79457497424829,78.28420256991686,18.87232059645853,98.21617535903248,12.252906263795555,0.10582010582010584,0.6546139248885685,14.333333333333336,25.549066623516087,23.286603215698968,37.126171317612794,19.80170346724724,1.3106988923049765,14.433333333333335,13.981393724174996,-0.4519396091583392,"Armstrong County, PA",Pennsylvania
111,760,2.2204104848050292,2.214379571510727,test,18139,16991,49.52033429462657,50.47966570537344,97.18086045553528,0.9240185980813372,99.00586286005607,67.32092786133062,31.684934998725467,0.9941371399439204,13.199035544839385,83.51870576339738,3.2822586917632415,23.29212752114509,52.779585050242176,23.928287428612727,61.63667523564696,23.504712939160253,14.858611825192805,17.622779206795474,35.787610619469035,17.677690480540836,13.56819804808379,6.0,26.28558310376492,76.63497551138,34.673004897724,4.263900893114377,13.267070008643042,45121.0,0.4169,23186.0,64.29625029112647,6.773726153103117,72.98587626815198,59.99292536257517,13.188780584841853,98.0544747081712,18.132086731649093,0.4598514326140785,1.2653757871814488,9.111111111111107,30.104172797363304,25.31928668118416,34.15926078512153,17.432758519216062,1.89512094638338,9.211111111111105,9.155726875286996,-0.055384235824108785,"Rush County, IN",Indiana
112,1146,2.0780516873907815,2.250196997690656,test,22079,132225,48.2979769332577,51.7020230667423,64.0446209113254,32.02041973908111,99.07109574627987,56.2813768224861,42.789718923793785,0.9289042537201262,14.775873364752623,81.8490183232242,3.375108312023164,31.55975071559176,41.65462047310428,26.78562881130396,53.483320044834244,28.130019297211728,18.38666065795403,20.76562780076843,41.28152164558053,21.741680479408394,18.84635585627336,4.0,30.6837233404798,72.26370768133576,33.815077400679606,9.411838738096238,18.80479926165205,40734.0,0.4682,21671.0,59.28776469609353,8.448529927724369,60.71387197672772,64.29384040305543,21.202486838548573,95.66607075139498,23.407432197608408,0.6988460913375589,2.801285687275477,7.8888888888888875,32.23671771601437,27.78899602949518,32.33427869162413,14.55927396483267,3.9349593495934965,7.988888888888888,9.489605082520388,1.5007161936314999,"Rapides Parish, LA",Louisiana
113,2922,2.132192107065365,1.9651539231952706,test,51650,137081,48.227690197766286,51.772309802233714,42.821397567861325,50.08352725760682,98.87592015385636,51.53856356522317,47.33735658863321,1.1240798461436434,16.12289685442575,76.71299683004146,7.1641063155327975,36.607302506884096,38.631405786217506,24.761291706898398,37.45010174240824,39.341509790621906,23.208388466969858,15.270738460141914,32.14526495572835,14.52238240602509,12.545344160279276,2.0,55.92971752075327,78.15262561390253,28.69663770306007,4.979221760483567,13.843974310540233,49190.0,0.42200000000000004,25029.0,65.8403506180135,9.573529191784717,71.44566062563553,72.58639910813824,15.807165500328967,97.09587513935341,17.812070099886355,0.5072463768115941,5.2034928254097945,8.333333333333334,28.909914576053573,32.74633246037015,31.967960548872565,13.212626111569072,7.095075174531847,8.433333333333334,7.136010903228055,-1.2973224301052788,"Hampton city, VA",Virginia
114,2915,2.4169053500233435,2.198485227128394,test,51590,42450,45.72673733804476,54.27326266195524,46.20023557126031,48.65959952885748,98.78445843281963,41.024527892337744,57.75993054048188,1.2155415671803778,21.721686937292684,74.89180224293159,3.3865108197757063,32.765036780614444,36.20077888360017,31.034184335785376,49.41285220308809,32.72963812523537,17.85750967167654,23.681168687440053,56.27296587926509,25.33080538768416,19.901232177007433,5.0,33.777108433734945,66.82472115954523,39.592650466081146,11.62239344792284,27.68468128670725,32315.0,0.4912,20933.0,58.89079295840474,11.994074387598536,62.910011845921325,61.57079064880482,24.361749928515987,98.87050170738114,19.076018136514033,0.0,3.30035335689046,11.111111111111107,27.578327444051823,26.325088339222606,32.640753828032985,19.2979976442874,5.140164899882215,11.211111111111107,9.011353002706272,-2.1997581084048345,"Danville city, VA",Virginia
115,2873,1.9600947840472698,2.3085580072869494,test,51125,14858,48.5260465742361,51.4739534257639,83.8941984116301,13.440570736303675,97.70347855454241,56.366092536305295,41.337386018237076,2.2965214454576155,15.891341256366722,79.52461799660442,4.584040747028864,23.22415311924401,46.86473932890206,29.911107551853927,49.65092779717067,22.193643211464266,28.155428991365056,14.716106604866743,19.957627118644066,16.627265563435778,14.526045537463686,4.0,29.47801966882407,70.87868749014041,43.74507020034706,5.379397381290425,12.241678498185832,47118.0,0.47100000000000003,27528.0,58.77533783783784,5.5324040810461295,70.1131987396429,70.1620299602568,14.937565643599019,96.85111586670745,19.010386276111568,0.5197187404463467,3.466146183874008,7.0,25.131242428321446,22.51985462377171,35.193161932965396,22.358325481222234,2.665230852066227,7.1000000000000005,10.059907877132286,2.9599078771322853,"Nelson County, VA",Virginia
116,85,1.895451927785184,2.3215374827878037,test,2201,6376,54.391468005018815,45.608531994981185,46.7063989962359,0.18820577164366373,97.89137380191694,53.035143769968045,44.85623003194888,2.1086261980830674,14.491831105453002,80.8190112454912,4.689157649055803,33.307086614173215,39.547244094488185,27.14566929133857,50.34883720930232,34.139534883720934,15.511627906976745,14.602822260979865,25.29313232830821,14.766221374045804,15.261422515308526,6.0,33.72189841798502,84.83245149911815,29.761904761904763,5.820105820105821,24.911816578483247,48523.0,0.4270000000000001,25205.0,66.9858451290591,13.859540087010567,43.599122165325525,38.54907539118065,15.922945623018775,95.73257467994308,42.45306022921238,0.2844950213371266,3.2151819322459225,6.5555555555555545,31.195106649937266,25.690087829360102,38.73902132998746,11.025721455457965,53.105395232120465,6.655555555555554,10.191331263240066,3.535775707684512,"Prince of Wales-Outer Ketchikan Census Area, AK",Alaska
117,1444,2.145281299175379,2.1121091865672,test,28099,29553,47.998511149460285,52.00148885053972,59.36114776841607,22.36997935911752,99.73706226843552,50.161348153460025,49.5757141149755,0.2629377315644795,14.084167950693375,83.0267719568567,2.889060092449923,30.10896152990883,43.42895263509006,26.462085835001112,54.90922762917607,31.55548394027285,13.53528843055108,23.97725314492504,50.41035929235819,25.297134238310708,20.42903724043247,6.0,21.036715021499788,75.49823058297635,35.593220338983045,6.891413671074687,20.03166325200224,35645.0,0.4623,18572.0,64.41159476117103,9.598564700605515,61.011603689378155,58.819076457229365,15.162154120797384,99.41963159222813,26.12912823564416,0.0,0.6293777281494265,8.444444444444445,35.18762900551551,26.35942205529049,31.042533752918487,14.208371400534633,18.268872872466414,8.544444444444444,8.265656724096425,-0.2787877203480189,"Neshoba County, MS",Mississippi
118,1815,3.085471408308861,2.69926123129601,test,35049,147108,48.705033036952436,51.29496696304757,83.24428311172744,0.781058813932621,99.37645607784019,61.16212141976154,38.214334658078656,0.6235439221597917,17.518019156520452,76.94332354299759,5.538657300481964,30.204612943904323,44.558434690639885,25.2369523654558,33.72301063182052,26.12805020842115,40.14893915975832,15.579059725389357,29.846126239289397,15.902079208915774,12.996524073373024,4.0,26.064145881793642,76.04243286094902,33.12084211902777,4.037333071805685,10.673597149348634,54315.0,0.4817,33044.0,65.00150751604427,7.5605974263487825,64.15221417747095,60.244444444444454,14.30880619632935,94.34444444444445,25.00869955660325,2.4296296296296296,51.07200152269081,21.777777777777786,25.46564428854991,24.87968023492944,36.770264023710475,18.489817005193466,15.97465807433994,21.87777777777779,14.868743104275007,-7.009034673502784,"Santa Fe County, NM",New Mexico
119,1610,0.09531017980432493,1.788796800623354,test,30037,756,48.148148148148145,51.85185185185186,96.82539682539681,0.0,100.0,46.3768115942029,53.62318840579711,0.0,12.941176470588234,80.33613445378153,6.722689075630252,16.71875,57.8125,25.46875,49.91304347826088,29.73913043478261,20.347826086956523,26.58730158730159,150.9090909090909,23.6,16.26984126984127,4.0,34.46601941747573,71.25,33.125,9.0625,12.5,40938.0,0.3673,21562.0,59.8705501618123,3.5135135135135136,61.75213675213676,59.33333333333334,14.957264957264956,97.33333333333334,27.136752136752143,0.0,2.1164021164021163,1.0,22.089947089947085,15.476190476190474,46.42857142857142,19.84126984126984,3.1746031746031744,1.1,5.982250294602284,4.882250294602285,"Golden Valley County, MT",Montana
120,2572,2.2789752273549118,2.300804097089822,test,48113,2485003,49.32476942683772,50.67523057316229,59.96467609898257,22.14806179308435,99.59328434450472,60.85880091216463,38.73448343234009,0.4067156554952848,14.023108124626427,80.25228743070983,5.724604444663746,36.3676330928611,41.428137078045786,22.204229829093126,45.16298254325305,25.717197767280346,29.11981968946661,19.268725062347947,41.354463490768296,18.42083664827069,9.554913069656257,1.0,16.755581966222667,84.71528312827151,20.68856741168234,4.422322556193895,15.091021118170294,50270.0,0.5017,27605.0,71.10363544728357,7.288103963881742,58.07130360018475,52.50581805591471,11.04232952603732,93.68669714115414,32.85321075718156,2.4271482979721166,39.02582813783325,9.666666666666666,33.85669956937679,33.10655962990789,30.43742804334643,9.425461458195423,17.887262107933065,9.766666666666666,9.982205891278634,0.21553922461196784,"Dallas County, TX",Texas
121,82,2.132192107065365,1.9425142615116981,test,2180,9854,53.50111629795007,46.49888370204993,17.454840673838035,0.7306677491374062,99.5267672286306,53.77107364685004,45.75569358178054,0.4732327713694173,9.941425317279533,85.17735112268142,4.88122356003905,48.09346330275228,33.25688073394495,18.649655963302752,56.68707104433315,29.233908365794843,14.079020589872007,27.008440137542983,48.10352521195895,31.78001679261125,11.154842050750906,6.0,27.11547452080411,88.41025641025641,21.64102564102564,6.9743589743589745,33.914529914529915,48868.0,0.4361,19804.0,68.53681861651259,16.441860465116278,39.13199426111908,41.54727793696275,24.820659971305595,93.26647564469914,39.23959827833573,1.4326647564469914,1.9585954942155468,8.333333333333334,42.31784047087477,31.185305459711795,27.207225492185913,7.1747513700020304,81.81449157702457,8.433333333333334,6.976269103727709,-1.4570642296056242,"Nome Census Area, AK",Alaska
122,48,2.455782938066032,2.4075201646111353,test,1097,414251,47.84925081653394,52.15074918346606,60.00371755288461,35.04517792352945,99.5750849830034,55.81383723255349,43.761247750449904,0.4249150169966007,14.518871244084751,81.68977956966263,3.7913491862526185,32.16281576349325,42.35057559756175,25.486608638944997,47.54080359005706,30.495353204074693,21.963843205868244,19.270692925810426,39.016724660455715,19.63980559692717,15.216952473794858,3.0,29.401826236094827,73.77098088048356,33.38781228111137,6.313720912133241,19.09811399071264,43809.0,0.4693,22953.0,61.29024879588543,9.580474385426164,67.19496814928466,60.32597266035752,16.07677910143228,97.3957237995093,21.196189160313924,0.5555555555555556,2.635358755923341,11.555555555555555,30.972043519508706,29.33849284612469,32.355504271564826,14.099181414166775,4.951104523585941,11.655555555555555,11.106384960530512,-0.5491705950250427,"Mobile County, AL",Alabama
123,788,1.296248080435107,1.5313448574201003,test,19011,25803,49.94768050226718,50.05231949773282,97.7638259117157,0.7014688214548696,99.23960273122285,75.58969584109248,23.649906890130357,0.7603972687771571,13.26149802890933,84.98817345597898,1.7503285151116952,20.39380466116187,60.69770850637612,18.908486832462014,43.71493989696623,34.65369204350315,21.631368059530626,9.564876519012152,17.491263564465694,8.444394033913685,11.28842994602206,3.0,29.95039272426623,78.39275162497538,31.888910774079186,4.480992712231633,8.814260389994091,60606.0,0.4173,29990.0,70.31168287835999,4.239494235775381,85.06790327923154,71.71591755649365,12.68631997350116,98.85771045443258,6.048360384233191,0.12416190712689347,1.3099252024958339,3.5555555555555562,31.604852148974928,23.42750842925241,35.197457659962026,16.374065031197926,1.5347052668294383,3.6555555555555563,4.62439178985248,0.9688362342969232,"Benton County, IA",Iowa
124,1142,2.3014733641413554,2.531185149357772,test,22071,376738,47.827137161634866,52.172862838365106,34.29306308362841,59.53898996119319,99.73790556853834,39.05207028778743,60.685835280750894,0.2620944314616606,22.42585607057239,69.25264594114547,8.321497988282136,48.69156262967764,26.97037639891015,24.33806097141221,37.99438632304159,26.71058634314567,35.29502733381274,27.032653206371442,69.55327517633874,30.36110596328824,13.634320867386618,1.0,18.33318803940372,74.9817160767925,25.080971659919022,8.339427974402508,20.573984589264725,36792.0,0.5686,27721.0,64.33137270243883,10.082811574583296,60.1748138814344,44.35977022143982,20.985640857959737,95.26081719633095,22.30751133459074,1.100250162142129,5.468256454087457,9.888888888888893,26.498521518933586,35.198997711937736,32.3943961055163,11.767859892020446,6.167946955178398,9.98888888888889,12.568392736083311,2.5795038471944203,"Orleans Parish, LA",Louisiana
125,356,1.8440707637960658,1.937443889822948,test,12086,2639042,48.5108232457081,51.4891767542919,75.75059434446287,18.642295196514493,99.5124765246255,59.84364308695716,39.668833437668326,0.4875234753745141,10.881327142741759,82.93609282950338,6.182580027754868,36.810142443774964,35.99345625150564,27.19640130471939,48.403585922144785,24.67464239215205,26.92177168570319,20.396126780888814,38.314438057110046,22.638851987736544,10.39689488144681,1.0,8.104249457962629,78.93363794939874,29.1786646844457,7.215315981775284,25.492517392920288,43129.0,0.5261,23850.0,64.63192260762789,9.866828541371843,53.898298407756606,21.536312849162,12.110146283929778,92.98856817711571,35.34689609233054,4.025450031036623,65.61975898829954,6.222222222222222,26.935721371618943,30.46472924644625,33.75812131826625,14.909728606062354,5.60711045902263,6.322222222222222,6.940986350297466,0.6187641280752443,"Miami-Dade County, FL",Florida
126,249,0.6300890445928083,2.1729035255520524,test,8017,2002,52.497502497502495,47.50249750249751,96.30369630369631,0.2997002997002997,100.0,88.8268156424581,11.1731843575419,0.0,18.52112676056338,78.6619718309859,2.8169014084507045,26.212319790301446,50.917431192660544,22.870249017038013,42.61275272161742,34.914463452566096,22.472783825816485,8.615384615384615,4.950495049504951,11.198120595144873,16.198262646908535,6.0,26.671261199172978,81.02288021534319,27.052489905787354,2.0188425302826376,8.748317631224761,52554.0,0.3938,23553.0,71.54929577464789,9.448818897637793,61.390284757118934,54.42477876106194,12.73031825795645,94.24778761061948,26.716917922948074,1.7699115044247788,12.887112887112885,1.7777777777777777,33.216783216783206,26.023976023976026,34.115884115884114,12.337662337662339,3.3966033966033966,1.8777777777777778,8.783750896186575,6.905973118408797,"Cheyenne County, CO",Colorado
127,2209,2.5292778938193967,2.877375093428257,test,41015,22338,48.697287134031704,51.302712865968296,91.5838481511326,0.32679738562091504,99.56559513466551,56.55951346655082,43.00608166811468,0.4344048653344918,18.88841109438831,72.87680068802408,8.234788217587615,18.88757760788137,49.69983067371337,31.412591718405253,37.58712529041763,38.91879639598799,23.49407831359438,16.609527246481413,21.652421652421648,19.607092741421106,25.768225646571146,5.0,52.34557418807048,55.73942988329826,52.66883489573368,6.609910082265163,19.705375932657358,40884.0,0.4264,24682.0,47.22088739388114,11.273179556761644,61.17274167987322,67.06231454005935,26.874635082158647,99.21364985163204,20.568854783551586,0.0,6.285253827558421,12.444444444444445,19.22284895693437,17.848509266720384,36.16259289103769,30.47721371653684,8.089354463246485,12.54444444444444,17.767573694578598,5.223129250134157,"Curry County, OR",Oregon
128,2861,1.9600947840472698,1.8821041481544702,test,51099,24933,50.15842457786869,49.84157542213131,76.637388200377,17.952111659246782,100.0,77.57023538344724,22.429764616552774,0.0,8.702348864073933,87.01798778810715,4.2796633478189126,27.91066135132373,54.10916896657467,17.980169682101604,37.68044111269438,30.02292299114057,32.296635896165036,5.51629447159068,7.60549558390579,5.213215298269977,10.861759425493718,6.0,54.27018633540372,84.84306003102995,23.487289652703186,4.28452082587421,7.4591240004773836,81688.0,0.3792,34529.0,71.76811917647716,6.989038326984372,84.23651807466912,78.3625730994152,9.679331006782117,97.6608187134503,10.686771580957398,0.0,4.211286247142342,7.0,34.143504592307394,27.232984398187142,35.013837083383464,11.342397625636703,5.410500140376207,7.1000000000000005,6.5673089251559915,-0.532691074844009,"King George County, VA",Virginia
129,3070,1.410986973710262,1.4869848160142516,test,55061,20483,50.803105013913964,49.19689498608602,97.10491627203051,0.3124542303373529,99.06805374945816,80.84091894234938,18.2271348071088,0.9319462505418292,14.82969766551856,82.68911851001405,2.4811838244674065,25.775913720790893,56.680647094068306,17.5434391851408,52.30726528346402,31.920061064464644,15.772673652071333,8.862629246676514,15.299446401610467,8.200330214639518,12.539940028511035,3.0,27.62162843458532,75.50995330548047,35.192922093880554,3.8584418776112064,8.994839026787908,56863.0,0.3888,26655.0,67.8471515768057,4.273263986505482,83.32369703477329,60.95001380834025,13.810192450648383,98.64678265672468,6.921615594284298,0.2485501242750621,2.4019918957184005,4.0,28.64814724405605,22.36977005321486,36.95747693209002,18.141873748962556,2.5826294976321833,4.1,4.423737008954871,0.323737008954871,"Kewaunee County, WI",Wisconsin
130,1451,1.9120085973796321,1.7853052238962255,test,28113,40075,47.41859014348097,52.58140985651902,45.61946350592639,52.471615720524035,98.8336288140338,41.97070075580853,56.86292805822525,1.1663711859662218,16.100500387624212,80.66107548100642,3.2384241313693702,33.707612122772034,38.646161765652145,27.646226111575842,53.9824046920821,29.73607038123167,16.281524926686217,29.075703547882306,70.04198966408268,32.61244465159636,19.50644809850769,5.0,20.929043691636558,65.96925993635317,39.758954566998455,9.607962624416007,22.364411943936624,31677.0,0.4855,17777.0,54.90939445584503,9.279787166656108,57.15901675005438,56.052722858133876,23.276049597563627,98.95941727367321,24.624755275179467,0.15608740894901146,1.3649407361197754,6.666666666666668,33.966313162819716,26.527760449157828,31.588271990018722,15.134123518402994,1.9089207735495948,6.7666666666666675,5.961399231424383,-0.8052674352422846,"Pike County, MS",Mississippi
131,418,2.132192107065365,2.140615893436153,test,13077,133416,48.86520357378426,51.13479642621574,77.26584517599089,17.89290639803322,99.25146265917174,70.58621085235747,28.665251806814275,0.7485373408282666,10.70499811334224,85.88881976809407,3.4061821185636934,25.376898824878197,55.44090952517436,19.182191649947452,43.225732731531735,29.209849740044564,27.5644175284237,13.184518424702976,23.839020373088907,12.416599793648976,10.209828117118269,2.0,30.445431356009717,81.33751563236771,27.769235500338286,3.958833056563545,10.855526170121164,62461.0,0.4225,28106.0,67.45727062955625,6.708138461305604,77.09532560148958,67.76995751696151,9.836803738545226,97.0642318178936,16.51555901717151,0.6848012174243866,6.712088505126822,8.333333333333334,32.99904059483121,26.76365653294957,35.153954548180124,11.925106434010914,4.841248425975895,8.433333333333334,8.504673989087161,0.07134065575382742,"Coweta County, GA",Georgia
132,1113,2.118929313186954,1.95100253911472,test,22013,13977,47.9001216283895,52.09987837161051,55.598483222436855,41.94748515418187,99.15094339622641,47.73584905660378,51.41509433962265,0.8490566037735849,17.844472144980344,81.30213826829035,0.8533895867293124,30.65983570355976,41.60409857786414,27.73606571857609,60.65847051469056,28.12044175869973,11.221087726609714,27.53410591169136,64.52111225540679,31.506676744771987,21.15286017725042,6.0,28.608606747839016,66.18507051943584,36.37770897832817,11.35190918472652,23.546611627106987,32876.0,0.4813,20464.0,54.5080003832519,9.316224292494287,56.83883011823273,57.9933388842631,21.082762912258872,98.2098251457119,25.99875544492844,0.6244796003330557,1.5954782857551693,8.222222222222221,29.419761035987698,24.15396723188095,33.99155755884667,18.84524576089289,2.4540316233812693,8.322222222222221,7.035737648207763,-1.286484574014458,"Bienville Parish, LA",Louisiana
133,2354,1.7326383462202575,1.408673229592542,test,45089,33238,48.63710211204043,51.36289788795957,32.014561646308444,66.06594861303327,98.16191377213137,44.47898364643872,53.68293012569266,1.8380862278686307,15.212303577398865,81.92912069541958,2.8585757271815444,37.320203584863904,35.221656708711365,27.45813970642473,61.67902311382469,27.003924989097253,11.317051897078063,29.841361039292675,66.76537585421413,36.48664013644115,19.887937346789343,6.0,18.938807126258713,63.66848969289021,42.196045435422796,9.499368952461086,25.915018931426157,28297.0,0.5027,16344.0,52.936521159613456,11.212526555983946,56.621029276476,50.31651293181408,24.140916716272525,98.69777536625068,25.131230044915853,0.6511123168746609,2.2203502015765086,5.5555555555555545,28.5787351826223,27.086467296467895,33.53691557855468,17.058788134063423,1.9194897406582832,5.655555555555554,4.090524615152461,-1.5650309404030933,"Williamsburg County, SC",South Carolina
134,2241,2.638263363714082,2.4714727091647637,test,42007,169785,48.43242924875578,51.56757075124422,90.94619666048237,6.0600170804252445,98.92776523702032,65.64987525246525,33.27788998455507,1.072234762979684,15.810107473582228,81.75127113234045,2.438621394077312,27.673504405735546,49.55520706605439,22.77128852821007,47.407594606492424,29.762118272381915,22.83028712112565,11.898010218122213,23.385721699162282,11.288740356477787,14.912067236068163,2.0,32.406433630205996,72.28270951354901,39.519684927010935,5.911899427788639,14.312418841593056,50581.0,0.429,27233.0,63.434374907267284,6.529289999649151,77.2643613239977,73.55405363316409,16.862565610727533,98.16239449341265,10.091635910370146,0.09966673934033077,1.3782136231115822,13.888888888888893,25.710162853019995,24.83493830432605,35.99552375062578,19.304414406455226,2.9937862590923814,13.98888888888889,11.839870704459399,-2.149018184429492,"Beaver County, PA",Pennsylvania
135,351,1.2006339030604214,2.207987817917708,test,12077,8295,61.96503918022906,38.034960819770944,77.9746835443038,16.528028933092223,97.88972089857046,60.176991150442475,37.71272974812798,2.110279101429544,13.73741212236367,82.08246247387422,4.180125403762114,35.5982905982906,35.29914529914529,29.102564102564106,66.23512946116165,22.60321903428971,11.161651504548638,18.36401425178148,20.151133501259448,23.14298978644383,20.814880425155007,6.0,29.96887505558025,72.58528565556925,32.4702013974517,6.000822030415125,20.838471023427868,39406.0,0.4379,16972.0,57.511781338360045,9.931170108161258,54.78458049886621,54.86033519553073,19.0702947845805,98.77094972067042,30.29478458049887,1.2290502793296088,7.209162145871008,3.2222222222222223,24.23146473779385,35.27426160337553,34.21338155515371,11.850512356841474,5.497287522603979,3.3222222222222224,9.097392353681458,5.775170131459236,"Liberty County, FL",Florida
136,352,1.895451927785184,2.0534845931135095,test,12079,18729,52.69368359229003,47.30631640770997,58.04367558331999,38.710021891184795,99.53904555314531,61.46963123644251,38.06941431670282,0.4609544468546638,16.947059731440035,79.64192004939035,3.411020219169625,31.665062560153995,40.40423484119345,27.930702598652548,56.98596705308114,31.726662599145822,11.287370347773033,25.6596742201118,49.97938144329897,30.74524791310469,22.75969549841156,6.0,28.50442240686143,62.413063199274255,43.06017538554582,8.602963410946478,22.391895978228,32164.0,0.466,16274.0,53.24355521354367,11.576817459170401,54.41635612851243,63.33985649054142,24.644979353409205,98.72798434442272,27.636217141706123,0.0,4.917507608521545,6.5555555555555545,25.98109883069037,27.972662715574774,34.3798387527364,17.35810774734369,3.246302525495221,6.655555555555554,7.795016296273419,1.1394607407178645,"Madison County, FL",Florida
137,2783,2.6302888397953126,2.07791198940582,test,49027,12582,50.977587029089186,49.022412970910814,88.83325385471308,0.4212366873311079,100.0,80.07090402633578,19.92909597366421,0.0,10.081840825524848,86.5970821966552,3.32107697781995,21.902916801205468,60.05812076202777,18.038962436766766,41.10921277434617,38.92758575371271,19.963201471941122,12.873674059787849,24.299653761410138,10.828440965427266,10.852775543041027,6.0,21.86008613665464,79.15865384615384,33.894230769230774,4.302884615384615,10.072115384615383,51593.0,0.3808,20602.0,64.99233580945643,4.4085631349782295,67.13636363636364,69.64380648591175,10.62121212121212,98.19245082402979,24.72727272727273,0.3189792663476874,12.645048481958355,13.777777777777779,39.97774598632968,23.73231600699412,29.113018597997137,15.546018121125414,10.745509457955814,13.877777777777778,7.987772935159086,-5.890004842618692,"Millard County, UT",Utah
138,298,2.0640458562018624,1.846943716619952,test,8117,28940,54.982722874913605,45.0172771250864,89.67519004837595,1.1541119557705597,99.65178205653422,73.45350266284309,26.19827939369111,0.3482179434657927,12.099599071534078,63.63789829077864,24.262502637687273,38.506907974468774,42.73652742991032,18.756564595620905,22.43975201603505,28.75588495781476,48.80436302615018,13.70181464904063,24.429633427326326,14.286395498545609,5.021311986693004,5.0,16.947954772198205,88.04101350685201,17.184265010351968,0.6901311249137336,3.1548851424627817,67983.0,0.4366,35753.0,79.21828723981145,4.702227370859881,70.38663078884011,61.935483870967744,5.02761648491715,97.74193548387095,25.605438323183684,0.0,14.740843123704215,7.777777777777778,20.397373876986872,36.306150656530754,37.13890808569453,9.678645473393226,9.17069799585349,7.877777777777777,6.340411784775172,-1.537365993002605,"Summit County, CO",Colorado
139,1502,2.0208114572284313,2.183667896505886,test,29051,76533,50.567728953523314,49.432271046476686,83.1850312936903,11.622437379953745,99.478103017926,63.813251645110036,35.66485137281597,0.5218969820739733,16.020710059171602,79.48594674556213,4.493343195266271,30.328067650815722,46.44364318398629,23.22828916519799,39.670088822240174,28.73457146152959,31.59533971623025,12.90426230424275,21.458596048759986,12.843769502808405,14.2609031262061,4.0,30.920627360255843,77.63854930725347,29.866204835642492,4.051208910622114,10.89038304808476,53088.0,0.4175,26014.0,67.52686213804408,4.776288465168964,78.51767996270894,74.79460391520438,11.868770948480613,97.67724921391621,13.191716055137512,0.0,2.670743339474475,7.444444444444445,29.49446643931376,29.56763748971032,33.85467706740883,13.510511805365008,5.192531326355952,7.544444444444446,8.878813174093688,1.334368729649242,"Cole County, MO",Missouri
140,2472,2.455782938066032,2.4932486427646037,test,47103,33550,48.97466467958272,51.02533532041728,89.26378539493294,5.2011922503725785,99.44744112616762,63.9915800552559,35.455861070911716,0.5525588738323906,15.4397088176588,82.07115181401902,2.489139368322179,23.357664233576642,50.390639328027,26.25169643839636,59.453088165959464,23.89096052462389,16.655951309416654,16.695920590727514,32.428596771332266,16.852444038373687,20.276706052568127,6.0,27.93601850067451,71.32072705951335,38.20727059513339,7.490472002345354,18.29375549692172,40389.0,0.4273,21655.0,59.323558162267844,7.118375955707883,66.25031605562579,67.67241379310343,20.40455120101138,98.63793103448276,17.69911504424779,0.2241379310344828,3.0312965722801786,11.555555555555555,28.575260804769,23.913561847988078,35.48733233979136,17.943368107302536,5.535022354694487,11.655555555555555,12.100522612244863,0.4449670566893076,"Lincoln County, TN",Tennessee
141,3017,2.89591193827178,2.2469317500033457,test,54065,17475,49.339055793991406,50.660944206008594,97.35622317596571,0.7725321888412017,96.61764705882356,80.94117647058823,15.676470588235295,3.3823529411764706,21.099799254373387,74.31889876684829,4.5813019787783205,29.91250084786,46.123584073797744,23.963915078342264,57.983519900497505,23.390858208955226,18.625621890547265,12.865429234338743,16.719914802981894,14.313805817287998,17.586226818418158,6.0,32.92943692088382,66.41262928688079,41.49428415895482,5.525313010342949,10.996189439303212,39324.0,0.4502,23456.0,57.89473684210528,11.922503725782411,63.171428571428564,64.46596244131455,19.457142857142856,97.82863849765259,23.69523809523809,0.528169014084507,1.3161659513590844,18.0,25.545064377682408,21.476394849785407,39.17024320457797,19.891273247496425,1.871244635193133,18.1,9.458669704792161,-8.64133029520784,"Morgan County, WV",West Virginia
142,3021,2.376454941560501,2.2664921068344066,test,54073,7636,53.15610267155578,46.843897328444214,97.14510214772129,0.2750130958617077,98.5981308411215,69.62616822429906,28.971962616822427,1.4018691588785046,11.616527727437475,86.57122145704966,1.812250815512867,22.38736646539712,52.57779842080817,25.034835113794703,61.66214995483288,25.347786811201445,12.990063233965671,18.02833023322364,44.641101278269424,17.105263157894736,19.12770809578107,6.0,33.47996089931573,70.68786726581403,41.27203594884203,8.226754234358799,13.169720013826478,44288.0,0.4437,23291.0,56.32475534613991,8.26898326898327,72.57344300822561,78.85985748218528,18.89541715628672,95.56611243072052,13.090481786133955,0.0,1.0738606600314302,10.666666666666666,25.327396542692515,24.476165531691986,37.860136196961754,18.046097433211106,2.5798847564169725,10.766666666666664,9.64550599457015,-1.1211606720965133,"Pleasants County, WV",West Virginia
143,1556,2.158201375540483,2.1641842987133932,test,29159,42215,49.08444865569111,50.9155513443089,90.38019661257849,2.8473291484069643,99.6030245746692,72.92060491493385,26.682419659735352,0.3969754253308129,14.315440387554052,81.74724452970055,3.9373150827453913,26.375603466370805,51.48580167321361,22.138594860415605,49.24814734873014,33.211022375710485,17.540830275559394,18.091715618729907,31.843364391840844,19.101036968505454,17.057517853696197,5.0,30.259641084383354,75.72996094476474,34.1330357696361,5.9140784824251424,16.390800322360672,39928.0,0.4344,20494.0,63.843785448063535,6.096756180516777,65.67592704921347,68.60920666013712,15.540458570908651,95.77211883774078,22.224918112337733,0.652954619653934,8.05874689091555,8.555555555555555,31.834655927987686,27.26755892455288,32.50977140826721,15.01835840341111,6.772474239014568,8.655555555555555,8.707496303278454,0.051940747722898806,"Pettis County, MO",Missouri
144,2529,1.8082887711792655,2.043729512113286,test,48027,326041,49.90323302897489,50.09676697102511,64.7160939881794,21.532567989915385,99.62368894545135,66.70689428182736,32.916794663624,0.37631105454864616,11.5827943651989,83.4349251351112,4.982280499689909,28.67606451378839,47.75810151126089,23.56583397495072,38.341537607777454,38.51007635627447,23.148386035948075,15.327416192253411,27.780607192371892,14.637579882316006,13.826984879616456,3.0,64.62824707099516,81.67218965077747,22.383562142675068,4.973416845708459,13.31979898765522,50550.0,0.4347,23535.0,65.26187002964565,9.117587678818644,71.64470152605689,70.21837852277281,17.436268226684636,96.50394016294908,19.62566141913432,1.5526913316415119,23.23664815161284,6.0,34.89162405955079,36.09576709677617,26.38778558524848,9.526409255277711,13.75133802190522,6.1,7.719344970941991,1.6193449709419916,"Bell County, TX",Texas
145,1801,2.8390784635086144,2.2370171964064562,test,35023,4643,49.81692870988586,50.18307129011414,91.21257807452079,0.2584535860435064,100.0,67.47967479674797,32.52032520325203,0.0,17.681498829039818,80.82552693208432,1.4929742388758782,29.195341450502912,43.22392800423505,27.58073054526205,54.61638491547465,31.14434330299089,14.239271781534462,23.303117399955784,62.07906295754025,22.613065326633173,17.466283440194562,6.0,29.068430132259927,70.24070021881839,38.51203501094092,10.175054704595189,23.851203501094087,34444.0,0.4359,18871.0,59.36768149882904,12.03155818540434,46.26403406891212,39.495798319327726,30.545876887340302,96.15846338535414,27.719705768486254,3.601440576230492,56.687486538875724,17.0,34.180486754253714,24.25156149041568,33.38358819728624,18.52250699978462,8.52896833943571,17.100000000000005,9.365354570392004,-7.734645429608001,"Hidalgo County, NM",New Mexico
146,1491,2.7365296724240786,2.511426210434405,test,29029,43927,49.258997882851105,50.741002117148895,96.46914198556696,0.5076604366335056,99.95092626671574,69.32891669733775,30.62200956937799,0.0490737332842596,11.639432471467812,83.70479453994506,4.655772988587126,20.03713570678937,55.24609133231076,24.716772960899874,48.294642042169954,30.656889889554872,21.048468068275174,17.30561119937372,42.03102961918195,16.969216016929536,17.687340579543623,6.0,39.747687132043744,67.30355863386673,46.85932648674469,4.519942679722952,11.90589921184619,44816.0,0.4436,23996.0,53.2579185520362,8.974086661002547,60.78557371781999,64.75480355606538,17.394272862363948,99.15878023133543,25.980963090887183,0.2676608354841793,2.499601611764973,15.333333333333336,23.73710929496665,19.955835818517087,37.186696109454324,24.09452045439024,3.0231975777995306,15.433333333333332,12.322492000691645,-3.1108413326416873,"Camden County, MO",Missouri
147,1224,2.589433484697249,2.5693620101999235,test,25027,810935,49.30197858028079,50.69802141971921,84.97536793947728,4.641309106155241,99.3029654539896,68.87968650120898,30.42327895278064,0.6970345460103944,13.343014196388905,81.7064841890288,4.950501614582296,33.4678051309254,46.00517794280754,20.52701692626706,39.09253598743103,26.52046554728021,34.38699846528876,11.758650038478592,18.68388321987884,11.849883429278588,11.755532387039928,3.0,23.62928180657132,78.80674422928786,28.989029670358864,6.435439742874597,13.618615029085984,65313.0,0.4496,32284.0,69.5392070812138,7.464580839367279,77.03936042721462,68.23222869183229,22.2616923851646,94.88848545278387,4.5247120087753885,0.2953653970971414,10.2109293593198,13.222222222222221,29.541331919327693,27.950575570175165,36.014230487030396,13.719965225326321,10.38332295436749,13.322222222222221,13.057491236743946,-0.2647309854782751,"Worcester County, MA",Massachusetts
148,513,2.2082744135228043,1.8417597431292816,test,13269,8401,48.04189977383645,51.95810022616355,58.69539340554696,39.245327937150336,100.0,58.61690450054885,41.38309549945113,0.0,14.642631246046806,83.47564832384565,1.8817204301075268,32.054992764109976,42.17076700434153,25.774240231548482,60.941052999825075,27.934231240160926,11.124715760013993,28.69522763334554,73.35870599429116,32.97850135671049,15.928231417063346,6.0,24.49259880970548,68.7518355359765,41.49779735682819,13.861967694566813,28.4287812041116,28143.0,0.4769,16857.0,56.301993407628316,20.15611931976582,51.0357432981316,62.128541810642716,22.05523964256701,96.54457498272288,32.16896831844029,0.2073255010366275,2.2735388644209023,9.0,29.282228306154032,24.90179740507083,35.65051779550054,17.45030353529342,2.059278657302702,9.1,6.307628305923037,-2.7923716940769623,"Taylor County, GA",Georgia
149,1974,2.5203810379816605,2.001082454270551,test,37181,44829,46.80898525508042,53.191014744919606,43.628008655111636,49.60405094916237,97.7736890524379,39.87120515179392,57.90248390064397,2.2263109475620966,15.806041527937523,79.75664386464072,4.437314607421756,37.39215412536647,35.043975987714646,27.563869886918894,60.81664306426595,27.77328208240609,11.410074853327938,25.10779285617029,58.72327702197639,27.119674685516664,22.947605633802816,5.0,23.154570408193386,68.13551148351317,40.20133823618061,10.163361263487854,26.18602688528543,33316.0,0.4674,18606.0,58.03779678248908,11.19583698284301,55.68999100988912,57.530388378298255,26.981570272700033,98.85858286391935,24.26955349115973,0.3409427809072043,7.064623346494456,12.333333333333336,31.414932298289056,25.644114301010504,34.334917129536684,15.61489214570925,6.767940395725981,12.433333333333337,7.397058744727943,-5.036274588605394,"Vance County, NC",North Carolina
150,1018,2.9496883350525844,2.3792264517655157,test,21063,7725,56.24595469255663,43.75404530744337,97.0873786407767,2.446601941747573,98.75862068965515,57.6551724137931,41.10344827586207,1.2413793103448276,11.745669141442985,87.51189796306872,0.7424328954882925,24.326805385556927,43.145654834761324,32.52753977968177,67.1971706454465,25.32272325375773,7.480106100795755,31.314957071848173,69.02439024390243,40.45454545454545,22.124421900641504,6.0,17.97609561752988,58.36363636363636,46.290909090909096,14.690909090909093,32.03636363636363,28224.0,0.4751,15319.0,42.223491338282884,6.2669071235347165,52.30030333670375,49.03623747108714,33.51870576339737,92.98380878951427,19.11021233569262,0.0,0.5825242718446602,19.0,24.504854368932047,27.042071197410998,36.41423948220065,17.77346278317152,0.4660194174757282,19.100000000000005,10.796547982265686,-8.303452017734319,"Elliott County, KY",Kentucky
151,1466,1.4891517465595983,1.1933693281287223,test,28143,10477,46.92182876777704,53.07817123222296,21.08427985110241,75.53689033120169,100.0,33.88960205391528,66.11039794608472,0.0,16.811714325183036,80.09393562646775,3.09435004834922,43.854712878884776,32.868653280470646,23.276633840644585,54.394151501011045,28.278114792347175,17.32773370664178,27.271849348140996,63.91372961599159,28.57904085257549,14.273297923708355,2.0,15.976090205135169,75.88368012033091,25.79593883178741,10.278265229380796,34.06868889445976,31211.0,0.4813,17246.0,65.36814477137726,11.939983093829243,55.22603398525168,39.36063936063936,20.26290477717217,99.00099900099899,29.095864058993264,0.0,1.3267156628805956,4.333333333333333,35.73542044478381,31.20167987019185,28.920492507397157,10.136489453087712,3.3788298176959053,4.433333333333333,3.2981751416136755,-1.1351581917196572,"Tunica County, MS",Mississippi
152,1326,1.67189092708065,1.8833613271801648,test,27037,408456,49.09561862232407,50.90438137767593,84.13195056505475,5.216718569441996,99.31727374995151,72.7481671127662,26.569106637185307,0.6827262500484891,12.62520281947992,83.4796717876864,3.895125392833656,29.132288952297248,53.84060706968798,17.027103978014768,26.856273708515825,32.88313877842731,40.26058751305686,7.706317109896961,11.897616752825725,7.205937916008997,8.450860086807904,2.0,25.19224399985571,84.5250725397211,23.575089795866194,3.2128385719581254,6.7426789206600795,75567.0,0.41,36171.0,76.15649565747623,4.694120447512497,83.73260439308336,78.13189666363755,10.507938112661707,96.36937989527893,8.157805713574696,0.6469340949413648,6.444757819691717,5.222222222222221,31.98777836535637,27.858325009303325,35.257898035528925,11.59439450026441,10.651330865503262,5.322222222222221,6.5755704001804105,1.2533481779581894,"Dakota County, MN",Minnesota
153,2819,1.67189092708065,1.7628232563365522,test,51013,223945,50.014959030119,49.985040969881,72.06055058161603,8.455647592042691,99.569591650078,79.18437617689783,20.38521547318018,0.4304083499219885,21.338675260201192,62.0683273091495,16.592997430649305,45.07611400372205,39.54582523053761,15.378060765740335,14.822004167186082,12.293198938614145,72.88479689419978,9.039333487032742,12.830292304875815,9.374795922607916,5.371345560196113,1.0,20.66902499062648,88.94566288436728,13.338954297497995,1.8356172732906004,4.376225353257281,105763.0,0.4404,63579.0,79.83104194443837,3.6565498925349433,86.66707545145171,80.43074451528692,3.9807462366250728,91.85702093478588,11.58598276972131,1.5814046889904108,15.46317176092344,5.222222222222221,20.11654647346447,44.1720065194579,30.099354752282924,9.075889169215657,19.48380182634129,5.322222222222221,5.828870581741855,0.5066483595196338,"Arlington County, VA",Virginia
154,1627,1.6925528191446069,2.233723980303859,test,30071,4167,50.059995200383966,49.940004799616034,87.20902327813774,0.0,100.0,88.93709327548807,11.062906724511931,0.0,17.730720606826804,81.25790139064475,1.0113780025284451,21.520845566647097,59.365825014679956,19.11332941867293,46.026936026936035,34.71380471380471,19.259259259259263,15.874177029992685,20.592193808882907,18.39674916882157,17.567240125999515,6.0,38.64406779661017,69.13716814159292,40.76327433628318,6.3053097345132745,10.232300884955754,36071.0,0.4441,22139.0,57.47269890795632,5.266015200868622,68.66301138760015,66.54676258992805,13.707296499367356,96.88249400479616,24.588781105018978,1.0791366906474822,2.1118310535157185,5.333333333333333,28.365730741540673,22.19822414206864,34.89320854331654,20.78233741300696,12.790976721862249,5.433333333333333,9.334563163121803,3.9012298297884707,"Phillips County, MT",Montana
155,2381,1.5846897427449065,1.5436734663893146,test,46053,4226,50.94652153336489,49.05347846663511,88.570752484619,0.1183151916706105,100.0,65.3250773993808,34.6749226006192,0.0,22.921208346309555,74.77421364061041,2.3045780130800373,21.490972626674427,54.48456610366919,24.024461269656378,51.87396351575457,30.945273631840802,17.180762852404644,18.419161676646702,36.35077793493635,18.969988884772143,16.61877394636015,6.0,32.739010144482016,69.34010152284263,40.50761421319797,7.258883248730965,14.314720812182742,37540.0,0.4631,24035.0,62.80012472715935,2.1350546176762664,70.97353073126963,67.17791411042946,16.599371915657247,98.26175869120657,16.73396141767609,0.0,0.8045433033601515,4.777777777777779,28.23000473260767,18.9540937056318,33.885470894462856,24.23095125414104,11.310932323710364,4.877777777777779,4.681756997961311,-0.19602077981646815,"Gregory County, SD",South Dakota
156,1133,2.465270675271141,2.3544035078393177,test,22053,31434,49.46872812877776,50.53127187122224,79.74804351975567,17.147038238849653,97.51759911078176,53.94590589107077,43.57169321971101,2.482400889218229,14.138445341287945,83.55413230391298,2.3074223547990877,28.61416558861578,44.04107373868047,27.344760672703746,62.34935385508929,23.677459948695606,13.97318619621509,21.05640457492913,35.61596696490021,23.850122183002988,19.60600071282765,6.0,27.22355769230769,73.97871610024029,33.51355990387916,8.110195674562307,18.51184346035016,39063.0,0.4889,22260.0,60.744092067117634,9.002820160532215,63.553543178222675,63.72040586245772,18.253232229556488,98.69222096956032,22.120997217827725,0.5862457722660654,2.093274797989438,11.666666666666664,32.88477444804988,26.23910415473691,32.929312209709224,15.072851052999935,3.1049182413946683,11.766666666666662,10.531844824816906,-1.2348218418497563,"Jefferson Davis Parish, LA",Louisiana
157,586,2.2204104848050292,2.2033030042006843,test,16083,80004,49.45752712364382,50.54247287635618,92.911604419779,0.5074746262686866,99.3490054249548,75.19891500904157,24.1500904159132,0.6509945750452081,12.327001835898885,82.45657393023585,5.216424233865274,24.05323752755777,53.52167877847637,22.42508369396587,43.451415000989506,38.87789432020582,17.67069067880467,15.789741372733516,25.204367461270234,16.43377449471632,12.582840087013713,5.0,28.288973384030427,80.29431023193301,30.95082193197091,5.4554226832546435,14.346762242823171,44048.0,0.4345,21553.0,66.50394226210335,5.505386565272497,66.67398077851406,69.37483513584806,11.425374116820992,98.51402444385826,24.9659893799096,0.2989536621823617,14.891755412229388,9.111111111111107,34.423278836058195,28.75356232188391,28.991050447477626,14.58927053647318,6.580920953952303,9.211111111111105,9.054872441893826,-0.15623866921727902,"Twin Falls County, ID",Idaho
158,317,2.743703304335216,2.1945265102439437,test,12007,27223,55.651471182456035,44.34852881754399,77.59247694963818,20.045549718987626,98.9247311827957,59.733036707452726,39.19169447534298,1.0752688172043012,14.201311724212694,82.06406851319855,3.7346197625887583,30.078899810464144,36.576012694494636,33.34508749504121,60.47489614852044,28.6527514231499,10.87235242832966,20.555882105970273,32.965378825890625,23.982324584895554,19.788311090658077,6.0,33.583936921243236,65.32497149372863,45.758266818700115,6.8529076396807325,19.86316989737742,41606.0,0.4622,19739.0,56.6157004700416,12.148105735280087,59.10024796315976,62.585343650432435,20.19837052780729,97.83796085571234,24.54835281615303,0.0,3.783565367520112,15.444444444444445,25.566616464019393,30.371377144326487,32.773757484480036,17.01869742497153,2.3619733313742057,15.544444444444444,8.975750124775399,-6.568694319669046,"Bradford County, FL",Florida
159,312,2.47466924069478,2.517185473371085,test,10005,207302,48.616028788916644,51.383971211083356,81.45121610018234,12.663167745607856,98.6890288560129,59.87012352912456,38.818905326888334,1.31097114398711,13.104820198928845,81.81606732976282,5.07911247130834,26.44651523302156,48.585443166108476,24.96804160086996,49.79577562372565,27.00842631756066,23.195798058713684,12.632250153280197,27.582811954139803,11.640547212788306,14.240099360902073,3.0,35.43983822042467,70.12675067440227,43.72467142135669,4.456598056243301,14.5695527388739,53751.0,0.4336,28558.0,59.1163700849997,7.768456549398488,66.18727313389186,72.81265865628703,22.807032634313327,97.91419867997969,15.327977429510227,0.4886613640209849,9.185632555402263,11.777777777777779,24.80101494438066,22.502918447482426,34.425620592179534,23.304647326123238,5.885616154209799,11.877777777777776,12.393665228094822,0.5158874503170452,"Sussex County, DE",Delaware
160,3073,2.158201375540483,2.1282697102552586,test,55067,19551,50.094624315891764,49.90537568410823,96.18945322489898,0.7774538386783284,98.49489795918369,65.33163265306122,33.16326530612245,1.5051020408163265,17.7924110053462,78.69996088147086,3.5076281131829443,24.11369193154034,53.06845965770172,22.817848410757946,53.30633335660917,31.771524334892806,14.92214230849801,15.976423951596074,27.02070808283233,17.186427754479602,17.347837347837352,6.0,32.936202920830134,70.51532193274419,43.33754160449902,5.245036152875014,17.800987030873404,41775.0,0.4314,23857.0,60.61788617886179,8.004291845493562,66.89465269141944,61.20961865435998,22.7660330431693,98.66407578333738,14.16770296677918,0.21860578090842847,1.90783080149353,8.555555555555555,26.060048079382128,21.06797606260549,37.174569075750604,21.620377474297985,3.033092936422689,8.655555555555555,8.400319243076604,-0.2552363124789512,"Langlade County, WI",Wisconsin
161,163,2.1709566505156093,2.4571583467409868,test,5109,11087,48.88608279967529,51.11391720032471,89.2847479029494,3.138811220348156,100.0,64.76923076923077,35.230769230769226,0.0,14.627370455369007,83.68160405846116,1.691025486169827,18.684386866205053,53.90886754523118,27.406745588563773,54.059689821451855,31.35670533037925,14.583604848168905,20.185423168716728,43.437671609006046,20.482979342449813,27.062374245472835,6.0,32.255399504307796,69.39150401836969,41.35476463834672,8.266360505166476,14.695752009184847,33097.0,0.4456,19294.0,56.88701923076921,6.401859285865202,55.00862204107226,53.47758887171561,22.90327637560746,97.9392065945389,26.25803417463553,0.7727975270479135,6.548209614864256,8.666666666666666,29.95400018039145,24.10931721836384,33.98574907549382,18.327771263642106,7.576440876702446,8.766666666666667,11.671597737527225,2.904931070860558,"Pike County, AR",Arkansas
162,1289,2.6302888397953126,2.6180871640603742,test,26129,21222,49.91518235793045,50.08481764206954,96.80049005748751,0.31099802092168505,98.12392001974821,56.6279930881264,41.49592693162183,1.8760799802517896,16.672589433783465,80.56147832267236,2.7659322435441838,21.543765988210435,52.28561895228562,26.17061505950395,55.875421947646636,32.45653143111903,11.668046621234314,21.75810473815461,58.9041095890411,22.229451312079807,23.14814814814815,6.0,38.80214402237241,59.34916260334958,47.79520881916473,8.638965444138224,25.588297646809412,36063.0,0.4338,20972.0,50.63014022838885,11.86163375014608,58.530292942742996,77.89150460593655,30.625832223701728,98.71033776867964,16.76930758988016,0.1637666325486182,1.823579304495335,13.777777777777779,24.860993308830462,20.422203373857318,36.64122137404581,23.847893695221938,2.8885119215908013,13.877777777777778,13.709474512436039,-0.16830326534173956,"Ogemaw County, MI",Michigan
163,2953,2.943854012785326,2.6022829796597824,test,53015,102338,49.341398112138215,50.658601887861785,90.71312708866695,0.6195157224100529,99.65992106809976,65.35393399949618,34.30598706860358,0.3400789319002435,14.279985511745837,80.05795301666149,5.662061471592674,26.009104336666752,48.93944163296932,25.05145403036393,43.09541119616816,40.868722291123184,16.035866512708658,17.462316541055134,31.914893617021278,18.25683735261368,20.140136188690413,4.0,38.11316901318561,68.58134446596081,38.714382717601794,7.773558333123757,23.506777657621413,47452.0,0.4320000000000001,24260.0,57.82052937378954,10.271984279397973,65.43739707570238,70.05134714129117,23.510820566561872,98.00957710725208,16.333150356804232,0.2192349852881786,8.301901541949228,18.88888888888889,29.702554280912274,25.05325490042799,34.21700639058805,17.3591432312533,8.667357188922981,18.988888888888894,13.4945105882713,-5.494378300617594,"Cowlitz County, WA",Washington
164,511,1.62924053973028,1.6550644824835292,test,13265,1721,48.16966879721093,51.83033120278907,40.034863451481705,58.86112725159792,95.06172839506172,50.205761316872426,44.855967078189295,4.938271604938271,16.950306330837304,75.49353301565691,7.556160653505787,37.72965879265092,37.33595800524935,24.93438320209974,74.94270435446906,15.126050420168069,9.931245225362874,29.988262910798124,111.11111111111113,36.03686635944701,26.031377106333533,6.0,21.544715447154474,54.5968882602546,44.13012729844414,10.325318246110324,20.65063649222065,26306.0,0.4096,14805.0,44.24119241192412,12.098009188361411,50.89201877934272,56.20437956204379,24.131455399061032,99.02676399026764,31.455399061032864,0.0,2.2080185938407904,5.0,19.291109819872172,27.07728065078443,34.80534572922719,23.881464264962233,1.104009296920395,5.1,5.23341737504774,0.1334173750477401,"Taliaferro County, GA",Georgia
165,2124,1.7711787615280343,1.9516347731996178,test,39175,22467,49.28561890773134,50.71438109226866,98.63355143098768,0.19139181911247607,97.23788049605413,70.57497181510709,26.662908680947012,2.762119503945885,14.239098190447939,83.19786413527143,2.5630376742806287,23.35451782260293,54.35755733628075,22.28792484111633,58.136975660279646,27.73821853961677,14.124805800103571,11.777757652599167,16.346153846153847,12.457531143827861,12.989235688870876,6.0,27.15660542432196,77.79564704620992,33.976626996890744,2.8304921196526216,10.12115363996998,47555.0,0.4095,24246.0,68.71038445589717,6.0436244503836525,78.8532909187306,73.35508428493745,10.73240930091646,97.79771615008156,12.800121184579265,0.0,2.519250456224685,5.777777777777778,30.17759380424623,24.386878532959447,34.58850758890817,17.33653803356033,1.1750567498998532,5.877777777777778,7.040187287820054,1.1624095100422762,"Wyandot County, OH",Ohio
166,2710,2.538096293116917,1.5939063777530331,test,48389,14179,56.449679102898656,43.550320897101344,82.97482191974046,3.907186684533465,99.424736337488,68.20070310003196,31.22403323745605,0.5752636625119847,14.002914743745446,81.83143065338841,4.165654602866164,34.95598135680994,33.393751078888315,31.65026756430175,66.00778046472506,23.20471033540112,10.787509199873831,16.813060065655222,32.40174672489083,16.27152130962461,13.60436466033087,5.0,16.296363471479097,73.33153928955866,36.22174381054898,7.777179763186222,16.38858988159311,43540.0,0.4787,17893.0,61.00583090379009,6.391875746714456,60.840570719602965,36.93946188340807,15.462158808933001,99.10313901345293,26.42679900744417,0.0,74.60328655053246,12.555555555555555,28.908949855419987,33.662458565484165,30.989491501516326,13.167360180548695,13.117991395726072,12.655555555555553,4.922942287895902,-7.7326132676596515,"Reeves County, TX",Texas
167,981,0.36000273403140703,1.5700232753592533,test,20199,1595,49.46708463949843,50.53291536050157,99.49843260188088,0.0,100.0,94.88372093023256,5.116279069767441,0.0,18.57018308631212,78.63993025283348,2.7898866608544037,20.0,57.751004016064265,22.248995983935746,41.3953488372093,33.395348837209305,25.209302325581394,8.232291001914486,8.24742268041237,9.23809523809524,14.394419784400759,6.0,26.5236051502146,73.92,34.239999999999995,4.0,8.959999999999997,47279.0,0.4745,28265.0,68.17785527462948,5.498721227621484,81.88235294117648,67.003367003367,6.117647058823531,96.63299663299664,14.235294117647062,0.0,3.0094043887147337,1.3333333333333333,33.667711598746074,21.31661442006269,32.037617554858926,19.686520376175547,0.5015673981191223,1.4333333333333333,4.806760071540685,3.3734267382073515,"Wallace County, KS",Kansas
168,560,1.895451927785184,2.1339839948094648,test,16031,23369,50.77666994736617,49.22333005263383,92.3146048183491,0.18828362360391973,98.7537714810442,77.3579955398137,21.39577594123049,1.2462285189557916,11.377010592389171,84.86334510265463,3.7596443049561916,23.49632962349041,57.60715131423161,18.896519062278003,47.01098901098903,35.201465201465204,17.78754578754579,15.957446808510639,26.907426246185146,15.474847732912247,11.888811553854186,5.0,23.141441097979413,78.99637868598033,30.457837558199692,4.940506983962752,13.334195550957062,45695.0,0.402,18227.0,65.76154196783226,5.1688285968907834,63.69989557394168,66.43741403026135,10.844244517631939,97.18019257221458,28.853723190617718,0.8940852819807428,26.22705293337327,6.5555555555555545,40.284137104711384,26.83469553682229,27.46801317985365,13.042920107835164,7.497111558046986,6.655555555555554,8.448458467199185,1.7929029116436306,"Cassia County, ID",Idaho
169,646,2.049841071903545,2.3400160256259355,test,17115,109193,47.92981235060856,52.07018764939144,78.62225600542159,14.73354519062577,98.55427591276647,57.048925916850436,41.505349995916035,1.4457240872335213,18.42822102525545,77.75326324093133,3.818515733813216,30.10382181384141,45.67146363984416,24.22471454631444,45.56768089452747,31.500645091925602,22.931674013546928,18.383195537498466,39.69957081545064,18.22797296121152,14.371610800483268,4.0,31.13502009931426,72.68173216074808,33.113659133919626,6.728264499610376,15.758655237671151,47176.0,0.4702,26895.0,65.05791271162751,9.910515795176446,69.36950944569696,72.25005566688934,20.220788307548784,98.05722556223559,13.466531913239525,0.06680026720106881,2.0578242195012497,7.666666666666668,28.924015275704487,26.8295586713434,33.36569193995952,17.346350040753528,6.6441988039526345,7.766666666666667,10.381402929878812,2.614736263212145,"Macon County, IL",Illinois
170,1273,2.1054882506179364,2.4283920266075922,test,26097,11044,50.606664252082574,49.39333574791743,75.31691416153569,1.7113364722926474,99.78343259339468,65.18678938819707,34.59664320519762,0.2165674066053059,18.713581353653073,77.98072613177948,3.3056925145674585,22.5,52.60504201680673,24.894957983193283,48.109843081312405,33.54731336186401,18.342843556823585,15.924153166421206,34.294161123429426,16.27040226192006,19.124931205283435,6.0,35.29411764705883,65.77078133998849,45.11422537915147,5.240929161067384,14.225379151468616,38434.0,0.4247,23889.0,55.890197821738155,12.706303440047725,62.84628779483933,75.00932487877655,19.93034668355232,98.20962327489742,21.909134082634164,0.18649757553151808,1.4487504527345163,8.11111111111111,23.324882289025716,19.4313654473017,38.60919956537486,24.646867077145963,22.97174936617167,8.211111111111109,11.340631976621895,3.129520865510786,"Mackinac County, MI",Michigan
171,562,2.2204104848050292,2.5095542506559747,test,16035,8560,55.327102803738306,44.672897196261694,94.04205607476636,0.1635514018691589,98.85321100917429,73.08868501529052,25.76452599388379,1.146788990825688,15.844155844155846,82.5,1.6558441558441557,21.722995361166333,52.856196156394965,25.420808482438694,47.577621118944045,35.47322633868307,16.94915254237288,13.112353567625133,20.255474452554747,14.048978088749768,25.804307365062485,6.0,48.89904445367678,63.48684210526315,47.45065789473684,7.620614035087719,12.308114035087721,38837.0,0.3989,20079.0,49.604136370980775,6.579804560260588,64.15185007208072,65.91021213616182,20.086496876501684,98.22397631968424,22.609322441134072,0.1480019733596448,3.6214953271028034,9.111111111111107,20.689252336448604,21.682242990654203,38.469626168224295,24.264018691588788,5.794392523364487,9.211111111111105,12.299446368274568,3.088335257163463,"Clearwater County, ID",Idaho
172,1535,2.376454941560501,2.239434994725401,test,29117,15042,45.12032974338519,54.87967025661481,94.4289323228294,2.606036431325621,99.62732919254658,70.34161490683229,29.28571428571429,0.3726708074534161,15.174724748683579,82.22115844901867,2.6041168022977503,22.21146085552865,49.20096852300242,28.58757062146893,56.29567172568859,23.674348885141463,20.029979389169945,16.556194915871515,29.820261437908496,17.129218472468914,14.47980238302819,6.0,26.69545339090678,72.8801681850035,36.14225648213034,5.343377715487035,13.82270497547302,43350.0,0.4563,22557.0,64.58926199962056,4.259068879424292,71.39956858266717,67.15520481022172,13.09478492577084,97.63246899661782,18.766653977921575,1.2025554302893648,1.542348092009041,10.666666666666666,27.037627975003325,26.485839648982854,32.834729424278684,19.259406993750826,2.9650312458449672,10.766666666666664,9.388025504758069,-1.378641161908595,"Livingston County, MO",Missouri
173,2232,2.232401036136941,2.2172428465241865,test,41061,25745,49.19013400660322,50.80986599339678,92.58885220431152,0.6875121382792776,98.69855786141399,73.40837143862117,25.290186422792825,1.3014421385860009,14.555382215288613,77.13988559542379,8.304732189287572,27.79392841824334,50.28832864699994,21.917742934756703,41.102141102141104,35.737685737685744,23.16017316017316,18.56919937582523,29.782252399906344,20.95018966482184,17.276191224417644,5.0,31.03499925108593,72.42843040473839,38.341559723593285,5.113524185587363,22.27048371174729,43822.0,0.4711,23764.0,59.35350060704168,6.878036307849655,67.29234793982995,61.991960696739596,21.615434924787444,98.4368021438142,16.15434924787443,0.5136221527467619,4.389201786754709,9.222222222222221,29.182365507865605,27.88891046805205,31.94018255972034,18.019032821907164,6.723635657409207,9.32222222222222,9.181979806023493,-0.1402424161987259,"Union County, OR",Oregon
174,2845,2.4169053500233435,2.263964167775632,test,51067,56315,49.029565835035065,50.970434164964935,89.09704341649649,8.450679215129183,99.3179574620838,72.87086062999192,26.44709683209189,0.6820425379161806,13.341128459087054,84.85452919733132,1.8043423435816308,22.85556874046448,57.33387014748261,19.81056111205289,47.99307530604674,31.470260912575736,20.53666378137752,14.856066425253301,32.56825320125634,14.178227133787914,15.187725502804275,3.0,27.985471296952515,71.49079304842813,40.648583380050894,5.3085514683686235,12.704299452326536,46870.0,0.4377,25219.0,58.41604032383968,5.726939523518633,71.55366228848658,66.35547901749298,13.010294639687615,98.28695730988848,18.70192876582653,0.0,2.6582615644144543,11.111111111111107,26.202610316967057,24.011364645298762,36.221255438160355,19.969812660925157,2.4522773683743235,11.211111111111107,9.62115353695787,-1.589957574153237,"Franklin County, VA",Virginia
175,66,1.9756230463738251,2.706940910621717,test,1133,24130,49.2167426440116,50.7832573559884,96.1748860339826,0.5055946953999171,96.7697729052467,66.11198120595145,30.657791699295224,3.230227094753328,14.994640943193998,81.64523043944266,3.360128617363344,20.81620375012534,50.9174771884087,28.26631906146596,59.32409715378819,29.285258825575326,11.390644020636485,21.88136456211813,59.33596318211704,21.81013728934869,25.78370892609845,6.0,24.603091157606983,64.35254093132043,50.138209653412716,8.866680842015736,18.3499893684882,33194.0,0.4552,18808.0,52.03781849260189,9.484705399301992,62.18416619876474,65.10172143974961,21.883773161145424,97.78672032193157,21.55390230207749,0.0,2.7641939494405308,7.1111111111111125,26.924989639452964,23.008702859510983,36.37795275590551,19.44467467882305,3.3195192706174894,7.211111111111112,14.9833698683213,7.772258757210189,"Winston County, AL",Alabama
176,842,1.166617017782167,0.9820688504819037,test,19119,11723,50.76345645312632,49.23654354687368,97.33003497398278,0.059711677898148935,99.66575508963841,85.59708295350956,14.068672136128836,0.3342449103615922,13.573675296394873,84.21243648681344,2.2138882167916765,20.686954575967786,64.13067800402774,15.182367420004475,46.64301668637498,32.584417290763376,20.772566022861646,7.2974376731301955,10.231465951023146,6.961697722567288,10.672552583744483,6.0,25.00593683210639,81.45017793594306,30.516014234875442,2.468861209964413,7.562277580071175,57130.0,0.41,26777.0,72.34532025668967,2.192468619246862,82.86560648581228,69.86449864498645,9.198628001247274,99.24119241192413,12.098534455877767,0.0,2.456709033523842,3.111111111111111,34.55600102362876,23.47521965367227,31.613068327219995,16.813102448178796,2.610253348119082,3.2111111111111112,2.6699743095698167,-0.5411368015412945,"Lyon County, IA",Iowa
177,228,3.075262029177296,2.905782683075026,test,6089,178942,49.09467872271463,50.905321277285395,86.7605145801433,0.9992064467816388,99.10928665479048,64.33532130224873,34.77396535254176,0.8907133452095113,14.252382445369635,77.92400965373426,7.823607900896107,27.347252552877393,46.552510017620115,26.10023742950249,36.555837808289645,43.83420688768128,19.60995530402907,17.984583184440247,30.665337823905425,19.727090115675004,18.114289254197008,4.0,36.157001171863826,67.06306306306307,39.76360360360361,8.836036036036036,11.054414414414413,44620.0,0.4506,24107.0,55.096732355802146,10.073758271650146,57.349843680636226,60.910913952357795,27.226960603742214,97.93084589207584,19.838863544057503,0.5864122508507535,9.156039387063963,21.555555555555557,28.023046573750147,26.10063596025528,33.40803165271429,18.71835566831711,12.240278973075075,21.655555555555562,18.279545145315215,-3.3760104102403474,"Shasta County, CA",California
178,545,2.4169053500233435,2.411860846211561,test,16001,417501,50.03077836939313,49.96922163060688,91.40241580259688,1.1355661423565453,99.58702678183296,74.63664026914134,24.9503865126916,0.4129732181670415,13.676953791808232,79.21239849097313,7.110647717218628,28.97957818022545,51.32982121022248,19.690600609552085,27.181582284939577,35.75994577022319,37.05847194483725,12.34875818653951,15.829807969168751,13.502934691931827,9.985734318078533,3.0,28.896934588462468,80.8145670943377,24.917030123469356,3.53241865137393,10.725684422008317,56356.0,0.4515,28851.0,69.0963435354663,6.23374285159267,78.82480083023168,66.3729779224743,9.566781369726195,96.84810255366772,15.24653354869418,0.7549089429240003,7.6239338348890175,11.111111111111107,32.00183951655206,30.283520278993343,32.30962321048332,11.989911401409815,7.462018055046577,11.211111111111107,11.154699023498857,-0.056412087612249806,"Ada County, ID",Idaho
179,2289,2.6302888397953126,2.3316701996175633,test,42103,56632,49.88169232942506,50.11830767057494,89.42117530724678,5.871238875547394,98.52852594441099,70.10584287066519,28.422683073745798,1.4714740555890198,11.163762127200863,85.59558030901906,3.240657563780094,27.077162244490665,52.828722085670464,20.094115669838867,44.85450323600614,31.406551059730248,23.73894570426362,9.899608095774953,17.124494661552813,9.53270109576925,15.925504286883204,2.0,33.11181739381681,71.92466435789173,42.222116798709614,3.3682812277622283,9.70634280563594,60180.0,0.4041,28533.0,60.47179119203516,10.68303174132305,74.53666398066076,74.32590855803048,15.095353209777064,97.45693930922536,14.27164473095174,0.775543331229146,9.856618166407683,13.777777777777779,27.68222912840797,21.048170645571407,38.670716202853505,19.759146772142962,4.70758581720582,13.877777777777778,10.295122090547702,-3.5826556872300763,"Pike County, PA",Pennsylvania
180,2792,2.832559535598797,2.4629873644618394,test,49045,60893,50.477066329463156,49.52293367053685,91.74946217134978,0.6059809830358169,99.33402607217079,82.98696391460419,16.347062157566594,0.6659739278292084,8.198681900302807,89.73001857553629,2.07129952416092,25.69994656009666,57.64074444108832,16.65930899881503,39.70461219554328,37.91673864225255,22.37864916220418,7.198314476259996,7.2929985168516325,8.005826416753695,10.250550615198637,2.0,29.19682170150311,85.41677848746713,21.378347914765712,3.6713005206376472,10.45032472760453,63552.0,0.36,22643.0,70.30528705144226,6.007400420808243,81.43210595255421,77.60609806345282,8.726531800320188,95.22043675319323,13.238247707757242,0.020601565718994644,11.835514755390605,16.88888888888889,43.091981015880314,29.955824150559177,27.08685727423514,8.079746440477559,7.644556845614438,16.988888888888887,11.739830358952231,-5.249058529936656,"Tooele County, UT",Utah
181,1331,1.4891517465595983,1.6911438296045607,test,27047,30897,49.53231705343561,50.467682946564395,95.12574036314207,1.1295595041589799,99.46555819477436,63.43527315914488,36.030285035629454,0.5344418052256532,16.8090078606331,80.94327597195667,2.2477161674102404,26.13097121164189,51.22983233154065,22.639196456817466,47.72344013490724,36.20163164851192,16.07492821658083,12.11313051494798,21.392221010541626,11.806899155301778,13.761709120788824,5.0,33.244956294792665,74.24767182328947,37.58947125375202,4.1252982375125065,10.621103671207573,47105.0,0.431,26494.0,66.36413525264891,4.66891419120921,72.11857617031019,71.61705551086081,18.913814810575712,97.87610619469028,12.115142497424744,0.032180209171359615,9.288927727611094,4.333333333333333,27.32304107194873,22.80480305531281,34.20720458296922,21.12826488008545,3.7447001326989673,4.433333333333333,5.425683214233596,0.9923498809002629,"Freeborn County, MN",Minnesota
182,87,1.437726534752161,2.606947066815648,test,2232,3127,52.95810681164055,47.04189318835945,59.194115765909814,1.5030380556443876,99.81308411214953,60.18691588785047,39.626168224299064,0.1869158878504673,18.40542832909245,76.33587786259542,5.258693808312128,27.74241856982404,43.31710969674279,28.94047173343317,37.889488990444534,32.447029497299546,29.66348151225592,9.475032010243279,27.57793764988009,7.507258399004563,13.284250960307295,6.0,32.329084588644264,86.82588597842835,24.96147919876733,3.1587057010785826,14.175654853620957,60868.5,0.36725,34819.5,75.78215527230591,10.856269113149846,56.13399728383885,55.52631578947368,12.132186509732911,95.0,35.129017655047534,0.7894736842105263,2.9421170450911416,4.111111111111111,20.946594179724976,25.231851614966427,45.50687559961626,12.152222577550368,39.3028461784458,4.21111111111111,13.55759716807014,9.34648605695903,"Skagway-Hoonah-Angoon Census Area, AK",Alaska
183,339,3.0597498256774345,2.8151482187556587,test,12053,174809,48.039860647907155,51.96013935209286,89.94216544914734,5.380157772197085,98.32851463679071,60.78484519937357,37.54366943741718,1.671485363209252,13.989808131992572,82.41006859084166,3.6001232771657716,22.174403599683814,49.58686061359475,28.238735786721435,50.45445068225519,33.9011714557094,15.644377862035416,15.927458064966574,34.8221044663134,15.817594433399599,19.27659992715121,2.0,42.9992927864215,56.923863055697495,51.946005791176965,5.855050246976664,16.0506444103787,40945.0,0.4211,21586.0,47.938852627962895,13.27182610772722,58.29100398414931,57.963054345727215,22.832075086717,98.09049754339293,23.618166002641786,0.4441202342895149,11.33408462950992,21.222222222222214,24.77046376330738,20.92283578076644,32.97198656819729,27.04323003964327,4.6776767786555595,21.322222222222216,16.69565020544704,-4.6265720167751745,"Hernando County, FL",Florida
184,204,2.312535423847214,2.3166824763146803,test,6041,258349,48.94928952695772,51.05071047304228,79.31828650391525,2.548103534366303,99.72188587861359,76.0670500983805,23.65483578023309,0.27811412138640834,16.272521952257005,76.55640742578771,7.1710706219552955,28.130476435264157,49.26373343925976,22.605790125476087,18.959610911397764,25.265912455064488,55.77447663353775,8.333995897403279,11.44255319148936,8.489846609726339,9.084121158488166,2.0,20.740975609756106,78.71611845278288,32.51085174110157,3.261309925725861,4.059998070801582,93257.0,0.5263,60236.0,67.93278050194691,5.6339997203970364,80.69552781258406,71.48435859752256,10.687458587820062,95.35376863321436,11.271985357309207,0.21415074532857445,15.821621140395354,10.0,25.946684523648248,21.42218471912026,39.213621883576096,18.794344084939357,18.13360996171845,10.1,10.141972200226373,0.0419722002263736,"Marin County, CA",California
185,1849,1.67189092708065,2.262883155530041,test,36055,749356,48.31094966878225,51.68905033121775,75.95762227832967,15.347445006111915,99.5419450952272,58.75960462629273,40.78234046893448,0.4580549047727961,17.053246845819377,77.32981680804049,5.616936346140138,37.32758005153936,42.1089272152515,20.563492733209134,34.83443419790188,28.96172480235979,36.203840999738325,15.195354462201225,29.947422228713304,14.903066920735116,12.640517186786301,1.0,20.623433744182478,75.25186480030958,31.49777825222508,6.1311565097877,15.413792183184107,52553.0,0.4633,29424.0,66.62263828848015,7.431851828845337,75.92773572066066,71.98565831300363,19.281851464767765,97.94115472758189,8.488848091954218,0.2273231315147483,7.945489193387388,5.222222222222221,28.924436449431237,29.871783237873586,33.40735244663418,15.025702069510356,8.694932715558425,5.322222222222221,9.610758571722345,4.288536349500124,"Monroe County, NY",New York
186,960,1.561647248597752,1.5728059591352015,test,20157,4806,49.001248439450684,50.998751560549316,97.6695796920516,0.14565126924677485,97.8494623655914,72.47311827956989,25.376344086021515,2.1505376344086025,23.488865323435842,73.93955461293744,2.5715800636267234,19.613191172824198,54.84750805851725,25.53930076865857,42.306626004990285,37.70446354311062,19.988910451899084,12.750106428267346,26.51098901098901,12.043903886087215,15.16567544604928,6.0,39.42680092951201,74.28571428571429,40.87912087912088,3.120879120879121,8.747252747252746,40449.0,0.4225,25317.0,66.39300847457628,3.669724770642202,81.9244253992988,67.4937965260546,8.336579664978574,99.58643507030605,12.855473315153874,0.2481389578163772,1.4148980441115273,4.666666666666667,23.80357885975863,18.539325842696627,34.893882646691644,27.174365376612567,2.184769038701623,4.766666666666667,4.820154392243039,0.053487725576372824,"Republic County, KS",Kansas
187,2041,2.6059764591510066,2.1895131254176556,test,39009,64974,49.992304614153355,50.00769538584665,91.04257087450362,2.328623757195186,99.56455696202532,61.903797468354426,37.660759493670895,0.4354430379746836,16.155499978061517,66.78513448290992,17.059365539028562,49.398227281538,33.019084036723115,17.582688681738883,42.51222753102825,28.33960023748268,29.14817223148907,32.9936950120138,50.529925187032426,48.96981156679925,15.279311793164599,5.0,19.55264593562466,72.63185982389042,24.926621008627592,6.9287556701947866,20.995285955705768,33872.0,0.509,17868.0,54.85818409379543,10.494883408824023,74.59815213264145,66.46931407942238,18.134835252921565,97.15523465703971,10.036704214656373,0.08664259927797834,1.8161110598085388,13.444444444444445,28.437528857696925,47.591344229999685,26.04734201372857,11.00747991504294,6.628805368301167,13.544444444444446,8.930863845405622,-4.613580599038825,"Athens County, OH",Ohio
188,2574,1.7520942128356236,1.5175574650294326,test,48117,19245,49.31670563782801,50.68329436217199,87.8721745908028,1.002857885164978,100.0,67.22550953320184,32.77449046679816,0.0,11.8984375,84.2734375,3.828125,29.524758110415483,49.928856004553225,20.546385885031306,58.68477483917085,26.474267333809863,14.8409578270193,20.837723919915703,40.47009541540611,20.65622669649516,10.415573512435722,5.0,15.483723412365633,82.62835001614465,25.36325476267355,5.279302550855667,15.999354213755248,43373.0,0.4263,18846.0,67.8772892357623,4.587887067395264,58.681196896933876,51.44344533838143,10.731437015145918,94.13156649313773,32.415958625784995,3.0288689067676287,69.83632112236945,5.666666666666668,38.91400363730839,29.592101844634968,27.051182125227328,11.530267601974538,11.124967524032217,5.766666666666667,4.561071003007364,-1.2055956636593024,"Deaf Smith County, TX",Texas
189,752,2.049841071903545,2.201027873355814,test,18123,19414,53.60564541052848,46.39435458947151,94.83362521891421,3.04934583290409,98.69746866551979,72.25362496927991,26.443843696239856,1.3025313344802163,14.107761480061916,83.36404510945677,2.528193410481315,24.90462192757521,51.27275001563575,23.82262805678905,65.4536135315223,23.09438383246687,11.452002636010835,13.001256711984462,19.773492500765226,13.625344813173951,14.688402105620648,6.0,26.303780964797912,73.59241966492722,35.92419664927217,5.177149134853061,10.601483109035977,47470.0,0.3959,20964.0,64.12859560067682,5.299988528163358,75.43959160521837,66.20232172470979,12.629986764983927,99.7346600331675,14.870485914161465,0.0,1.2413722056248069,7.666666666666668,26.24909858864737,27.50077263830225,35.15504275265273,16.35932831976924,2.1170289481817246,7.766666666666667,9.034294839549995,1.2676281728833283,"Perry County, IN",Indiana
190,2040,2.366081404553173,2.4516058255740516,test,39007,99777,50.1738877697265,49.8261122302735,93.25596079256742,3.4065967106647825,97.93814432989693,61.212441624812755,36.725702705084146,2.061855670103093,15.426558973103804,81.45277528487122,3.1206657420249653,27.86287740727971,46.053538885878936,26.08358370684136,59.407001839539966,27.281681368501854,13.31131679195817,20.055379746835442,42.10898342115409,20.760663661898228,15.630594736678706,5.0,33.89114815440383,69.6065826690666,36.603239907431224,7.726922087940345,20.493700179994853,40544.0,0.4245,20378.0,59.0354272104793,8.334479438866731,63.51793776062307,63.12405446293494,22.276596477926734,97.78744326777607,17.505255539855945,0.19541099344427634,3.763392364973892,10.555555555555557,29.16303356484961,24.92558405243693,35.463082674363825,16.819507501728857,3.3374424967677925,10.655555555555555,11.606970532041485,0.9514149764859301,"Ashtabula County, OH",Ohio
191,2825,1.296248080435107,1.326507026381566,test,51025,16930,52.46308328411104,47.53691671588896,41.90194920259894,55.782634376845856,99.17382683410445,45.37343027098479,53.800396563119634,0.8261731658955718,14.741204330175913,81.03010825439783,4.2286874154262515,38.89617109348049,35.88133839254916,25.222490513970328,59.76821192052979,27.11920529801325,13.112582781456952,22.240205003708947,56.55823714585521,23.06493506493507,18.02707676130389,6.0,23.292797006548177,71.11223799864774,43.54293441514537,9.719405003380665,24.18864097363083,36919.0,0.4669,18245.0,60.11655585652139,10.540688148552702,65.4331737048324,57.39565943238731,18.132346538963866,98.23038397328881,19.99346974314323,0.0,1.925575900767868,3.5555555555555562,24.589486119314827,27.95038393384525,35.93030124040165,18.20437093916125,2.3154164205552275,3.6555555555555563,3.7678593419323714,0.11230378637681504,"Brunswick County, VA",Virginia
192,653,1.789905900578732,1.9082444685972202,test,17129,12611,48.83038617080327,51.16961382919674,97.24843390690668,0.8960431369439378,97.70434782608696,69.70434782608696,28.000000000000004,2.2956521739130435,14.185730700929694,83.74595215710853,2.0683171419617667,21.294851794071764,56.581513260530436,22.12363494539781,44.822501984802095,32.040376545310195,23.13712146988772,11.339040542723307,23.255813953488367,10.047131854236119,12.570281124497994,4.0,33.66906474820144,76.43856920684294,33.94245723172628,4.8017107309486775,10.283825816485226,60486.0,0.4215,30578.0,67.9134886636715,5.184615384615385,79.97860104319916,79.17860553963706,16.022468904640903,97.37344794651385,8.171726628326871,0.04775549188156638,1.3004519863611133,5.8888888888888875,29.18880342558084,24.71651732614384,35.072555705336626,17.381650939655856,1.8555229561493936,5.988888888888888,6.741243939133068,0.75235505024418,"Menard County, IL",Illinois
193,2318,1.3552622518721622,1.8081280601901308,test,45017,14958,48.38213664928466,51.61786335071533,54.20510763471052,42.40540179168338,100.0,52.859450726979,47.140549273021,0.0,14.941840574751966,83.22784810126579,1.83031132398221,25.540638314977087,49.20813570222687,25.25122598279605,53.164084375583364,30.035467612469677,16.800448011946987,19.647218453188604,37.5804967801288,21.499482936918305,17.670845127375657,3.0,32.3824795341379,70.91904445919046,36.46317186463172,4.014598540145985,18.82879893828799,43531.0,0.4912,24900.0,60.15844620495785,8.595298782214671,62.83245427000337,58.91089108910891,19.066322522724718,98.47949080622348,23.07260689036023,0.8840169731258841,3.2357267014306723,3.7777777777777777,25.959352854659716,22.88407541115123,36.9167000935954,19.48121406605161,3.3894905736060985,3.877777777777778,6.099019741737526,2.2212419639597476,"Calhoun County, SC",South Carolina
194,1300,2.2442495159810822,2.3430687800452663,test,26151,42014,49.60965392488218,50.39034607511782,96.63683534060075,0.5712381587090019,98.89380530973452,72.76654024441636,26.12726506531817,1.1061946902654871,15.166410970913306,82.30689752340399,2.526691505682708,25.481287316149704,51.87126838502986,22.64744429882045,57.25531624863686,30.473009814612865,12.271673936750275,15.691841301157279,30.333472861727362,15.598765875008967,16.683445994534733,6.0,26.92378667650858,67.14373464373465,40.35012285012285,6.001228501228503,16.111793611793612,41100.0,0.4270000000000001,21374.0,58.628181253879575,10.592906299629432,65.6990569905699,70.43422733077905,20.06560065600656,98.56960408684546,18.47478474784748,0.4086845466155811,3.6297424667967824,9.333333333333334,29.387823106583518,22.373494549435897,36.018946065597184,19.00080925405817,2.7919265006902463,9.433333333333334,10.413143226567547,0.9798098932342132,"Sanilac County, MI",Michigan
195,564,1.86149280724273,1.9548984076974223,test,16039,26175,51.610315186246396,48.389684813753576,84.85195797516717,2.418338108882521,99.8705966930266,76.18979151689432,23.68080517613228,0.12940330697340044,12.676896383451714,82.68719839505502,4.635905221493251,23.25961110286477,57.43407055563803,19.306318341497207,42.24281150159744,41.15015974440895,16.60702875399361,16.117595506513165,28.987194412107105,16.047286675470033,13.889585947302384,5.0,80.68544873656694,78.98824731732243,28.308635666836995,5.436893203883495,13.306080735820133,43848.0,0.413,21326.0,63.579518640868336,8.396734087956949,72.13773314203729,71.14873837981408,16.492109038737446,98.90438247011951,20.27977044476327,0.3652058432934927,16.08022922636103,6.333333333333332,33.06590257879656,35.10983763132761,26.59025787965616,11.621776504297992,12.729703915950331,6.433333333333332,7.063201420354475,0.6298680870211433,"Elmore County, ID",Idaho
196,1205,2.502346284073356,1.8812557499319758,test,24039,25980,54.464973056197074,45.535026943802926,52.74441878367976,41.785989222478825,99.60159362549801,48.136864307475975,51.46472931802203,0.398406374501992,18.68789982305703,76.03783857356744,5.274261603375527,47.56582770798873,28.722785998480038,23.71138629353123,62.64860708582244,22.535044656059622,14.81634825811794,24.677104749855022,65.80594679186228,25.56256392771905,15.669005792869587,3.0,27.42286163667484,69.87477638640429,38.41383422778772,8.622540250447228,26.320810971973767,35154.0,0.4591,16631.0,51.41570903921336,8.237327188940093,59.85264265844672,65.87545378385926,27.591910382677987,98.04523876012287,16.397263363656865,0.1117006422786931,3.560431100846805,12.111111111111107,25.83910700538876,37.19399538106236,31.12009237875289,14.93841416474211,5.469591993841416,12.211111111111109,6.5617395947763715,-5.649371516334737,"Somerset County, MD",Maryland
197,1658,1.3261904370501851,1.5264632478958895,test,31021,6647,49.24025876335189,50.75974123664812,95.66721829396721,0.9778847600421242,99.66397849462365,83.26612903225806,16.397849462365592,0.3360215053763441,16.153998809287554,81.18674340146855,2.6592577892438976,19.35720844811754,59.81634527089072,20.826446280991735,48.51422550052687,34.478398314014754,17.007376185458373,9.49173300673607,11.236802413273002,10.270388137810727,15.889992360580594,6.0,28.784648187633266,72.54551945733667,41.485183862906105,4.891110317743664,7.782934666190647,47429.0,0.4093,24332.0,61.51868696855843,3.2144005143040824,74.32659932659934,66.6443402545211,12.317620650953984,98.7273945077026,15.151515151515152,0.0,2.753121709041673,3.6666666666666665,28.52414623138258,18.79043177373251,35.08349631412667,23.740033097638033,3.354896945990673,3.7666666666666666,4.601872325184151,0.8352056585174843,"Burt County, NE",Nebraska
198,365,3.027984317391179,3.1559133498478937,test,12103,931477,47.96038978954928,52.03961021045072,82.6421908431448,10.320491005145591,99.11425652083972,57.676756912622935,41.4374996082168,0.8857434791602675,20.110991380738607,74.10788722724338,5.7811213920180045,29.08861284471516,41.40029680855848,29.51109034672636,39.4702438469846,31.659893139316768,28.869863013698634,14.357681795476402,28.101430429128733,14.658282480039988,14.81168356274987,1.0,35.273174873988204,68.31589482755624,38.67846508035455,4.669777699408672,12.817984716368684,45819.0,0.486,30170.0,60.2658841232427,8.217820701696951,65.86540274149678,53.46229724344562,15.052558820097131,96.22308263759405,22.410793633695093,0.9977319800650396,8.7035965461305,20.555555555555557,22.212357363627877,23.811645376106977,36.50761103065345,22.488263263612517,7.037318151709597,20.65555555555556,23.474467704624974,2.8189121490694156,"Pinellas County, FL",Florida
199,2991,2.3555991282796627,2.8276055273418406,test,54013,7557,50.059547439460104,49.940452560539896,98.2532751091703,0.09262935027127167,100.0,74.17840375586854,25.821596244131456,0.0,13.933476749958633,81.83021677974516,4.236306470296212,21.794061907770057,52.87428932406822,25.331648768161717,71.94876486733759,17.639524245196707,10.41171088746569,17.670790747713824,26.17753623188406,20.426464726982864,22.192726307406424,6.0,31.651829871414442,58.28478964401295,46.66666666666666,11.585760517799349,20.67961165048544,35568.0,0.431,19635.0,50.10756246897237,18.295904887714666,50.241970963484384,59.18503674014696,25.95688517377915,100.0,27.45270567531896,0.0,1.045388381632923,10.444444444444443,24.44091570729125,21.64880243482864,38.533809712849006,20.087336244541486,1.6540955405584228,10.544444444444443,16.904933921560705,6.360489477116262,"Calhoun County, WV",West Virginia
200,281,2.2789752273549118,2.6691791529604796,test,8083,25700,49.52918287937743,50.47081712062257,83.01945525291828,0.3696498054474708,99.12265611560295,63.46120763805264,35.66144847755032,0.8773438843970409,16.053784251808086,79.38779667922991,4.558419068962005,24.752380036541968,49.60092316568901,25.646696797769014,39.21319094782272,34.04526088640513,26.74154816577214,17.913385826771652,45.551873566148345,16.323034205706858,15.610904098842909,6.0,30.971445837739843,75.19439377939906,34.71248920034559,4.876643947393684,11.414034750887973,43553.0,0.4255,23470.0,60.88658431193127,9.493195290974366,54.027805494578594,56.877964639931,18.97159582252378,98.70633893919792,29.554979046098584,0.19404915912031048,12.147859922178988,9.666666666666666,28.95719844357977,23.941634241245126,34.90661478599222,18.490272373540854,16.61089494163424,9.766666666666666,14.428121050261831,4.661454383595165,"Montezuma County, CO",Colorado
201,1882,1.3835127181580138,2.02174732185581,test,36121,41446,54.14756550692468,45.85243449307534,91.77725232833085,5.723109588380059,98.83481004976332,66.0031557227819,32.83165432698143,1.1651899502366792,15.088244295575885,81.94987587989255,2.9618798245315743,30.679790479479646,47.47021239854947,21.849997121970873,53.608873006776115,31.240939891447248,15.150187101776627,11.78836880944135,20.58911932672077,11.546602161916999,13.097729620897026,6.0,27.856755617131487,75.13777158421486,34.287705073794896,5.935263191233293,11.705833913979854,52564.0,0.3946,23960.0,66.68700013555646,7.099298709218417,76.31130063965884,72.68075272367119,18.477611940298512,98.08517662594916,9.731343283582088,0.0,3.1679776094194847,3.888888888888889,25.85774260483521,28.54316459972012,36.58254113786614,14.99541572166192,2.499638083289099,3.988888888888889,7.551508328037047,3.5626194391481585,"Wyoming County, NY",New York
202,1394,1.561647248597752,1.3641236592979757,test,27173,10092,51.228695996829174,48.771304003170826,92.58818866428854,0.4558065794688863,98.54264894985,72.56750964423489,25.97513930561509,1.4573510501500215,15.243330205121332,82.27644456361443,2.4802252312642445,24.42980851323332,57.592389315770205,17.977802170996462,46.372688477951634,37.51066856330014,16.116642958748223,11.915627218334851,18.84435190005205,12.017738359201775,12.199798183652875,6.0,35.80819798917247,78.36034318398475,34.270734032411816,3.979980934223069,9.127740705433746,53041.0,0.4096,26885.0,68.27240332585455,3.324956504929441,76.85314685314684,75.2827140549273,16.975524475524477,98.81529348411415,10.20979020979021,0.10770059235325796,4.102259215219976,4.666666666666667,29.44906856916369,23.81093935790725,33.08561236623068,19.98612762584225,6.956004756242568,4.766666666666667,3.912293047650125,-0.8543736190165414,"Yellow Medicine County, MN",Minnesota
203,1477,2.232401036136941,1.8810073341634637,test,29001,25560,47.52347417840376,52.47652582159624,93.52895148669796,2.0657276995305165,99.54535613769217,71.70383199826802,27.84152413942412,0.4546438623078589,18.933569334587084,64.36196692294928,16.70446374246363,44.61219792865362,38.18181818181819,17.205983889528188,45.31939947012071,24.639387695025015,30.041212834854285,26.86705100558905,24.93150684931507,40.0601480567551,12.211351843783419,5.0,23.94595630509773,75.30877010897768,29.922158796056053,5.282823040996368,13.409444732745195,37516.0,0.4941,19671.0,57.401387608558544,7.759276477051812,79.12227883279294,65.76819407008087,11.753126447429366,97.78376759508836,12.737378415933303,0.1497454327643007,2.398278560250391,9.222222222222221,31.040688575899853,42.82863849765258,25.179968701095465,13.650234741784036,4.405320813771518,9.32222222222222,6.560109757639164,-2.7621124645830557,"Adair County, MO",Missouri
204,2573,1.9756230463738251,1.7705204106517878,test,48115,13542,56.63860581893368,43.36139418106631,77.52178407916112,5.78939595333038,100.0,71.34014237078304,28.659857629216962,0.0,14.068850107578292,85.34544585225916,0.5857040401625627,32.43468593663146,41.986288678895676,25.579025384472853,64.90455212922174,24.13871004179375,10.956737828984526,16.556234403235518,20.792819745699326,19.478855190089707,15.160901738082948,5.0,15.251770641311731,75.16540642722117,32.774102079395085,7.963137996219281,17.81663516068053,41095.0,0.4865,19889.0,62.078417351924685,7.870992512958343,58.69933734011404,53.25972660357519,12.205270457697642,95.89905362776024,32.269995376791485,2.471083070452156,54.703884212080936,7.1111111111111125,30.571555161719093,34.54438044601979,27.10087136316645,14.466105449712007,16.688819967508493,7.211111111111112,5.873909411138399,-1.337201699972713,"Dawson County, TX",Texas
205,2328,1.513905485712537,1.908678337854789,test,45037,26466,53.78221113881961,46.21778886118038,59.04556789843573,36.63190508577042,99.6559633027523,57.85550458715596,41.80045871559633,0.3440366972477065,13.259158751696065,85.11261872455901,1.6282225237449115,30.67870457710102,41.449939361272065,27.87135606162692,54.91570073761854,26.80189673340359,18.282402528977872,16.378005717168318,28.7231415164238,17.250520734709333,14.972048253541255,3.0,28.279210067398786,70.41556728232192,38.29155672823219,6.486367634124888,19.47009674582234,46637.0,0.4481,21723.0,59.502128347432524,8.729511907996015,69.58905964389682,59.50369588173179,15.997562791957215,98.78563885955649,18.04210953896148,0.0,5.648756895639687,4.4444444444444455,26.101413133832086,27.650570543338624,37.51227990629486,15.068389631980656,4.322527015793848,4.544444444444445,6.744169392222219,2.1997249477777734,"Edgefield County, SC",South Carolina
206,1060,2.5555031730094866,3.059971504183241,test,21147,18001,54.791400477751246,45.20859952224878,90.75051386034107,5.988556191322704,100.0,73.0139026812314,26.98609731876862,0.0,13.42203742203742,85.07276507276508,1.5051975051975048,28.79089225704684,44.26994033331047,26.93916740964268,68.07331975560082,24.887983706720977,7.038696537678208,41.011407307997324,95.16441005802707,62.54932912391474,29.009864815491408,6.0,20.883620689655174,53.09861398757369,43.20535287557751,21.682332324358764,35.0007965588657,19328.0,0.4724,10880.0,43.04442825928624,18.838127467569088,46.696562032884906,42.075796726959524,41.83358246138515,99.87080103359173,18.335824613851518,0.0,2.23320926615188,12.777777777777779,29.003944225320808,28.587300705516363,35.49247264040887,13.249263929781678,3.2609299483362038,12.877777777777776,21.32694942452512,8.449171646747345,"McCreary County, KY",Kentucky
207,2138,2.465270675271141,2.3479172777839272,test,40027,268614,49.923682309931706,50.07631769006827,79.069222006299,4.525452880341307,99.65180481172588,69.91261958846647,29.73918522325944,0.3481951882741125,13.050772492259824,77.9955363724638,8.953691135276385,32.95696555775869,46.74350077109495,20.29953367114636,35.33913788691238,33.616816144832136,31.04404596825548,12.747890787958033,16.2042777433354,14.133747407209984,12.826397543848984,2.0,30.29109870655045,83.02510173657278,24.62226520004835,3.738063580321529,10.603771304242716,56452.0,0.4329,27745.0,68.48280898432874,4.537790907125873,78.25581529848589,70.30714429733182,9.938926353047322,96.11533033133949,15.340705354354393,0.6418442099603467,7.762067502066162,11.666666666666664,29.983917442873416,36.574787613452756,29.384544364776225,11.444675258921725,16.40532511335969,11.766666666666662,10.463753921728413,-1.302912744938249,"Cleveland County, OK",Oklahoma
208,797,1.67189092708065,1.6023637268381077,test,19029,13590,49.0139808682855,50.9860191317145,97.5202354672553,0.4194260485651215,99.60720130932896,68.8379705400982,30.76923076923077,0.3927986906710311,19.770745566767907,78.328598020966,1.900656412266092,19.88394233384713,55.55354066551818,24.56251700063469,52.46823578421164,27.67131847531764,19.860445740470734,13.935842536248215,29.289059174116645,12.814318655978918,15.304974116587891,6.0,29.957285239677272,76.61184210526315,36.118421052631575,5.263157894736842,15.526315789473689,43750.0,0.4313,25868.0,66.45902277593927,2.7387229056824838,74.67850987670688,68.10692054192603,18.12276282646162,99.26766752105455,10.460029166114278,0.0,2.3031640912435614,5.222222222222221,28.17512877115526,22.516556291390724,33.693892568064754,21.30978660779985,2.060338484179544,5.322222222222221,4.964753887777948,-0.35746833444427306,"Cass County, IA",Iowa
209,8,2.0918640616783932,2.135306769567249,test,1017,34079,47.70679890841868,52.293201091581324,57.66601132662343,40.312215734029756,99.34809181040336,47.344832269455395,52.003259540948,0.6519081895966318,17.9006703229738,79.3989945155393,2.7003351614868984,28.7814451382694,40.93487957181088,30.283675289919714,59.45662215503486,28.95775594188292,11.58562190308222,21.589930833852826,59.11469690361971,20.899761773868423,18.871727981501788,5.0,27.54253166454321,66.16377747153115,40.356857909625006,9.516210923333574,17.19735983172554,34177.0,0.4831,21071.0,56.510525317655976,8.805960131552453,62.26774887541561,57.77101302215457,21.46978290631723,99.50955521731777,21.474672403676895,0.0,0.4460224771853634,8.0,27.58003462542915,25.305906863464305,35.10959828633469,17.96414214032102,2.021772939346812,8.100000000000001,8.459641269335402,0.3596412693354001,"Chambers County, AL",Alabama
210,3007,3.319826632037327,3.1390273897796357,test,54045,35760,49.25055928411633,50.74944071588367,96.44574944071587,2.192393736017897,98.88305746198358,74.82169290808773,24.061364553895842,1.1169425380164175,12.801183090463136,85.16808541336026,2.030731496176598,21.30355453439654,51.165698067306394,27.530747398297066,65.21553065670713,26.65732959850607,8.127139744786803,19.67390684681603,31.255597349095467,22.821613488516174,28.964419688530178,5.0,25.619572124549883,61.50395214697714,45.83066296375418,11.450544755394148,22.28868475396995,36763.0,0.4536,20477.0,47.09951718671183,10.671664626682986,54.338768115942024,65.77370461755375,30.806159420289852,99.06591469862528,20.08605072463768,0.052872752908001405,0.8836689038031319,27.555555555555557,26.2751677852349,25.436241610738254,37.522371364653246,16.252796420581653,1.3618568232662194,27.655555555555555,23.081406725933356,-4.5741488296221995,"Logan County, WV",West Virginia
211,1938,2.5726122302071057,2.426196123956754,test,37109,79578,49.55389680564981,50.446103194350215,89.26713413254922,5.409786624443941,99.0492799279928,74.03802880288029,25.01125112511251,0.9507200720072008,10.444728476387114,86.58932258381672,2.9659489397961525,23.175741165248688,55.354697764581005,21.46956107017031,47.4772420009013,32.33708877872916,20.185669220369533,15.544298011731547,31.26447083426693,15.164690382081686,14.982913555246173,2.0,27.211336032388658,76.08016484977402,34.07006115394841,5.5337676149960116,14.816538154746079,49215.0,0.4562,26439.0,65.54660303659274,9.77160524609784,68.31613033798826,62.26543262290905,15.336976320582881,97.91967394073194,20.11738514470755,0.5009764795788402,7.035864183568322,13.0,28.576993641458692,24.38488024328332,38.10600919852221,15.105933800799216,5.3230792430068625,13.099999999999998,11.315756374997846,-1.7842436250021514,"Lincoln County, NC",North Carolina
212,407,2.4932054526026954,2.4205214865736977,test,13055,25241,51.53123885741452,48.46876114258548,86.31195277524662,10.728576522324788,99.21397379912665,61.55458515283843,37.65938864628821,0.7860262008733625,15.369318181818182,81.69318181818181,2.9375,28.422285100985466,43.86769440921066,27.710020489803878,69.01245962159668,22.161975080756807,8.825565297646515,23.65517241379311,45.45454545454545,27.009715725080962,17.334930891351792,5.0,22.924354243542428,66.18966253737719,40.111063648013676,7.571550619393423,21.945749679624097,32913.0,0.4554,16333.0,55.996372704602116,9.969635627530364,54.325810185185176,48.63874345549738,21.375868055555557,98.29842931937172,28.587962962962965,0.6282722513089005,4.6353155580206815,12.0,28.53690424309655,26.865021195673705,34.824293807693834,15.629333227685116,2.959470702428588,12.1,11.251725408935956,-0.8482745910640439,"Chattooga County, GA",Georgia
213,2995,2.1709566505156093,2.238007773727017,test,54021,8644,59.127718648773715,40.872281351226285,81.55946321147617,10.89773253123554,99.42481511914544,73.70583401807723,25.718981101068202,0.5751848808545604,14.819635552249908,77.68687244328747,7.493492004462625,37.884137570289,37.5702890022231,24.545573427487913,58.26358115870672,25.143607418348928,16.59281142294436,27.00940248710949,58.55263157894736,32.96323710831483,18.7004530011325,6.0,25.50869155100391,65.05102040816327,38.11953352769679,11.9533527696793,16.836734693877553,37536.0,0.4518,17115.0,51.9774011299435,9.519104084321476,63.9797935427191,61.335403726708066,18.954535471117946,99.37888198757764,21.63408741489129,0.0,3.875520592318371,8.666666666666666,22.4548819990745,38.13049514113837,32.161036557149465,15.559925960203607,7.542804257288292,8.766666666666667,9.374636274592316,0.6079696079256482,"Gilmer County, WV",West Virginia
214,2216,2.5726122302071057,2.8110112541873535,test,41029,208363,48.66267043572997,51.33732956427005,91.66838642177349,0.7352552996453305,99.35939665159808,60.29849390063834,39.060902750959784,0.6406033484018991,15.039758705785575,78.04422065458535,6.916020639629085,26.465044850092497,47.39217944690704,26.142775703000478,38.58349657198825,35.81524104908042,25.601262378931327,19.00002428304316,36.020459395004394,20.489196901752962,17.088632021767236,4.0,39.06966546690296,70.23368907734138,38.81921736318229,5.306215338915041,22.7628253500545,44028.0,0.4556,24605.0,59.11913065329714,10.56947655431954,59.35127225428828,64.85416095847759,23.49971547028697,98.03223154905722,21.820177221364126,0.3013923829925025,11.756405887801574,13.0,27.22124369489785,25.25448376151236,34.069868450732606,19.479946055681673,7.596358278581129,13.099999999999998,16.626723563942733,3.526723563942735,"Jackson County, OR",Oregon
215,2921,2.4069451083182885,2.3965864736567672,test,51640,6876,48.29842931937173,51.70157068062827,90.57591623036647,5.5555555555555545,100.0,44.59084604715672,55.40915395284328,0.0,21.334922526817643,76.10250297973778,2.5625744934445764,28.516174402250357,38.783403656821385,32.700421940928265,61.30964264324217,27.11119984028748,11.579157516470351,26.81445490434255,92.78074866310159,26.32612966601179,21.454600668083813,6.0,21.25506072874494,67.00439040864572,42.48564674096589,11.279972982100642,29.14555893279298,30604.0,0.5286,21515.0,58.16485225505443,6.183155080213902,54.03391572456321,59.74440894568691,27.774922918807807,99.20127795527156,22.66187050359712,0.0,16.841186736474693,11.0,26.8324607329843,23.15299592786504,34.26410703897615,21.61140197789413,3.8685282140779518,11.1,10.985612626587093,-0.11438737341290661,"Galax city, VA",Virginia
216,1967,2.4932054526026954,2.3693632961750595,test,37167,60586,50.051166936255896,49.948833063744104,84.89254943386261,10.398441884263693,98.32931968693558,62.76339554485249,35.565924142083084,1.670680313064419,14.21143464023365,82.95645632356845,2.8321090361978936,26.132291960223842,50.1046741012118,23.76303393856436,51.5470846635781,32.22833001272234,16.22458532369956,17.69258367074983,33.547008547008545,18.407259641711647,16.697077208988002,5.0,25.565261532604328,72.24405290066336,36.62483626991169,4.0055773862339965,16.296953564034308,40910.0,0.4212,20990.0,63.8415617238224,11.384888403521945,67.79661016949152,67.00645942672587,15.557099194220614,98.92006459426727,20.122256182272853,0.16148566814695195,3.855676228831743,12.0,28.615521737695182,25.52404846004027,35.425675898722474,17.098009441125015,4.7090086818737,12.1,10.690583381384098,-1.4094166186159018,"Stanly County, NC",North Carolina
217,596,1.789905900578732,2.002115403088517,test,17015,14926,49.97320112555274,50.026798874447266,95.74567868149538,1.2260485059627495,99.11474293496771,69.0160027238679,30.098740211099766,0.8852570650323459,17.840415566720598,78.95767691390616,3.2019075193732434,23.149844658647336,54.735919700470006,22.114235640882654,52.80549199084669,31.00228832951945,16.19221967963387,12.555351181960626,24.870912220309812,12.03386605783866,15.119669130110516,6.0,33.85682064990394,72.04171074505062,41.21202962067402,4.488438869578358,10.835726159891193,48631.0,0.42100000000000004,26493.0,62.381436314363135,7.8332880803692655,74.4104599579734,68.32202344231956,15.958440345552184,99.19802590993214,14.113938827924352,0.0,3.309660994238242,5.8888888888888875,25.68002143909956,21.506096743936748,36.19187994104247,22.5110545357095,3.0282728125418727,5.988888888888888,7.404703475442779,1.415814586553891,"Carroll County, IL",Illinois
218,931,2.334299068483573,2.0449657075631418,test,20099,21048,49.30634739642721,50.69365260357278,88.48821740782972,3.3684910680349684,99.55663039097138,63.7646110439339,35.792019347037474,0.4433696090286176,15.141976101760244,80.2582551715277,4.599768726712067,26.99669187145557,50.909735349716435,22.093572778827976,44.377156538271954,36.12421660446448,19.498626857263574,17.7560548584768,30.93347933205585,19.014934379242717,18.518875656911433,5.0,27.398368922368174,71.40140259122785,35.468917152026634,7.131819802686317,11.636752644716509,41439.0,0.4183,21006.0,63.42607262817669,5.2757793764988,69.40528277426672,65.1440209485016,16.488413547237073,97.41053244108234,17.898233673634742,0.5819028222286877,4.280691752185481,10.222222222222221,30.620486507031547,25.574876472824016,33.35708855948309,17.384074496389207,8.143291524135309,10.32222222222222,7.728893490773334,-2.593328731448885,"Labette County, KS",Kansas
219,2163,2.88975428334737,2.689464134999719,test,40077,10774,50.69612028958604,49.30387971041396,69.05513272693521,1.4108037868943757,99.29954676555418,70.58096415327564,28.71858261227853,0.7004532344458179,12.989144155516286,84.30951779853572,2.7013380459479928,22.847380410022783,52.152619589977206,25.0,50.9386733416771,35.071617299402035,13.989709358920873,17.701593433124096,29.810298102981033,19.21521641455744,23.622941510505395,6.0,29.0020415515792,67.37605804111246,40.60459492140266,7.110036275695284,17.823458282950426,39205.0,0.4695,22343.0,53.24803149606301,7.624768946395563,57.103781174577634,53.1102979613173,18.19790828640386,99.00679560899113,28.49557522123894,0.0,3.239279747540375,17.88888888888889,30.499350287729722,27.68702431780212,30.852051234453317,18.74883979951736,29.534063486170417,17.988888888888887,14.723783845653506,-3.2651050432353816,"Latimer County, OK",Oklahoma
220,2482,2.4932054526026954,2.7346320632213095,test,47123,45293,50.06292363058309,49.93707636941691,95.0500077274634,2.170313293444903,100.0,70.0921332388377,29.90786676116229,0.0,11.811136624569464,85.67738231917336,2.5114810562571757,18.44579348877189,57.37885462555065,24.175351885677447,63.14737877009928,24.724873933589173,12.127747296311568,19.30323100331156,44.161545215100965,19.18853272211009,19.018802197311427,6.0,31.33518068201097,66.60268714011515,43.41883324608853,7.561216774268598,20.374571046356074,35291.0,0.446,19351.0,52.04839310799576,12.305150096392179,60.83252372767357,62.5076979923636,23.047604812794265,98.94075625076981,21.007398550183094,0.1847518167261978,3.850484622347824,12.0,28.273684675336145,24.73009074249884,34.976707217450816,18.406817830569846,2.779678979091692,12.1,15.404074667507205,3.304074667507205,"Monroe County, TN",Tennessee
221,2125,2.3968846612924475,2.4033523107146397,test,40001,22236,49.91005576542543,50.08994423457457,44.2885411045152,0.2968159740960604,99.74870162506285,63.578488859105384,36.17021276595745,0.25129837493717544,10.933052839995053,86.45588417275091,2.6110629872540527,25.163266485580536,49.39605848696758,25.440675027451892,63.62745098039216,22.60504201680673,13.76750700280112,26.907282350793942,61.17647058823529,29.82568881034621,18.340335185436142,6.0,27.34149191316647,67.24397590361447,37.28664658634538,7.39206827309237,24.44779116465863,33404.0,0.4527,16247.0,55.37062244771687,7.654486534808358,44.3418542541015,43.637553156689556,18.664631819916067,96.79424272162252,39.76344906524227,1.4066077854105332,6.075733045511782,10.888888888888893,34.075373268573486,27.17665047670444,31.97517539125742,13.97733405288721,55.41464292138873,10.988888888888894,11.06019150136007,0.07130261247117531,"Adair County, OK",Oklahoma
222,1997,0.2793138227812645,1.466676503267576,test,38027,2370,46.919831223628684,53.080168776371316,93.29113924050631,0.0,95.4462659380692,50.27322404371585,45.17304189435338,4.553734061930784,20.60185185185185,76.44675925925925,2.951388888888889,24.79253112033195,48.65145228215768,26.55601659751037,40.22183304144775,37.769994162288384,22.00817279626386,13.68838028169014,21.113689095127608,14.379084967320258,11.454703832752616,6.0,33.16831683168317,81.0377358490566,34.81132075471698,3.113207547169812,8.39622641509434,48583.0,0.5129,31806.0,68.51745850028621,1.921470342522974,82.12634822804314,70.37861915367483,8.628659476117104,98.88641425389757,10.708782742681047,0.4454342984409799,3.333333333333333,1.2222222222222223,30.0,17.721518987341767,37.763713080168785,21.350210970464136,6.70886075949367,1.3222222222222224,4.334804465717044,3.0125822434948213,"Eddy County, ND",North Dakota
223,2233,1.6072132174119893,2.37657972124729,test,41063,6857,49.117689951874,50.882310048126,95.59574157794954,0.30625638034125713,99.84139571768438,61.30055511498811,38.54084060269628,0.1586042823156225,19.60856045363088,77.6842875434425,2.7071520029266507,19.31129953279114,53.936667243467724,26.75203322374113,39.6551724137931,36.03637741568776,24.308450170519137,15.287849637413053,29.514963880288963,15.709779179810724,22.061215436936273,6.0,42.40528949249464,66.80726800778714,45.814406229720966,5.905256327060353,20.73329007138221,40581.0,0.4292,24386.0,57.433660487095615,9.335443037974683,64.61416490486258,69.965075669383,23.70507399577167,98.0791618160652,17.811839323467236,0.0,2.668805600116669,4.888888888888889,21.977541198774976,18.929561032521512,36.707014729473535,25.973457780370428,4.0980020417092025,4.988888888888889,10.768010211782919,5.77912132289403,"Wallowa County, OR",Oregon
224,3067,1.895451927785184,1.7115468449724898,test,55055,84345,49.854763175054856,50.145236824945144,94.51182642717407,0.8287391072381292,98.8520809309152,73.36198762973058,25.49009330118461,1.1479190690848098,13.351441025307398,82.48812699238827,4.160431982304339,28.95434162250305,52.19265039892844,18.85300797856852,45.3020726669256,32.12986829561103,22.56805903746337,10.62630557581301,17.195618153364634,10.38504553443042,10.494371840122104,5.0,27.725140281482854,80.92432048869281,31.394810724092192,4.066269706599203,11.532409835559804,56877.0,0.3886,26935.0,71.08770520918596,5.2965457310449695,80.34412420201716,74.29055484963997,14.312695954368602,98.41592545531554,9.088505269519887,0.0,6.895488766376193,6.5555555555555545,30.47246428359713,28.255379690556644,34.743019740352125,14.341099057442644,4.659434465587764,6.655555555555554,5.537520541954944,-1.1180350136006103,"Jefferson County, WI",Wisconsin
225,3062,1.928295602354331,1.5165762870961708,test,55045,37044,49.59507612568837,50.40492387431163,97.19792678976351,0.2969441744951949,99.61699164345406,73.23584029712164,26.381151346332405,0.383008356545961,13.980721171010355,82.9025348089968,3.1167440199928595,24.9180985491743,55.45229658353949,19.629604867286226,46.818569324963185,31.28342245989305,21.898008215143765,8.885550396066648,11.858848222484585,9.128001865236651,12.131781889527755,3.0,22.366476672999788,80.76118496524731,31.837505904581953,4.123085228422972,10.567514677103718,56219.0,0.4101,28187.0,71.78519283501299,3.388232959619009,80.53986189579409,73.8363038587991,13.864227423549455,97.73317182903617,9.008160703075957,0.29416854127011594,2.893855955080445,6.777777777777778,29.402872260015126,23.62055933484505,36.81297915991793,16.296836194795382,2.5051290357412803,6.877777777777777,4.556597975563937,-2.32117980221384,"Green County, WI",Wisconsin
226,219,1.67189092708065,2.420603155365126,test,6071,2094769,49.74548506303081,50.25451493696919,62.15406090122586,8.549248150989442,99.22541174844028,63.16575359037727,36.059658158063016,0.7745882515597187,8.219312763203172,86.42144733751728,5.359239899279554,37.028531796538246,41.55639444929003,21.41507375417172,47.66625820671727,33.368385199917014,18.965356593365726,19.48134445500713,37.24781532433567,19.79463781022907,10.830605426936254,2.0,19.666505960000666,80.11378342082773,25.202783542912954,7.148333536808693,16.389696007813452,53433.0,0.4429,21352.0,64.01633989371864,12.346750120263655,59.12506601555007,44.188608301428616,20.6106665340435,94.15776435222813,22.843235468487396,2.371556982972182,51.09212519375646,5.222222222222221,35.676917120694455,32.21023415947057,30.13950464227798,9.97379663342354,29.296690947784697,5.322222222222221,11.252644361275939,5.930422139053718,"San Bernardino County, CA",California
227,616,2.589433484697249,2.4617075860010837,test,17055,39694,49.27193026653902,50.72806973346098,97.5059202902202,0.4761424900488738,97.60485775328912,63.54436073316091,34.060497020128196,2.395142246710896,17.720559145456942,78.45839377555058,3.821047078992483,24.61861528009388,48.29843740349577,27.08294731641035,46.801748112832726,38.44042330335537,14.757828583811893,18.452655889145497,35.625686921023714,19.370326643053914,19.558343533251733,6.0,33.08522394851459,65.8670111336655,39.213877099095775,8.211847204281232,19.499292612413115,39512.0,0.4301,21625.0,55.68380437291825,9.623926562037314,57.71998266146511,65.15924445057217,30.42912873862159,98.42823659175514,16.540962288686607,0.2619605680408107,1.463697284224316,13.222222222222221,28.64412757595607,24.545271325641156,33.91192623570313,19.07341159873029,2.0179372197309418,13.322222222222221,11.724815586766244,-1.597406635455977,"Franklin County, IL",Illinois
228,565,2.2789752273549118,2.3006614531869936,test,16041,12914,50.642713334365816,49.35728666563421,96.38376955242373,0.07743534148985598,99.95484307970196,82.41137954391509,17.54346353578686,0.04515692029803568,8.449032870535184,88.82164471342115,2.729322416043669,20.694896851248643,63.28990228013029,16.01520086862106,43.1314623338257,38.43158318786089,18.436954478313414,13.184079601990053,23.340769659788066,11.329464521234502,13.086726764065899,4.0,18.6238640387112,79.27289896128424,32.577903682719544,7.2710103871576965,6.4919735599622275,48133.0,0.3695,18855.0,64.86550539163409,4.1468761417610525,68.69061757719716,76.51203758073989,8.31353919239905,99.00176159718143,24.59916864608076,0.35231943628890194,6.8375406535542815,9.666666666666666,42.82174384389036,25.09679417686232,27.117856589747557,13.411801146043056,3.5387951060864182,9.766666666666666,9.980782092022022,0.21411542535535588,"Franklin County, ID",Idaho
229,1050,3.033349137125298,3.1019343904497623,test,21127,15821,49.529106883256425,50.470893116743575,98.15435181088426,0.15169711143416978,99.6957123098202,76.65283540802214,23.04287690179807,0.3042876901798064,12.163056060856626,85.5465520092608,2.2903919298825866,19.86199325648867,55.657492354740064,24.480514388771272,64.02679636597229,24.08919886207213,11.884004771955585,22.69267668692037,36.03534383403765,27.520033741037537,25.132089884779425,6.0,18.802228412256266,61.08072269186143,43.477540195590926,13.906845682081885,23.338305983756012,35935.0,0.4618,18890.0,47.610385315032254,7.780479333101772,56.268549790195465,45.50150667240637,29.157711595537812,98.57942315970728,19.261078702282266,0.0,0.6699955755009165,20.666666666666668,28.127172745085648,26.894633714683014,35.02939131534037,15.226597560204793,1.6939510776815625,20.766666666666673,22.24093234408084,1.4742656774141665,"Lawrence County, KY",Kentucky
230,1256,1.928295602354331,2.2019449757889635,test,26063,32290,49.67791886032828,50.322081139671724,97.482192629297,0.3964075565190461,98.86026541764248,68.1967213114754,30.663544106167056,1.1397345823575329,16.847632960871803,81.15449915110356,1.9978678880246377,23.79093152602306,54.23772514641422,21.97134332756271,56.45304380888008,29.41574077985721,14.131215411262724,14.101153616446107,29.296875,13.626853047233224,17.136054634879862,6.0,30.019711668534764,65.7877580586744,41.72401303875407,6.120970662803332,14.0818544005795,42161.0,0.4244,23382.0,58.01293356848913,7.546277530063508,70.87346938775511,78.15126050420169,18.57959183673469,98.4733893557423,15.5265306122449,0.05602240896358543,2.121399814183958,6.777777777777778,25.8253329204088,20.535769588107765,36.621244967482184,22.997832146175288,2.121399814183958,6.877777777777777,9.042584013759067,2.164806235981289,"Huron County, MI",Michigan
231,2307,2.312535423847214,2.5155870774350806,test,44005,82663,49.06548274318619,50.93451725681381,89.60478085721546,3.516688240204203,99.51443739479477,69.48724588890327,30.02719150589149,0.4855626052052312,17.672454394172497,75.925460767999,6.402084837828504,31.327910190474835,46.98759135526335,21.684498454261817,30.33945295330832,24.57652905974237,45.08401798694932,10.100818917111457,13.696283607656214,10.664314498694203,12.358580296355624,2.0,36.610778995251344,76.83941689623508,33.27881083562902,4.866850321395776,9.974747474747476,69526.0,0.4687,40320.0,67.09540285169038,6.5232974910394255,80.24529216843126,74.99498696611188,12.670734664188151,97.05902011897601,11.292734179261295,0.15373303923534526,5.154664118166533,10.0,25.434595889333806,26.64069777288509,35.947158946566184,18.674618632278047,6.878530902580357,10.1,12.37387106762915,2.27387106762915,"Newport County, RI",Rhode Island
232,1990,0.19153821189887874,1.3526345857606004,test,38013,2208,54.75543478260869,45.2445652173913,97.8713768115942,0.04528985507246377,99.1304347826087,81.04347826086956,18.086956521739133,0.8695652173913043,23.09582309582309,74.81572481572479,2.0884520884520885,22.42178447276941,57.242178447276935,20.33603707995365,43.499308437067775,36.86030428769017,19.64038727524205,13.632246376811596,20.292887029288703,14.275717284814556,9.696420480289989,6.0,24.632352941176467,78.87755102040815,30.91836734693877,2.142857142857143,5.408163265306124,60096.0,0.4679,34161.0,66.72794117647058,1.6528925619834711,80.03182179793157,85.06666666666666,5.0914876690533015,97.33333333333334,15.751789976133649,0.26666666666666666,5.298913043478262,1.1111111111111112,32.11050724637681,27.85326086956521,29.121376811594207,16.98369565217391,2.083333333333333,1.2111111111111112,3.867601648113676,2.656490537002565,"Burke County, ND",North Dakota
233,529,2.049841071903545,1.4682081134679288,test,13301,5561,46.0528681891746,53.94713181082538,37.56518611760474,58.820356051069965,100.0,45.297029702970285,54.702970297029715,0.0,19.572870218258625,77.75170147852617,2.675428303215208,34.27880386983289,36.60949868073879,29.11169744942832,71.20856173322892,16.288175411119813,12.503262855651267,27.08371329564107,72.89586305278173,29.54200788595693,13.988692321721684,6.0,16.486548631869393,61.22352941176471,41.92941176470588,10.63529411764706,23.717647058823534,29176.0,0.4809,18174.0,55.93537813158511,16.36668061950607,57.28876508820798,48.653846153846146,20.14856081708449,96.34615384615385,26.369545032497676,0.0,0.7732422226218306,7.666666666666668,26.6139183600072,24.545944973925558,33.66301024995505,19.996403524545947,3.6144578313253017,7.766666666666667,4.341448783406776,-3.425217883259891,"Warren County, GA",Georgia
234,1328,1.5380612495918724,1.2964928755800316,test,27041,36620,50.05734571272529,49.94265428727471,97.7225559803386,0.576187875477881,98.727833461835,78.1675661783603,20.560267283474683,1.2721665381649965,15.855511964090054,79.72289965715902,4.421588378750927,24.188408683529182,58.62709951536878,17.184491801102038,35.881447267128564,39.43033102386451,24.68822170900693,9.551857305587195,11.614814814814816,10.28482852160434,12.439966878277671,5.0,31.57785179017485,75.17835336461212,36.22340767401504,3.3292628060929363,9.415772221865158,54531.0,0.439,29953.0,67.93447694038245,4.305081237710856,79.83813377767198,75.2653499932823,15.653415853368244,98.9117291414752,8.859795286836468,0.04030632809351068,1.3353358820316767,4.5555555555555545,26.79410158383397,24.467504096122337,33.18132168214091,21.09229929000546,1.7012561441835057,4.655555555555554,3.6564505273454633,-0.9991050282100908,"Douglas County, MN",Minnesota
235,2401,1.895451927785184,1.6744330749481502,test,46093,26381,52.39755884917175,47.60244115082825,90.31879003828512,1.8422349418141848,99.75066230325695,73.05594514570672,26.69471715755025,0.2493376967430264,12.737791212800332,84.05691353520612,3.2052952519935376,23.167295477338936,59.635130617508004,17.197573905153064,39.914913456495135,37.0534413427356,23.031645200769287,10.83114542105882,15.74672327856747,11.022032529703543,14.554159186116095,4.0,48.48839062749057,81.44057396393846,30.94496365524403,4.5218540545643355,12.423298404606815,52473.0,0.4305,27123.0,68.85456885456885,2.0327102803738315,77.17855968431438,65.93087423758351,12.344623479118711,99.41911124019752,16.040776060506413,0.0,3.9649747924642735,6.5555555555555545,30.61294113187521,30.487851104961905,31.685682877828746,13.4566544103711,7.838975019900684,6.655555555555554,5.33576931014946,-1.3197862454060942,"Meade County, SD",South Dakota
236,115,2.145281299175379,2.1043740407931617,test,5013,5245,51.325071496663504,48.674928503336496,76.39656816015253,22.17349857006673,99.80353634577604,54.4204322200393,45.38310412573674,0.19646365422396853,14.247311827956992,84.75073313782991,1.0019550342130987,22.726241778180995,54.6382399637106,22.635518258108416,68.60278372591007,20.985010706638114,10.41220556745182,17.780827288766908,30.19354838709677,19.684118163205614,29.56035480138836,5.0,28.317955997161107,67.71764705882353,40.28235294117647,5.505882352941176,11.341176470588234,36899.0,0.4338,20537.0,57.821497120921315,7.219917012448133,64.09364125276811,56.703078450844096,18.60170832015185,98.90764647467726,20.499841822208158,0.3972194637537239,3.469971401334605,8.444444444444445,24.918970448045755,25.92945662535748,35.462345090562444,19.19923736892278,1.4299332697807432,8.544444444444444,8.201967305443823,-0.3424771390006214,"Calhoun County, AR",Arkansas
237,2356,0.5690945318899665,1.0167203353990628,test,46003,2729,51.59399047270063,48.40600952729938,93.40417735434224,0.4030780505679736,100.0,75.94339622641509,24.05660377358491,0.0,17.629024016351558,80.27593254982116,2.0950434338272865,22.817551963048498,58.89145496535797,18.29099307159353,49.101796407185624,33.04300489929232,17.855198693522052,8.563748079877112,9.824561403508772,9.221424627277749,13.672922252010725,6.0,33.62962962962963,77.96024200518582,35.350043215211755,4.062229904926534,8.98876404494382,48750.0,0.4127,25965.0,68.10126582278481,1.933085501858736,85.00697350069734,58.964879852125705,6.764295676429567,98.15157116451016,12.97071129707113,0.18484288354898332,6.082814217662147,1.6666666666666667,32.209600586295345,22.93880542323196,30.230853792598023,21.14327592524734,6.192744595089778,1.7666666666666668,2.7641145134925207,0.9974478468258539,"Aurora County, SD",South Dakota
238,1432,2.0208114572284313,1.921198806492167,test,28075,79832,48.556969636236104,51.443030363763896,54.46688044894279,42.45540635334202,99.06605803032689,50.055092082480726,49.01096594784618,0.9339419696731204,15.73853275354187,79.63424042642727,4.62722682003086,33.610283743533465,40.2476877253488,26.14202853111773,45.154847055242726,36.136052351240295,18.70910059351697,22.82608695652174,56.495087748761435,22.70818154545065,18.294883866917765,5.0,30.468241382188467,73.22312380054544,34.26820645769503,6.05030133665533,18.783879330662266,38132.0,0.4842,21525.0,62.678350551384106,9.216743565512255,65.12037197983659,54.856289004131135,16.250217277941946,97.81137382438251,22.225360681383627,0.5361694647095017,2.0743561479106125,7.444444444444445,30.85730033069445,28.519891772722723,32.66860406854394,14.715903397133982,3.0777131977152017,7.544444444444446,6.829140381871619,-0.7153040625728266,"Lauderdale County, MS",Mississippi
239,2892,3.253384599554076,2.998381359534638,test,51167,28245,48.868826340945304,51.131173659054696,97.21720658523633,1.037351743671446,99.3008246683399,70.99318752240944,28.307637145930446,0.6991753316600932,15.13949610132059,82.39509622752063,2.4654076711587867,22.242887940144566,49.630130616730774,28.126981443124656,60.07236456092314,27.50342264815177,12.424212790925093,20.66683361356563,35.93981253083374,23.83842842953317,23.60541061422606,6.0,16.908127208480572,60.6518786781349,51.724762335898596,8.537799909461295,20.543232231779086,35045.0,0.4547,20053.0,48.98586903222931,7.789607789607789,59.45542279411765,56.318407960199,24.86213235294117,98.40796019900499,22.12775735294117,0.0,1.1329438838732515,25.777777777777786,25.246946362188,24.730040715170823,37.55708975039831,17.90051336519738,1.7454416710922287,25.877777777777784,20.053051958187243,-5.82472581959054,"Russell County, VA",Virginia
240,1295,2.538096293116917,2.626411296914096,test,26141,13037,49.873437140446434,50.126562859553566,97.26931042417736,0.4602285801948302,99.58294717330864,74.97683039851717,24.606116774791474,0.41705282669138094,17.572395637457692,80.8574652124859,1.5701391500564124,19.7832217130772,58.48607684173422,21.73070144518858,52.532833020637895,30.542115137750567,16.925051841611534,13.720296065446046,26.63076002393776,13.995533340423265,19.54647821697601,6.0,40.63161771475922,57.79296549424904,50.60843473912319,5.184197366227704,13.518919819969994,41213.0,0.4031,23550.0,47.42931790613046,13.141845366909303,69.15743726342353,81.16629464285714,18.785924575914766,99.63727678571428,17.257815785784384,0.0,1.0585257344481092,12.555555555555555,22.083301373015267,17.396640331364573,37.62368643092736,28.30405768198205,2.2704609956278285,12.655555555555553,13.82407029317824,1.1685147376226865,"Presque Isle County, MI",Michigan
241,2708,2.0059743897979634,2.096325474671699,test,48385,3356,49.284862932061976,50.715137067938024,98.12276519666271,0.17878426698450536,99.38176197836168,33.07573415765069,66.30602782071098,0.6182380216383307,12.394149345650499,81.94765204003079,5.658198614318707,19.68695652173913,49.98260869565218,30.33043478260869,47.35993550987505,30.67311567916163,21.96694881096332,16.590003066544007,36.21052631578947,16.43652561247216,20.122511485451763,6.0,47.12216858522094,50.5718954248366,65.44117647058823,7.026143790849672,9.722222222222225,36523.0,0.3873,19549.0,41.27773527161438,11.492122335495827,43.58130348913759,50.95890410958904,17.248189598420012,98.17351598173515,42.527978933508884,0.0,20.05363528009536,7.333333333333332,27.20500595947557,16.5673420738975,29.707985697258643,33.969010727056016,1.698450536352801,7.433333333333334,8.136218177294682,0.702884843961348,"Real County, TX",Texas
242,2052,1.928295602354331,2.295231554794513,test,39031,36724,49.806665940529356,50.193334059470644,96.9502232872236,1.0619758196274915,99.28489042675896,74.60207612456747,24.682814302191463,0.7151095732410611,13.651852388892916,84.20213151598638,2.146016095120713,24.429362506753105,53.4812263641275,22.089411129119398,65.26324135743737,22.589597209007287,12.147161433555345,16.08945017371643,31.913257459243308,15.713151406243467,14.344284849485446,5.0,31.297927738345766,71.5940006975933,37.06313219393093,6.648064178583888,18.688524590163933,41701.0,0.405,20713.0,59.97759468054351,7.441103813942279,65.76396939485278,65.38398559030621,21.01553443079064,98.05141640740132,17.472756781822394,0.5239888652366137,0.8985949243001852,6.777777777777778,29.99400936717133,24.54253349308355,34.5795664960244,17.269360636096284,1.9878008931488944,6.877777777777777,9.926734329109701,3.0489565513319237,"Coshocton County, OH",Ohio
243,104,3.0171675542740557,2.8470643309840042,test,4019,998537,49.1827543696428,50.817245630357206,77.88384406386544,3.617592537882924,99.0952661075922,59.98695796909131,39.1083081385009,0.9047338924078052,15.908015670931695,77.50772117648934,6.584263152578952,33.71544274736137,42.58817296347989,23.696384289158754,35.24087604540569,34.47788932820728,30.281234626387054,19.258281060856174,38.012739342312265,20.32963624535345,14.36992668404753,3.0,34.20335641320209,72.99324022604438,34.11940727509765,4.87658408142525,15.559028686694491,46162.0,0.4726,25729.0,61.02129462030646,9.669331873182447,64.64645952315739,57.86697329271328,20.98063482080362,97.16746286703257,18.11947777924304,0.8137839471781316,35.71114540572858,20.33333333333333,29.00954095842217,30.070693424480012,30.697510457799762,17.148187798749568,18.49856339825164,20.433333333333326,17.237105056590284,-3.1962282767430423,"Pima County, AZ",Arizona
244,1307,2.4069451083182885,2.2312291205474173,test,26165,32751,50.13892705566242,49.86107294433758,96.22606943299441,0.6442551372477177,98.9880643487286,66.90451478982875,32.08354955889984,1.0119356512714064,13.774126977704046,81.48747622708696,4.738396795209,24.040910991977487,52.690011786624076,23.269077221398426,49.984519439161396,33.24782166393913,16.767658896899466,17.429659206983008,36.505914467697906,17.11439497663,16.40312557681659,5.0,31.760616835124445,69.92030300639153,37.489150161761216,7.630395328651464,18.97735342854888,41534.0,0.4256,20988.0,58.91676076786578,9.199808337326305,64.65624352868089,73.24817518248176,24.55995030026921,97.93795620437956,16.73224270035204,0.36496350364963503,1.7739916338432415,11.0,29.415895697841293,24.71680254038045,34.64016365912492,17.10176788495008,3.12967542975787,11.1,9.311303763676491,-1.7886962363235082,"Wexford County, MI",Michigan
245,2179,2.707309185877491,2.5797797381041834,test,40109,754480,48.9227017283427,51.0772982716573,68.89592832149295,14.79376524228608,99.28627495828371,62.136184767974385,37.150090190309356,0.713725041716267,16.632763851481865,76.62500068660066,6.7422354619174625,31.764821538138193,43.63883210788053,24.59634635398128,39.10944348927328,30.30900413330683,30.581552377419893,18.19214408911344,36.677969030084455,17.927317735641466,13.325733105326492,1.0,29.53877282323841,79.17533202923917,26.956312845327567,5.333058787192423,15.566766189642749,47437.0,0.4892,27401.0,67.39947942263237,5.7671637599045065,65.72788455048413,65.78401234088359,12.668006436118903,96.74276138368828,24.95781468070885,0.8789550201427193,16.070141024281625,14.888888888888893,31.771816350334007,31.800445339836713,30.324594422648712,12.311923443961403,16.310306436220973,14.988888888888894,13.19423165309603,-1.7946572357928634,"Oklahoma County, OK",Oklahoma
246,991,2.132192107065365,2.4557532871388545,test,21009,42925,48.67792661619104,51.32207338380896,93.12987769365172,4.209668025626092,99.5160971755876,71.60774244519061,27.908354730397,0.4839028244124037,15.107060365815597,82.7205193832324,2.1724202509519945,20.99207955136729,53.650922125224035,25.35699832340869,60.308028548987465,24.13004132090291,15.56193013010962,20.447086801426874,39.91867638810992,21.850303951367785,19.266881638846733,5.0,23.807486631016044,71.47652983096765,35.95618116496849,9.323281700924673,19.53589728488132,38370.0,0.4472,20262.0,61.83787495708087,7.162687395891173,64.78978683163245,62.06067888254732,21.34047834824068,97.59687593872034,17.215020292367704,0.0,2.8841001747233546,8.333333333333334,30.031450203843914,25.87070471753057,33.90797903319744,16.538147932440303,2.6604542807221896,8.433333333333334,11.655209962650163,3.2218766293168297,"Barren County, KY",Kentucky
247,2693,2.3014733641413554,2.4207023886298655,test,48355,352060,49.19473953303415,50.805260466965855,86.79003578935409,4.050161904220872,99.43089978448276,57.32197377873562,42.10892600574713,0.5691002155172413,12.21933626449281,82.63209776094881,5.1485659745583705,32.21600014404811,42.51255919477106,25.27144066118084,47.36776976382407,32.44944138028568,20.182788855890255,17.959099682929804,35.794606734659354,17.74541185534389,14.367198550403163,3.0,31.411084326267506,81.11189913317574,28.79590228526399,6.939322301024427,17.96847911741529,50337.0,0.4632,25176.0,66.7606267278247,6.4570834519087255,61.144832670047634,53.1348969569009,14.731474267158726,97.03492908615229,27.256609918026285,1.0097764722081977,62.03459637561779,9.888888888888893,32.41038459353519,30.503323297165256,31.362835880247694,12.746122819973866,9.159802306425043,9.98888888888889,11.253761053318444,1.264872164429553,"Nueces County, TX",Texas
248,820,1.1314021114911006,1.2483859139528406,test,19075,12407,49.12549367292658,50.87450632707342,98.29934714274201,0.4110582735552511,97.35254691689009,76.70911528150134,20.64343163538874,2.6474530831099194,15.030707897855835,83.84872319793125,1.120568904212908,20.174821661810512,61.57942328946047,18.245755048729027,40.48035443628309,36.78442345808558,22.73522210563134,6.218169870215213,6.871074990764685,6.5556831228473005,10.518155854753164,4.0,25.53937719205017,76.03704418290566,34.883272236156664,3.8587690526721965,6.8300212232297906,56750.0,0.425,31076.0,67.49002265127818,3.404187310212562,86.5252293577982,75.119825708061,10.149082568807339,99.34640522875816,6.794724770642202,0.2178649237472767,1.2089949222213263,3.0,30.52309180301443,23.502861287982586,32.989441444345935,19.424518417022647,1.2895945837027485,3.1,3.4847137877986336,0.3847137877986335,"Grundy County, IA",Iowa
249,2215,1.561647248597752,1.84541078315813,test,41027,22749,49.78680381555233,50.21319618444768,87.81924480196932,0.5450789045672337,98.82826803368731,72.00659099231049,26.82167704137679,1.171731966312706,13.349693251533742,78.93251533742331,7.7177914110429455,30.446324871411978,47.392290249433096,22.16138487915492,44.43424675494952,23.82325947292513,31.742493772125343,14.340378197997776,30.708283313325328,12.885265460330086,10.1332274572084,5.0,22.03716690042076,78.20246672365369,31.444620832824523,5.397484430333374,14.702649896202221,55827.0,0.4442,27719.0,68.63953966296754,4.807527801539778,66.0394973070018,67.67546683837733,14.764811490125673,98.06825499034129,23.425493716337524,0.6761107533805538,30.542001846235,4.666666666666667,30.823332893753573,26.38797309771858,34.87625829706801,13.956657435491671,11.63567629346345,4.766666666666667,6.330699801202695,1.5640331345360288,"Hood River County, OR",Oregon
250,1979,2.132192107065365,2.1144492401011625,test,37191,124355,49.13835390615576,50.86164609384424,57.26910860037795,31.328052752201362,98.43096928282358,54.985736084389295,43.44523319843429,1.5690307171764082,14.51694154237028,80.81017149615612,4.672886961473597,31.60700224120177,43.11385708805298,25.27914067074525,46.98724094697249,34.625218182265165,18.387540870762347,22.29782110280897,55.19937040923399,21.975331639102148,16.46797568957457,4.0,39.943454533499896,75.24721228697665,32.911845150431304,9.051125604881127,19.644435093625077,40390.0,0.4455,21204.0,63.3650992032495,11.751549732318963,62.03493725862093,68.31207356867397,21.14377602770791,98.29130821714622,22.485190835498013,0.13645802432512608,10.745044429254957,8.333333333333334,30.87370833500865,29.615214506855374,32.16034739254554,13.946363234288928,11.402838647420692,8.433333333333334,8.285021451737313,-0.1483118815960207,"Wayne County, NC",North Carolina
251,1096,2.232401036136941,2.337532640758198,test,21219,12524,49.944107313957204,50.055892686042796,85.8192270839987,8.455764931331844,99.67320261437908,71.3903743315508,28.282828282828284,0.32679738562091504,12.908259948723664,82.65522238323487,4.436517668041467,23.88213476200289,49.83515351329075,26.282711724706363,64.55665024630541,24.66748768472907,10.775862068965516,18.47314619503489,29.13779830638953,20.399946315930745,15.449072567523592,6.0,27.32360364314716,68.62272826800964,36.895117144733966,8.386249178892053,16.86008320560543,40497.0,0.4257,19042.0,56.53148106654717,8.52160126833135,57.23216822961068,54.925847457627114,20.98607558965616,97.61652542372879,26.214833759590807,1.4300847457627122,4.024273395081444,9.222222222222221,33.29607154263814,26.676780581283932,30.828808687320343,15.618013414244649,5.725007984669435,9.32222222222222,10.355653896550015,1.0334316743277956,"Todd County, KY",Kentucky
252,1840,1.67189092708065,1.938706304253589,test,36037,59458,49.81163174005179,50.18836825994821,92.19785394732416,2.775068115308285,98.96733909702208,67.94748639129043,31.019852705731672,1.032660902977906,13.997095228804927,82.6060566647157,3.3968481064793736,27.75180620484489,50.68504239774958,21.563151397405534,46.44544052438789,33.53576248313089,20.018796992481203,13.213274668303836,25.776269792309275,12.73199883393256,13.439573680905587,5.0,28.17453553775354,77.27462611747012,33.62854039602306,4.895981284986214,12.018547915448242,50880.0,0.4003,25240.0,67.3766961016584,6.390052104977144,75.2775359164127,74.3232072742302,18.257509795385285,98.16077702004546,11.025250326512845,0.09299442033477992,2.96680009418413,5.222222222222221,27.540448720104948,25.791314877728816,36.24911702378149,16.92455178445289,5.027077937367553,5.322222222222221,6.949754284848068,1.6275320626258472,"Genesee County, NY",New York
253,2543,1.7520942128356236,2.1784362951796368,test,48055,39347,50.593437873281324,49.40656212671868,73.70574630848603,7.078049152413144,98.25436408977556,66.57269868806245,31.681665401713108,1.7456359102244388,10.82223068138561,84.1834792539018,4.994290064712599,32.519426369322126,40.98805989007518,26.492513740602693,56.972700747431965,27.587033854270754,15.440265398297296,19.323970996522814,32.074665146765454,21.464734636871512,15.123019795367725,2.0,25.235157277232734,79.8088506947233,32.1821540438519,8.368805718416192,18.151152517870052,47233.0,0.4186,20667.0,61.8272258803321,4.971927996758697,57.18229660943835,57.79084418311634,12.613234406004658,97.7320453590928,33.11621085324821,0.125997480050399,49.101583348158684,5.666666666666668,33.09273896358045,31.562762091137827,31.0417566777645,12.870104455231656,19.216204539100822,5.766666666666667,8.832484056720132,3.065817390053465,"Caldwell County, TX",Texas
254,1935,2.1959892467282267,1.92472313751157,test,37103,10166,48.84910485933504,51.15089514066496,65.09935077710014,31.71355498721228,100.0,61.280487804878035,38.71951219512195,0.0,14.786377708978332,81.25077399380805,3.9628482972136228,25.290731821919408,49.160108070010565,25.549160108070012,49.28992497320472,37.58038585209003,13.129689174705256,21.480822459470147,70.88055797733217,20.01177163037081,24.88323561562159,4.0,38.93946850393701,67.57736943907156,42.625725338491286,7.930367504835589,24.975822050290137,34005.0,0.4645,20630.0,56.15812229771464,11.636603607567091,56.45940990165028,63.024809160305345,23.070511751958666,98.47328244274807,26.821136856142694,0.0,4.170765296084989,8.888888888888891,24.69998032657879,24.168797953964194,35.638402518197914,20.745622663781237,3.187094235687587,8.988888888888889,6.8532509950900335,-2.1356378937988554,"Jones County, NC",North Carolina
255,3005,2.232401036136941,2.643139195201595,test,54041,16434,49.780941949616654,50.219058050383346,97.80941949616648,0.535475234270415,99.35653699912254,61.450716583796435,37.90582041532612,0.6434630008774496,13.734107675404177,83.14236383613247,3.1235284884633496,25.45307204950641,48.7328716664211,25.81405628407249,62.98426662155304,22.89798680426324,14.117746574183727,20.584988962472405,48.702155741311046,21.071361678216885,20.27159285539516,6.0,29.790016152603645,63.56114005516395,40.59148023291449,9.056083358872202,19.307385841250387,37849.0,0.4462,21067.0,51.84927267099969,6.998955379794063,57.9165403657674,65.77469441691443,27.250682024856008,98.31516352824579,18.359098716782864,0.2642880740006607,1.077035414384812,9.222222222222221,26.238286479250327,25.039552147985876,35.298770840939504,18.796397712060358,1.655105269563101,9.32222222222222,14.05726290844865,4.73504068622643,"Lewis County, WV",West Virginia
256,2970,2.7508258415684153,3.013854953847673,test,53049,20645,50.23492371034149,49.76507628965851,89.40663598934368,0.3051586340518285,99.57805907172995,63.51617440225035,36.0618846694796,0.42194092827004215,17.829964328180736,77.74078478002379,4.429250891795482,21.751667985977612,50.932941309510355,27.31539070451205,44.19551934826885,39.03385947046843,16.770621181262733,19.19083072100313,43.215876873228034,20.32218974980398,27.55662319835278,6.0,48.965151247125426,57.17582417582418,52.47252747252747,7.406593406593406,22.714285714285715,37684.0,0.4287,21923.0,46.17028856430353,8.577674897119344,54.330223552191505,68.5948905109489,26.43900721703925,98.54014598540148,23.543390248195728,0.7116788321167883,8.752724630661177,15.555555555555555,22.37345604262533,19.370307580527975,36.21215790748366,26.834584645192546,10.288205376604504,15.655555555555557,20.36575785169949,4.710202296143935,"Pacific County, WA",Washington
257,2816,1.789905900578732,1.9212479943861174,test,51007,12777,50.81004930734914,49.18995069265086,73.34272520936057,24.324958910542367,98.97285399853266,71.20322817314747,27.76962582538518,1.0271460014673517,8.564791435208564,88.92031107968891,2.5148974851025154,24.033517425252327,55.77032946105504,20.19615311369263,54.335772898647136,31.12663561765358,14.53759148369927,11.61468614291354,21.116071428571427,11.145856600402057,14.986590944943998,2.0,29.340364142871355,73.4906462585034,37.96768707482993,5.973639455782312,13.116496598639458,56850.0,0.3973,24868.0,59.897508038585215,4.999161214561315,70.97104791186267,76.32805219012116,14.693825262618498,98.50885368126751,18.626697412246987,1.4911463187325256,1.0174532362839477,5.8888888888888875,27.54950301322689,23.190107223917977,37.9901385301714,17.484542537371837,2.3323158800970494,5.988888888888888,6.829476301166009,0.8405874122771211,"Amelia County, VA",Virginia
258,2735,2.132192107065365,2.358172656696082,test,48439,1914526,48.95551170368018,51.04448829631983,70.64187166954117,15.420683761933766,99.5318919001778,66.66928536390951,32.86260653626832,0.4681080998221841,12.539879468892007,82.66669782297714,4.793422708130848,31.667038048208266,46.8595006058373,21.47346134595444,38.64202844790623,31.08896641917743,30.269005132916345,14.99464560126748,27.425609701945422,14.335242299922948,10.207472157131198,1.0,24.33391313355403,84.78204403201845,21.686206932378653,3.932246559117282,12.260125241748636,58711.0,0.4636,29058.0,71.14268718118568,6.609738442580188,67.40968176607427,56.116002071465566,9.451654856637193,94.791899479408,25.53522226765973,1.6528114693777427,27.607877876821732,8.333333333333334,34.33894342516111,31.126398910226346,31.69343221246408,9.887564859396008,13.937444568525054,8.433333333333334,10.571615820014705,2.138282486681371,"Tarrant County, TX",Texas
259,14,2.1709566505156093,2.506381735468783,test,1029,15002,48.88681509132115,51.11318490867885,93.97413678176243,2.9462738301559788,99.10945130709568,74.80609020396439,24.303361103131284,0.8905486929043378,13.477801268498945,84.14376321353066,2.3784355179704018,19.561983471074377,55.13223140495867,25.305785123966945,63.12859884836853,24.80806142034549,12.06333973128599,16.972321851526026,35.773975328292885,16.49241492414924,20.16704836319548,6.0,20.519052165610624,66.84556786703601,40.979916897506925,11.011080332409973,15.737534626038782,38056.0,0.4381,20151.0,57.465904091509024,7.6864186188945025,63.55864584520688,54.24382716049383,19.75379003761541,99.88425925925924,21.22421064630115,0.0,2.299693374216772,8.666666666666666,29.04279429409412,24.730035995200637,34.36875083322224,17.697640314624714,3.079589388081589,8.766666666666667,12.260488018531113,3.4938213518644456,"Cleburne County, AL",Alabama
260,2348,2.7365296724240786,2.430857027191397,test,45077,120124,49.80769871133162,50.19230128866838,88.6667110652326,6.6722719856148665,99.24411975845615,68.78932477513618,30.45479498331996,0.7558802415438538,13.189413479869911,75.69137602332623,11.119210496803856,34.94399013112079,45.43265882727472,19.623351041604487,48.268663551024254,29.32834112243936,22.402995326536388,20.015625416159878,24.952944339876307,25.043008797571925,14.344705123587598,3.0,25.09530586170003,73.7826457017426,33.77906195403845,4.490883841777539,11.992115755050845,41459.0,0.4537,21222.0,57.87151281944038,8.764861055902866,72.2678240888492,60.0832321831108,13.014616710282759,98.86711750765852,17.408565775196273,0.16762036876481126,3.3257300789184505,15.333333333333336,29.067463620925047,34.55928873497387,30.92387865871932,14.689820518797244,4.6610169491525415,15.433333333333332,11.368621123524344,-4.064712209808988,"Pickens County, SC",South Carolina
261,634,2.4069451083182885,2.0981211467736722,test,17091,112221,49.15657497259871,50.84342502740129,80.25948797462149,15.026599299596331,99.34026242075777,61.51776500073714,37.82249742002064,0.6597375792422232,13.747754763669253,82.05192619295845,4.200319043372314,34.198989324319804,44.32136363129302,21.47964704438718,46.44396699191221,34.78439368850328,18.771639319584523,16.138175870336983,30.36148090564571,15.958653363003375,16.782535898229202,4.0,27.94341290893015,77.10127201565558,30.445205479452053,5.017123287671233,17.866927592954987,52110.0,0.4201,24449.0,65.6069748600312,9.639664547046355,70.89209528324247,70.71677746330548,18.113000711068974,97.261896926216,14.381369992889312,0.25669716316724805,9.626540487074614,11.0,31.618859215298386,28.692490710294873,32.52956220315271,14.42599869899573,4.713912725782162,11.1,8.150841282512983,-2.949158717487016,"Kankakee County, IL",Illinois
262,2417,1.2006339030604214,1.2895426860872965,test,46127,14842,50.37057000404258,49.62942999595742,94.2999595741814,0.3166689125454791,98.95470383275259,77.13749664969177,21.81720718306084,1.0452961672473868,16.49381368267831,82.20524017467248,1.3009461426491995,21.98846284356973,57.57550050899218,20.436036647438073,38.29066640103596,30.24205598167148,31.467277617292556,5.343250989490924,3.8570618264322176,6.254229096181732,10.243173481863877,4.0,28.56499414467165,81.84879609361845,28.50648257282371,3.1655160801481728,4.967166189594208,64471.0,0.4594,36730.0,69.10199253935039,2.409479921000658,87.21539162112933,71.18260081558677,9.24408014571949,98.59537834164024,8.492714025500911,0.5890348889895787,2.998248214526344,3.2222222222222223,32.28675380676459,23.723217895162378,35.7970623905134,15.341598167362887,5.383371513273144,3.3222222222222224,3.631125611734332,0.3089033895121096,"Union County, SD",South Dakota
263,818,1.9443215863701753,1.7421843544304536,test,19071,7106,49.57782155924571,50.42217844075429,96.819589079651,0.2955249085280045,95.51856594110113,69.65428937259924,25.86427656850192,4.481434058898848,14.626920940566563,83.09572301425662,2.277356045176819,19.263845889232886,57.68833849329207,23.047815617475056,44.19845819331884,34.31508203202214,21.486459774659014,10.955137481910276,21.352893235533823,10.04872107186358,14.921953315194044,6.0,34.981949458483754,79.04536222071769,36.831415030467156,4.705484089370345,12.830060934326337,53324.0,0.4347,29060.0,65.44917911824386,3.607666290868095,74.03369672943508,66.06498194945847,19.177403369672945,95.95667870036101,11.34786917740337,2.382671480144404,2.533070644525753,6.8888888888888875,27.89192231916691,21.93920630453139,35.111173656065304,20.911905432029272,2.8848860118209965,6.988888888888887,5.709802042085618,-1.2790868468032688,"Fremont County, IA",Iowa
264,2302,2.707309185877491,2.5693179349776285,test,42129,361251,48.78242551577712,51.21757448422288,95.00402767051165,2.363176849337441,99.17063162949059,70.2533211110626,28.917310518427982,0.8293683705094068,15.396778442185926,82.36841549221374,2.234806065600327,26.24934951020982,52.45451480825688,21.29613568153329,46.17241470781054,27.378385445285286,26.449199846904172,10.404866436252572,18.44931459006374,10.103219236733088,14.586012422569064,2.0,31.590671890772835,72.2060156244832,38.655712329582656,5.780132695653324,12.27070971668221,52247.0,0.4448,29472.0,62.817981504936064,5.4272172875513744,79.8435323806153,75.78859440480234,14.760541109522734,98.03063767131044,9.322326053881124,0.14299467663382034,1.0433189112279273,14.888888888888893,25.06512092700089,23.03190856219083,37.78425526849753,20.102920130324897,2.63279548015092,14.988888888888894,13.056915737597791,-1.9319731512911034,"Westmoreland County, PA",Pennsylvania
265,3133,2.1835512754360096,2.0107456014348104,test,56043,8400,49.33333333333334,50.66666666666667,91.23809523809523,0.6785714285714286,100.0,67.84313725490196,32.15686274509804,0.0,18.221503637833468,78.96523848019402,2.8132578819725143,18.737878561837984,54.66209160077579,26.600029837386245,41.88445667125172,36.98418156808803,21.131361760660244,13.8489646772229,21.87311178247734,14.304171280915467,17.964290052228833,6.0,40.96538583677358,76.45216400911163,34.054669703872435,3.0182232346241458,9.253986332574033,47652.0,0.4536,27394.0,65.86468593573389,6.717332679578327,64.17781614156236,70.04490057729313,12.300388433318947,96.60038486209109,27.64350453172205,0.0,13.98809523809524,8.777777777777779,31.690476190476193,21.41666666666667,34.40476190476191,19.154761904761905,8.083333333333332,8.877777777777778,7.468884082466769,-1.4088936953110096,"Washakie County, WY",Wyoming
266,854,1.4637696732881809,1.368530809798106,test,19143,6211,50.20125583641926,49.79874416358074,95.52407019803572,0.4025116728385124,99.4358251057828,80.60648801128349,18.82933709449929,0.5641748942172073,17.31509191962377,81.27404873877725,1.410859341598974,19.154873430336856,60.11560693641618,20.729519633246962,51.78163544997716,30.813156692553676,17.40520785746916,8.54238399737662,12.17183770883055,8.516547095579726,13.934828884886198,6.0,28.23455759599332,75.76779026217228,36.554307116104866,3.9325842696629216,9.700374531835203,49448.0,0.3992,25306.0,70.10023459159736,3.346516580468512,79.58892377961747,73.01854974704891,12.73194404795889,96.7116357504216,13.10305452469312,0.5902192242833052,6.5206890999838985,4.2222222222222205,28.336821767831267,21.510223796490102,35.5820318789245,20.061181774271454,4.073418129125745,4.322222222222221,3.9295731619747154,-0.3926490602475057,"Osceola County, IA",Iowa
267,1810,3.4826066764974684,2.3456835876792708,test,35039,39949,49.12513454654685,50.87486545345315,62.51470625046935,0.5256702295426668,99.83518747424804,50.957972805933245,48.87721466831479,0.16481252575195715,15.031110509941836,82.16894359529284,2.7999458947653184,37.329955905807296,37.96478719079338,24.70525690339932,50.37114401879965,32.992651721436836,16.636204259763513,23.74322108714844,44.0577123308047,27.440554681185926,17.33487891540458,5.0,23.768077572227554,65.3823743627094,33.94027676620539,6.860888565185722,16.773488710852153,36098.0,0.4957,19678.0,56.4239471400921,10.852850721551928,51.414576471581796,46.817313812858046,24.14069757621823,91.8523233609166,28.30419728063508,4.519414385741566,71.45110015269468,32.44444444444444,31.297404190342693,25.57260507146612,34.18358406968885,15.905279231019547,36.95962351998799,32.544444444444444,10.440407222488535,-22.10403722195591,"Rio Arriba County, NM",New Mexico
268,856,1.094901709271574,1.5040331019839626,test,19147,9208,50.15204170286706,49.847958297132934,97.19808861859251,1.259774109470026,98.22222222222223,72.2962962962963,25.92592592592593,1.7777777777777777,18.377507687802023,78.94274417923562,2.6797481329623665,21.802403204272366,56.234979973297726,21.962616822429904,38.131989289651905,41.86486060796975,20.003150102378328,10.72155620900249,20.20322773460849,9.805497508439158,15.313714602998335,6.0,28.645107332032342,75.60975609756099,35.001257229067136,5.984410359567512,11.71737490570782,47113.0,0.423,26154.0,66.74795581695597,2.8368794326241136,80.99078341013825,68.3494044242768,13.728878648233485,100.0,10.138248847926267,0.0,2.0091225021720245,2.888888888888889,28.290616854908773,25.0,31.917897480451778,20.992615117289308,1.5421372719374458,2.988888888888889,4.499800677849097,1.5109117889602084,"Palo Alto County, IA",Iowa
269,2583,2.455782938066032,2.2083517016432763,test,48135,149557,50.269796799882315,49.730203200117685,85.33468844654546,4.247210093810386,99.43511796733213,64.95916515426498,34.47595281306715,0.5648820326678766,11.29446030398889,83.2574647017977,5.4480749942134095,30.305900857022852,46.09871401889203,23.595385124085112,54.543302026135684,30.8216166240092,14.635081349855113,12.994357944989964,20.6643598615917,12.689716523644725,13.144095078050661,4.0,20.81194675572338,85.47416843595187,24.306047023669105,6.481481481481483,13.623496107572546,57150.0,0.4411,26135.0,69.93706461686284,5.003640760025829,61.55925942409542,51.49658426649764,10.859406293114958,95.76730755687021,30.16600649784147,1.6057468835833508,56.52226241499896,11.555555555555555,36.70908081868453,33.095742760285376,27.65835099660999,9.7407677340412,10.418101459644149,11.655555555555555,9.100703349076209,-2.554852206479346,"Ector County, TX",Texas
270,440,2.312535423847214,2.1995524291770883,test,13121,983903,48.59838825575286,51.40161174424714,45.648910512520025,44.06216873004757,99.71707740079096,57.51825201133442,42.19882538945654,0.28292259920904306,19.97658777161302,71.9373272655487,8.086084962838283,43.73589563654538,35.474083311035606,20.790021052419007,27.061473299049112,23.638893372998485,49.29963332795239,17.558576315207027,33.61034653115957,17.899368414216358,9.699367396893075,1.0,17.87089377663205,81.28472432406825,21.154235874059427,4.40207707714294,14.014743773637544,57207.0,0.5443,37926.0,69.57631273660607,9.747527354572638,72.15150149295519,57.729596333509605,10.061948794944414,94.59254881222715,20.097438208884512,1.4091517093352413,7.622905916538521,10.0,30.137726991380248,34.66479927391217,32.07135256219364,10.009726568574342,10.288920757432386,10.1,9.02097507052428,-1.07902492947572,"Fulton County, GA",Georgia
271,1255,1.7326383462202575,1.8017756090392119,test,26061,36660,54.21713038734315,45.78286961265685,93.61702127659576,0.7419530823786143,99.41168605428531,76.36047599946517,23.05121005482017,0.5883139457146678,15.61968183499815,71.15797262301146,13.222345541990382,40.01510871707285,42.88576496091441,17.099126322012744,41.75317722638611,27.177505702714033,31.069317070899874,21.445531939537847,21.886356128179717,28.85546170636804,11.953521748730404,5.0,29.301416372303578,70.80276062477297,35.96077006901562,4.664002905920814,14.456956047947696,37776.0,0.45299999999999996,20081.0,57.263589886272754,6.8205283935621015,74.98930069331506,69.25932801188047,16.07035864076008,99.0161499907184,13.241461953265429,0.2784481158344161,1.4348063284233497,5.5555555555555545,30.073649754500817,36.14839061647572,27.722313147845068,15.684669939989087,5.6410256410256405,5.655555555555554,6.060398815408082,0.40484325985252756,"Houghton County, MI",Michigan
272,2587,1.9909138641722421,1.799095123357599,test,48143,40039,49.182047503683904,50.81795249631609,90.8664052548765,1.4610754514348507,99.8932004271983,70.41651833392667,29.476682093271627,0.1067995728017088,13.815568540533281,71.77110618577474,14.413325273691989,37.508732497038544,43.49239133736294,18.998876165598517,42.67600052833179,30.744507550741872,26.57949192092634,24.40553958714397,31.171482412060303,32.59906036698874,10.734063266493036,5.0,19.703510888197574,79.72824595113917,23.387318144386487,3.170463903376338,11.082898709854515,41416.0,0.5055,21903.0,64.12277597245905,4.004014049172103,66.7600337656358,57.40187288304443,9.619369196531348,96.95158398087268,26.71322231601566,0.7770472205618649,19.91807987212468,7.222222222222222,31.62416643772322,38.537426009640605,26.756412497814626,13.384450161092934,7.672519293688652,7.322222222222222,6.044175755711691,-1.2780464665105313,"Erath County, TX",Texas
273,3018,2.7649205075996024,2.722954548022419,test,54067,25930,49.28268414963362,50.71731585036638,99.32896259159277,0.034708831469340534,98.43895186768259,72.62590596543394,25.81304590224865,1.561048132317413,13.37386018237082,84.39552897342877,2.230610844200412,20.37183728624016,56.93117748473976,22.69698522902009,64.17581235205509,21.9388853023456,13.885302345599312,18.055771927091445,32.77120563805689,19.534774711431414,20.85627860079113,6.0,27.22224928157421,63.74339482710671,45.619727449707966,8.120886251969964,22.100676740521003,39171.0,0.4908,23404.0,51.82098916719767,8.41846386681801,61.73752310536045,73.1960950764007,25.055771559691504,99.490662139219,17.987124737076932,0.2758913412563667,0.026995757809487084,15.777777777777779,26.367142306209026,25.04049363671423,35.564982645584266,18.573081372927113,0.6363285769379098,15.877777777777778,15.225239558527482,-0.652538219250296,"Nicholas County, WV",West Virginia
274,597,1.7326383462202575,1.805479347580319,test,17017,13254,51.094009355666216,48.905990644333784,89.45224083295608,3.5008299381318846,99.8151001540832,65.26964560862865,34.54545454545455,0.18489984591679506,15.514780835881753,82.17125382262999,2.3139653414882773,27.453756134390332,48.72593431483579,23.820309550773878,60.96712666891057,25.17670817906429,13.856165152025133,12.92793137780501,27.802153968887115,11.182577296321373,13.067053612341535,6.0,31.00449775112444,76.90384615384616,33.596153846153854,5.615384615384616,8.846153846153848,47434.0,0.4148,24262.0,67.11341252919078,8.078668683812404,72.61437080217969,71.91011235955057,16.043593967811432,97.75280898876404,13.876568242301355,0.0,18.356722498868265,5.5555555555555545,31.45465519843066,25.939339067451336,33.672853478195265,15.904632563754339,7.046929228912027,5.655555555555554,6.082886566744211,0.4273310111886568,"Cass County, IL",Illinois
275,490,2.4069451083182885,2.246013097881507,test,13223,147400,48.90705563093622,51.09294436906378,78.01085481682497,17.546132971506108,99.81097765229458,72.414700674738,27.396276977556592,0.18902234770541226,8.074599271923304,88.86919396954276,3.056206758533936,25.32741418115441,54.83102061070056,19.841565208145038,45.97198843281971,30.22249557598516,23.80551599119513,12.595000238994313,20.73500741990864,12.088428472259304,9.608281426760618,2.0,28.66950510634666,85.14151903889228,23.20912237833436,3.3720219914477703,11.453879047037265,60109.0,0.3967,24930.0,71.83138869823837,8.184038007272342,76.55338698641296,64.40651547034525,8.733287717354706,96.92151819811394,17.943371020820432,0.17145974592783106,5.483717774762551,11.0,35.97557666214383,29.23270013568521,33.54952510176391,8.796472184531886,4.443012211668927,11.1,9.4499844677646,-1.6500155322354004,"Paulding County, GA",Georgia
276,2277,2.8583840824027678,2.4550308798925764,test,42079,320095,49.19976881863197,50.80023118136803,89.85894812477547,3.938830659647917,99.12081633948549,57.74205322711187,41.37876311237364,0.8791836605144969,16.742730366780933,80.09446335255015,3.1628062806689248,33.35144792674756,43.46385766396189,23.184694409290557,50.60511139600764,28.011789429164292,21.383099174828068,15.846616746350913,37.428969420921135,14.900813858962259,15.503580655178265,3.0,29.58814775569355,71.69210207316694,37.890467161905946,6.2964286824355815,17.111397755882262,45897.0,0.4492,25224.0,63.225728788395564,7.605605199025183,74.63553063101926,71.07829331831303,17.138506156348914,98.0532281912272,12.434317552221119,0.25698796029007953,8.634311688717412,17.333333333333332,26.105999781314924,26.787672409753355,34.83653290429403,18.620097158656023,6.2022212155766265,17.433333333333337,11.646793195049245,-5.786540138284092,"Luzerne County, PA",Pennsylvania
277,448,2.118929313186954,2.216918367725482,test,13137,43527,47.264916029131356,52.735083970868644,87.82364968869896,3.848186183288534,98.79793363798927,73.09755612954501,25.700377508444266,1.202066362010729,11.883129616314793,85.17876985423884,2.938100529446369,25.48455955599829,49.24149708268109,25.273943361320626,55.79022548719519,26.7013570043873,17.50841750841751,17.81968062788459,35.432098765432094,17.82981504979429,14.649233456239084,5.0,27.47982062780269,71.29305705059205,38.004574811625396,6.290365984930032,15.756189451022605,40907.0,0.4216,19026.0,58.1616278323384,7.4660633484162915,63.356625694561366,60.90245879492029,11.500252567772353,95.69035395838965,27.778245495874724,2.0399891921102404,13.518046270131185,8.222222222222221,29.701105061226365,28.24453787304432,31.54363958003078,17.085946653801088,8.328164128012498,8.322222222222221,9.179000931563245,0.8567787093410235,"Habersham County, GA",Georgia
278,775,2.5810582263605166,1.9970243183789707,test,18169,32358,49.119228629705184,50.88077137029483,95.97935595525064,0.8344149823845727,99.24953095684805,70.70284312310578,28.546687833742237,0.7504690431519699,15.180168668540759,83.43555669137066,1.3842746400885937,26.26205757609879,52.49784183462823,21.24010058927298,54.308508227188256,26.875481619146914,18.816010153664838,14.363606503530955,34.51362641734633,12.53504395343312,15.158947569599288,5.0,25.96324836988737,72.98659018680722,37.268428803968675,3.6353771025501898,11.727773040849547,45649.0,0.4049,22674.0,64.26732066217046,6.671754754181772,75.42175066312997,66.01959038290293,13.442970822281168,99.32324131789848,14.36604774535809,0.0,2.3456332282588543,13.111111111111107,29.287965881698504,25.57327399715681,33.50330675567093,19.148278632795602,3.1862290623647938,13.211111111111109,7.367101301943476,-5.844009809167632,"Wabash County, IN",Indiana
279,384,1.410986973710262,1.4308833661285483,test,13007,3292,47.964763061968405,52.035236938031595,50.516403402187116,47.66099635479953,100.0,53.753753753753756,46.246246246246244,0.0,15.07996953541508,83.32063975628333,1.5993907083015997,31.740861382555188,46.90553745928339,21.35360115816142,61.892130857648105,29.53138815207781,8.576480990274094,22.878004259202925,61.613691931540345,23.518344308560682,18.59052247873633,4.0,20.335110434120335,68.08675445391171,36.793183578621225,13.090627420604186,18.04802478698684,44297.0,0.4713,20959.0,52.43716679360246,6.8990559186637626,55.13928914505284,34.92647058823529,14.169068203650337,100.0,31.892411143131604,0.0,1.944106925880924,4.0,27.09599027946537,24.422843256379103,38.82138517618469,16.524908869987847,1.8226002430133657,4.1,4.182392144125083,0.082392144125083,"Baker County, GA",Georgia
280,477,2.5640942911418034,2.4132564301890937,test,13195,28232,49.369509776140546,50.63049022385946,85.0878435817512,8.982714650042505,98.55182926829269,64.69512195121952,33.85670731707317,1.4481707317073171,12.457409568261376,83.57526254375729,3.9673278879813294,25.578445523334647,48.18265319511875,26.238901281546607,58.31257783312578,26.11560813615609,15.57181403071814,17.146124432691277,29.85194077631053,18.17781932149337,16.59894496720844,4.0,24.818597772334428,72.59440902403139,35.53702795487984,6.866110838646398,14.320745463462481,41912.0,0.4213,20857.0,57.57787400474926,8.361636745916222,64.57036476816569,57.78917910447762,14.852521961719706,97.43470149253731,23.37541450927919,1.1194029850746268,4.505525644658544,12.888888888888893,29.72867667894588,26.246812128081608,35.0559648625673,15.393879285916688,5.92944176820629,12.98888888888889,11.170277210535954,-1.8186116783529371,"Madison County, GA",Georgia
281,1112,2.2442495159810822,2.3319497525386375,test,22011,36259,51.0576684409388,48.9423315590612,82.13133291044981,13.17466008439284,99.31207687267964,62.95042585717405,36.36165101550557,0.6879231273203756,11.661195511107714,84.96831819222841,3.3704862966638682,24.52147281965616,51.98371267487993,23.49481450546391,58.844206385738794,26.091141147424363,15.064652466836842,20.21354933726068,37.74844484903657,21.54309545875811,21.061161818647104,5.0,36.94867309338594,75.23570559610707,31.592153284671532,8.181265206812652,15.00912408759124,45969.0,0.4486,22961.0,57.4383819740839,5.6433257464185305,61.122916371535155,70.45548654244307,17.830665344477502,96.85300207039336,25.211314161590405,1.3043478260869563,3.4832731183981904,9.333333333333334,32.36162056317053,27.84412145949971,33.023525193744995,13.842080586888773,4.6940070051573395,9.433333333333334,10.298000524319468,0.8646671909861343,"Beauregard Parish, LA",Louisiana
282,2569,1.928295602354331,1.5220294842645383,test,48107,6007,48.70983852172464,51.290161478275344,89.99500582653572,3.8788080572665216,100.0,61.81818181818181,38.18181818181819,0.0,12.734082397003744,85.6741573033708,1.5917602996254685,25.970084543680898,50.37936267071321,23.65055278560589,60.9724388975559,27.301092043681745,11.726469058762353,22.93531498057761,51.28440366972477,23.0060466455514,18.492224475997297,3.0,15.79310344827586,77.84376427592507,34.49063499314756,5.756052992233897,21.790772042028323,37434.0,0.4484,18692.0,63.783403656821385,10.143329658213892,50.24630541871922,41.2573673870334,11.85344827586207,97.74066797642435,39.68596059113301,1.9646365422396856,53.85383718994506,6.777777777777778,34.02696853670717,24.621275178957887,29.881804561345096,18.012318961211914,6.126186116197768,6.877777777777777,4.581513876657923,-2.296263901119854,"Crosby County, TX",Texas
283,2287,2.145281299175379,2.215929665680677,test,42099,45677,50.311973203143815,49.688026796856185,97.2174179565208,0.8625785406221951,97.88949726231957,71.8865107018417,26.002986560477854,2.110502737680438,12.233009708737864,84.78298115362652,2.984009137635637,24.09985597695632,55.526217528137856,20.373926494905852,57.48958692180014,26.51341956092825,15.99699351727162,9.37569478411668,15.686043775005885,8.939032328053807,12.576374745417516,3.0,32.40503477599752,78.52916781863422,33.5029029582527,3.7821398949405594,9.554879734586674,57177.0,0.38,27019.0,68.40261958997722,5.8194230529076325,77.93516560958422,78.76854599406529,11.546863988724455,97.28486646884274,13.971106412966876,0.400593471810089,1.6047463712590582,8.444444444444445,28.56579897979289,25.170216958206534,37.36234866563041,15.274645883048365,1.9200035028570177,8.544444444444444,9.169930119477087,0.6254856750326425,"Perry County, PA",Pennsylvania
284,2767,2.8773240425036892,1.9569067901919055,test,48503,18329,49.96453707239893,50.03546292760107,94.07496317311363,1.096622838125375,99.23732615522655,61.82144459398834,37.415881561238216,0.7626738447734409,12.187039764359353,85.75846833578792,2.0544918998527244,22.62254734395297,56.61448007110139,20.762972584945647,54.88800000000001,27.552,17.560000000000002,15.235932653965442,29.59302325581395,14.605983986514962,15.911608329641115,6.0,28.072957969865183,76.66900913562895,35.85382993675334,4.567814476458187,10.175685172171466,44693.0,0.4567,25524.0,64.01676717164288,5.640436530729464,62.85435947394058,61.02610261026102,9.128105211885046,98.07980798079808,29.897710667316126,0.24002400240024005,17.535053739974906,17.666666666666668,30.809100332805944,23.59648644224999,33.08418353428992,18.997217524142073,4.828413988760978,17.76666666666667,7.077401285048914,-10.689265381617755,"Young County, TX",Texas
285,506,2.312535423847214,2.177291072657936,test,13255,63873,48.35219889468164,51.647801105318365,63.072033566608745,32.89652904983326,99.97450767956153,53.017653431903646,46.95685424765789,0.02549232043846791,12.277185501066098,84.51812366737741,3.204690831556503,31.71919036638483,41.79230966317822,26.48849997043694,57.538766083800716,26.587170665032755,15.874063251166518,22.746225736879946,49.23491483014147,24.026760785966392,16.866261107749146,2.0,30.36934000456744,68.58740150548047,36.945899546595065,9.248580358321961,22.040762424615927,40246.0,0.457,19588.0,56.34344206591914,12.016132071915871,58.72343824892154,56.14642332704006,19.175054588059854,97.72393538913364,25.057250892048785,1.0593664778686804,4.239663081427207,10.0,31.099212499804306,27.54528517526968,32.52078342961815,15.344511765534733,4.031437383557997,10.1,8.82237468689971,-1.2776253131002893,"Spalding County, GA",Georgia
286,16,1.7127964254212538,2.4495874600467227,test,1033,54444,48.31202703695539,51.687972963044594,79.55146572625083,15.571963852766144,99.89023051591656,65.19462973908638,34.69560077683019,0.1097694840834248,15.03960912670177,82.08339262843319,2.876998244865044,24.70254704556109,48.9675647922852,26.329888162153715,50.69195958745527,30.725110503051987,18.582929909492734,17.42013149365682,35.35214498738243,17.62984026093502,20.027026026433674,4.0,28.645270429021192,67.77157268960548,36.876238515582784,7.8949738785804335,16.80327868852459,40576.0,0.4432,22546.0,55.03212499110932,8.887644321902464,69.69529426219438,69.29232048217811,17.775525248802065,97.83851189857631,17.357783511487902,0.0,2.4263463375211227,5.4444444444444455,28.26023069576078,25.08081698626111,35.089266034824774,18.060759679670856,4.876570420983028,5.544444444444445,11.583567049179495,6.0391226047350495,"Colbert County, AL",Alabama
287,1912,2.6461747973841225,2.5703652840946125,test,37057,163867,49.00803700562042,50.991962994379605,86.61109314260953,9.327686477448177,98.29340597708516,65.51558368720454,32.77782228988062,1.7065940229148306,12.972751518267408,83.38180007069181,3.645448411040777,24.190103775003767,52.27477816212964,23.5351180628666,51.292108092862556,30.026088949214678,18.681802957922766,15.909584198939564,30.80802661229745,15.83196306308817,16.50617794200199,3.0,26.90946238091844,74.7429975582824,34.64906141619621,4.874103796326537,17.409290968755347,43363.0,0.4365,23060.0,63.467432642778064,10.328436701979722,67.42555147987589,61.352393565224155,15.639494346257615,98.3796206130955,20.28475864229343,0.5297394149495579,6.6273258191094016,14.0,29.144367078179254,25.005644821715173,35.94561443121556,16.14174910140541,4.061220379942272,14.1,13.070598050594594,-1.0294019494054059,"Davidson County, NC",North Carolina
288,1144,2.6848194823870495,2.022869155686738,test,22075,23599,49.47667274037035,50.52332725962965,69.24869697868554,20.93309038518581,99.45695575786615,61.2202523558537,38.23670340201246,0.5430442421338445,11.440178991992465,86.33419689119171,2.2256241168158266,28.17423540315107,48.42719293463447,23.39857166221447,59.22009253139458,26.56311962987442,14.216787838731001,16.224695921261873,22.220043145714847,18.356145348433266,10.099192415730338,2.0,26.661862727436496,76.75876480148595,25.99257023450197,7.894125841653122,10.436498723009057,50314.0,0.4527,24837.0,61.88569348380051,4.588235294117646,72.99455535390199,50.387883265607684,12.29038112522686,96.41669745105284,18.25771324863884,0.5171776874769117,6.008729183439977,14.555555555555555,33.819229628374075,27.17911775922709,34.153989575829485,11.894571803889995,9.818212636128651,14.655555555555555,7.559984619160089,-7.095570936395466,"Plaquemines Parish, LA",Louisiana
289,456,1.86149280724273,1.9185957689229312,test,13153,147570,48.493596259402324,51.506403740597676,61.53215423188996,29.31896726977028,99.48842429462583,61.261190718555056,38.22723357607079,0.5115757053741551,12.744005497669061,83.96575100759645,3.2902434947344963,29.406612845882364,49.18358321554617,21.409803938571464,40.41949335837352,36.10955782277039,23.4709488188561,17.23129919233646,34.7948125777225,16.564835141068205,12.430063991014912,4.0,50.6097048187705,79.23415967714939,25.10461029179297,4.136058470179093,14.200963344553756,53270.0,0.4213,24368.0,65.84875377643505,9.157383113252184,72.93555446384707,72.21814624602592,13.516591487651286,99.06456346294935,19.486624090036177,0.0,6.480314427051567,6.333333333333332,32.67127464931897,30.43233719590703,32.23758216439656,11.349867859321,9.148878498339773,6.433333333333332,6.811386989290416,0.3780536559570846,"Houston County, GA",Georgia
290,1445,1.895451927785184,1.9488028162797877,test,28101,21663,47.16336610811061,52.83663389188939,63.23685546784841,30.355906384157315,99.96380090497738,50.027149321266975,49.93665158371039,0.03619909502262443,12.886898968269415,85.55577185127507,1.5573291804555187,28.592401197956427,46.39144987961713,25.01614892242645,47.595046082949324,36.592741935483865,15.81221198156682,22.552847076747288,51.522633744855966,22.65092695293931,19.53616169142645,6.0,31.160365058670134,71.7513419048808,38.384721008613155,7.639495693421545,15.790787666957936,37045.0,0.4791,20413.0,57.69568489713998,10.72942711164257,64.59307393612806,49.0827067669173,18.22648387352405,99.09774436090224,21.84008241540534,0.3909774436090226,1.615658034436597,6.5555555555555545,33.85496007016572,27.724691870932013,30.92831094492914,15.81036790841527,6.407238147994276,6.655555555555554,7.020277985163142,0.36472242960758816,"Newton County, MS",Mississippi
291,1008,2.943854012785326,2.721464182692481,test,21043,27326,49.41081753641221,50.58918246358779,97.9579887286833,0.8197321232525799,98.89682024659314,68.04023361453602,30.856586632057105,1.1031797534068788,13.771341910865415,84.59468714837827,1.6339709407563234,24.045407636738904,50.940009871225385,25.014582492035714,61.59408470613821,25.58582069265481,12.82009460120698,17.643955381368706,31.989596879063722,18.596287703016237,19.098918998963427,6.0,21.74077578051088,66.13902927433966,41.270143987794405,9.545151139506057,19.671974825975017,36696.0,0.4175,18948.0,53.60775283055076,11.168784678718453,59.34402595062173,51.989516321181796,24.106445605814862,99.38050988801523,20.74848321018802,0.0,1.247895776915758,18.88888888888889,29.707970431091265,27.278050208592553,34.377515918905075,15.77252433579741,1.2222791480641146,18.988888888888894,15.202565290018267,-3.786323598870627,"Carter County, KY",Kentucky
292,2311,2.5203810379816605,2.3051020572855263,test,45003,163908,48.39178075505772,51.60821924494229,69.67262122654172,24.80232813529541,99.60341503717986,58.26769484990361,41.33572018727622,0.3965849628201597,14.440476668137865,82.46037796412952,3.0991453677326164,28.78281480152232,47.784183097433136,23.43300210104454,45.63250476317072,29.08502813593868,25.282467100890607,18.084056153335112,43.5,17.018166827504142,14.282189972801115,3.0,32.2629356109761,72.70900700091043,34.781653219476965,5.269519354534895,15.791291244152827,45759.0,0.4579,25321.0,60.56973303210615,9.291971473975913,68.66213243865107,67.39861742634284,15.736339033216092,98.02964770248785,19.876947403630762,0.3400983327788252,5.2553871684115485,12.333333333333336,28.6703516606877,26.643604949117798,34.153305512848675,16.94304121824438,5.525050638162871,12.433333333333337,10.025201345053166,-2.4081319882801715,"Aiken County, SC",South Carolina
293,2020,0.6875761355104899,0.960974020419002,test,38073,5453,51.127819548872175,48.872180451127825,97.21254355400696,0.5868329359985329,99.84139571768438,73.1958762886598,26.645519429024585,0.1586042823156225,18.638613861386137,78.8118811881188,2.5495049504950487,23.72197309417041,54.30493273542601,21.973094170403584,46.51404786680541,35.37981269510926,18.10613943808533,9.271523178807943,8.923884514435695,10.624315443592554,14.393510658366349,6.0,29.12690839694657,76.44557823129252,36.43707482993197,3.741496598639456,8.758503401360544,56500.0,0.4398,30779.0,68.78712871287128,1.7992083483267365,86.7671143137897,74.36676798378926,11.66066164428431,99.69604863221883,6.9767441860465125,0.0,1.5954520447460114,1.8888888888888888,30.36860443792408,20.814230698697962,35.17329910141207,20.88758481569778,2.2006235099944984,1.988888888888889,2.6142415583976204,0.6253526695087315,"Ransom County, ND",North Dakota
294,708,2.677209095579635,2.427986529910294,test,18035,117335,47.977159415349206,52.022840584650794,88.76550049004986,5.806451612903228,98.88450855658094,61.0205178747424,37.863990681838544,1.1154914434190484,15.064979675960386,73.26157897750043,11.673441346539187,38.299377475947935,40.65506508205999,21.045557441992077,46.83891475266881,29.913219595212308,23.247865652118875,22.04525793379776,35.13978494623656,26.669166750804113,16.677743157749372,4.0,23.12174730019318,73.49489740171762,34.02242083870545,5.45224099123708,16.498765324184347,38830.0,0.4669,21179.0,60.91371101481838,9.774647392549136,71.15139237842175,70.0871359779867,14.538088159850568,98.54964457693191,17.13342365925205,0.08025682182985554,2.033493842417012,14.444444444444445,28.961520432948394,35.72761750543315,29.368901009928827,15.651766310137642,5.428047897046916,14.544444444444444,11.336034320040378,-3.2084101244040664,"Delaware County, IN",Indiana
295,2545,2.0208114572284313,2.432555882370953,test,48059,13532,48.88412651492758,51.115873485072406,94.28022465267513,1.699674844812297,99.13178294573645,76.71317829457367,22.41860465116279,0.8682170542635658,18.459131795072352,79.21392256550645,2.3269456394211967,21.96886446886447,49.45054945054945,28.580586080586077,51.17261778998521,34.49186562433974,14.335516585675045,19.010669253152283,26.14223281684545,22.66730630846725,17.4039104899264,4.0,37.67103347889374,63.56912573487578,38.42215057841835,4.835956760857197,10.961501991276316,40981.0,0.4825,22387.0,52.11226285937806,5.479452054794519,56.59369298931457,59.40438871473354,14.008339848840238,94.51410658307208,32.29085222830336,2.0768025078369905,9.089565474430977,7.444444444444445,30.268992018918123,22.036653857522907,34.81377475613361,19.317174105823234,4.0201005025125625,7.544444444444446,11.387951179238032,3.8435067347935856,"Callahan County, TX",Texas
296,2834,2.312535423847214,2.4872408887749167,test,51043,14299,49.17127071823205,50.82872928176796,88.733477865585,5.48290090216099,95.98552155314249,60.9081934846989,35.07732806844357,4.0144784468575185,13.672193530850773,82.15094681525777,4.176859653891456,24.823351278600267,49.234522207267844,25.94212651413189,40.33761900088332,28.687800569241336,30.97458042987536,11.063708759954492,20.50460552663196,10.428528618519627,10.982699943278503,2.0,38.231886641119324,77.0358306188925,36.02967788635541,1.6829533116178068,7.184220050669563,71295.0,0.4454,37558.0,65.60607430172648,6.048498208872968,78.84274050408236,72.20520673813171,5.869127913856349,97.70290964777948,17.074902378416756,0.0,4.063221204280019,10.0,29.064969578292185,21.80572067976782,37.8907615917197,18.777536890691657,5.783621232254005,10.1,12.028043585324738,1.9280435853247386,"Clarke County, VA",Virginia
297,741,1.8082887711792655,2.117696073013396,test,18101,10262,50.438511011498726,49.56148898850128,97.612551159618,0.29234067433248884,99.4535519125683,65.27952921395544,34.17402269861286,0.5464480874316939,17.857142857142858,78.81551901336074,3.3273381294964035,23.192409320201783,47.934182080230606,28.873408599567608,60.047679147384656,27.83620810545505,12.116112747160287,12.993404862683336,24.65753424657534,12.274888344618931,13.993509686301506,6.0,33.562954458476845,71.17353011187812,33.75386812663652,7.283980004760772,11.02118543203999,44589.0,0.4107,22939.0,63.4788189987163,5.783619817997978,71.82500816193273,68.87019230769229,14.381325497877894,98.61778846153842,16.797257590597457,0.0,0.23387253946599104,6.0,29.643344377314357,23.37750925745469,36.844669655038,16.595205612940948,2.0951081660495032,6.1,8.311965249399938,2.211965249399938,"Martin County, IN",Indiana
298,442,2.158201375540483,2.098057992396761,test,13125,3087,48.42889536767088,51.57110463232912,88.37058632976999,6.932296728215095,97.52604166666666,73.95833333333334,23.567708333333336,2.473958333333333,12.994604316546766,83.85791366906473,3.1474820143884887,20.741646291768546,53.21923390383048,26.03911980440098,65.28647087144921,26.62493981704381,8.088589311506983,16.246215943491425,42.125237191650854,13.295975547631178,11.998663101604278,6.0,16.041397153945667,73.14897413024084,38.00178412132025,4.281891168599464,11.685994647636035,40759.0,0.3853,18921.0,64.34352517985612,7.197763801537388,70.09664582148947,62.1505376344086,8.129619101762366,95.6989247311828,23.08129619101762,1.2903225806451613,1.5549076773566568,8.555555555555555,32.71784904437965,25.234855847100743,32.426303854875286,17.460317460317455,4.697116942014902,8.655555555555555,8.150326537464858,-0.5052290180906969,"Glascock County, GA",Georgia
299,1629,1.1314021114911006,1.2145292096655858,test,30075,1703,49.324721080446274,50.675278919553726,96.00704638872578,0.0,97.50889679715306,57.29537366548043,40.2135231316726,2.491103202846975,18.41339155749636,78.16593886462883,3.4206695778748184,23.36010709504685,51.00401606425703,25.63587684069612,35.584218512898325,39.98482549317147,24.4309559939302,9.32050511124474,7.03125,10.942492012779553,15.68862275449102,6.0,16.455696202531644,85.3174603174603,38.095238095238095,1.4550264550264551,4.62962962962963,46346.0,0.4309,29902.0,71.2742980561555,4.545454545454546,67.06948640483384,75.25252525252526,12.185297079556898,97.72727272727272,24.672708962739172,2.272727272727273,2.055196711685261,3.0,22.313564298297123,20.434527304756312,38.22665883734586,24.838520258367588,3.9929536112742223,3.1,3.368707735895336,0.2687077358953358,"Powder River County, MT",Montana
300,2623,1.166617017782167,1.796050068697528,test,48215,819217,48.73360782307984,51.26639217692016,91.40972416343901,0.6201043191242369,99.82464559286748,66.27891453457116,33.54573105829632,0.17535440713252248,6.567414064288959,90.98561888352086,2.4469670521902014,32.354482318383454,46.56070839115126,21.084809290465287,61.14460499853818,22.116670948765424,16.738724052696394,34.248762810656885,84.90629295604654,39.30464172933215,13.451211380580688,3.0,11.970066524987953,80.01348087902474,27.23762504408069,9.829882019989196,32.38624950339477,34782.0,0.4924,14689.0,61.321353481153075,9.627239114704349,38.227996750724024,35.19329181823787,11.939985519530973,92.53221530303965,51.27851946033765,5.54041556199519,91.03192438633477,3.111111111111111,42.50924968598064,31.16402613715292,24.855197096739932,10.124789890834784,7.970171517436769,3.2111111111111112,6.02579890361975,2.8146877925086384,"Hidalgo County, TX",Texas
301,2070,1.9443215863701753,2.07225396448274,test,39067,15633,49.2803684513529,50.71963154864709,95.83573210516217,2.0981257596110794,99.48531637904937,69.78504389948532,29.70027247956403,0.5146836209506509,12.973241653549831,83.57219782950874,3.4545605169414304,21.713578719455615,55.47479121558925,22.81163006495515,61.663249844014615,29.69070327123629,8.646046884749088,17.319601069030703,42.11672473867596,16.268771659607243,16.201807424744814,6.0,36.228710462287104,72.28512199011323,36.45351618561632,7.383192473289746,17.557008451602616,43173.0,0.4242,22197.0,58.14704421261799,5.610138117613555,69.52878441614975,72.30875735548635,18.598324083142884,95.7078573901004,15.126782021982805,1.0730356524749047,0.8123840593616068,6.8888888888888875,26.987782255485197,21.748864581334356,37.38246018038764,19.74029296999936,2.066142135226764,6.988888888888887,7.9427055332829894,0.9538166443941023,"Harrison County, OH",Ohio
302,2078,2.145281299175379,2.158466153310558,test,39083,61004,48.96236312372959,51.03763687627041,96.46416628417809,1.0540292439840009,99.31310016121118,72.16653816499614,27.146561996215038,0.6868998387888133,13.88464918366403,82.2788030155867,3.836547800749272,28.21892770105605,50.201056051990264,21.580016246953697,52.27877283206242,25.875915182529827,21.845311985407747,15.307892454466607,30.35483274810571,14.577796489750808,13.936054016482975,5.0,27.75398321055337,74.77920822531745,33.015510347554816,5.7515708071532154,14.372336218638782,48533.0,0.4271,23520.0,63.955705803319894,5.966862060786773,73.1888377133568,62.40796881766999,15.396911406123,97.21741013425724,14.193985369818476,1.158510177566046,1.3835158350272114,8.444444444444445,31.527440823552556,27.7801455642253,32.97652612943413,15.812077896531374,2.481804471837912,8.544444444444444,8.657847657689768,0.11340321324532354,"Knox County, OH",Ohio
303,2589,1.9909138641722421,2.2641727867692616,test,48147,33748,52.773497688751924,47.226502311248076,87.7089012682233,6.803366125400022,99.62447844228096,66.68984700973574,32.9346314325452,0.3755215577190543,12.678936605316975,84.69239945466941,2.6286639400136336,23.672296083363282,47.20086237872799,29.12684153790873,52.72843178920528,31.2707182320442,16.00084997875053,17.218435572865953,29.10434312488736,18.49067949488876,16.547182664547314,6.0,37.99329086728732,73.54267579756139,37.63153499248372,5.971271087355938,14.481376315349927,44071.0,0.4263,20545.0,59.52260030472321,6.598407281001138,63.73986448961458,56.38562789043046,15.150505387093187,98.61259338313766,25.535932466955447,0.4980434009249377,10.293943344790804,7.222222222222222,27.690529809173874,27.13049662202205,33.06566315040891,18.47220576034135,5.4877326063766745,7.322222222222222,9.62316090170623,2.300938679484008,"Fannin County, TX",Texas
304,822,1.094901709271574,1.7730125222903166,test,19079,15297,48.81349284173368,51.18650715826632,93.65235013401319,0.6667974112571092,98.03149606299213,76.74353205849269,21.287964004499447,1.9685039370078736,16.824295010845987,80.78091106290672,2.3947939262472886,21.79104477611941,57.71682129891086,20.492133924969746,42.194644023514044,37.88373612018289,19.921619856303067,11.405729513657565,20.8,10.687901755732517,13.31080633406215,6.0,27.77446554807938,74.43609022556392,34.74310776942356,3.352130325814536,13.1109022556391,49813.0,0.4312,26001.0,65.70165554303546,3.931398416886544,74.83156332077195,75.68345323741006,14.160100491035745,97.66187050359713,14.205778234555213,0.07194244604316546,5.380139896711774,2.888888888888889,29.535202980976656,23.527489050140552,33.98051905602405,19.245603713146373,5.680852454729685,2.988888888888889,5.888566104618167,2.8996772157292785,"Hamilton County, IA",Iowa
305,445,1.4637696732881809,2.100849684314749,test,13131,25243,49.53452442261221,50.46547557738778,64.72685496969457,28.73667947549816,99.17161613004065,49.48421381681776,49.68740231322288,0.8283838699593623,12.912043736935198,81.13844669561024,5.949509567454574,28.8759006398952,44.802740968408315,26.32135839169648,61.164526724395344,25.553896685577783,13.281576590026875,30.664367908263504,95.48427281220805,32.53799176253373,18.57810067462377,6.0,27.31761707550175,67.4217907227616,37.97195253505933,10.377562028047462,25.792880258899675,34187.0,0.4582,16953.0,55.015279043585494,9.978561683882283,48.68180277871908,55.10518214468958,18.15655709928837,97.17804002052335,35.764147746526604,1.3596716264751154,10.513805807550607,4.2222222222222205,31.24826684625441,25.13964267321634,33.82719961969655,15.687517331537455,6.536465554807272,4.322222222222221,8.173111527727063,3.8508893055048414,"Grady County, GA",Georgia
306,1498,2.2442495159810822,2.315927850205398,test,29043,80904,48.56125778700682,51.43874221299318,95.63556808068823,0.5858795609611391,99.30089616665884,72.73025852765917,26.57063763899967,0.6991038333411532,10.135387329917544,87.02962234060602,2.8349903294764345,21.20165964589998,58.35365660532735,20.44468374877269,40.278376201270106,33.68988966111538,26.031734137614517,11.111806372487669,17.776895142986838,10.759695148212648,11.962507614086993,3.0,32.00228467754128,79.17628559001639,30.673491920104386,3.9981264010170965,11.696610793268428,53270.0,0.4019,24730.0,66.54151868763739,6.196309662989885,74.01538876329927,59.80023824796115,11.607939108613145,98.58883899935856,17.852624592985876,0.28406487675249703,2.7748937011767034,9.333333333333334,32.99342430534955,26.687184811628605,33.18006526253337,13.733560763373875,3.7785523583506375,9.433333333333334,10.134321690204828,0.7009883568714947,"Christian County, MO",Missouri
307,1324,1.7326383462202575,1.661682443093999,test,27033,11632,48.87379642365889,51.12620357634113,90.85281980742779,0.6189821182943603,99.02632527948073,75.51388388027407,23.512441399206637,0.9736747205192932,17.491557004774663,80.48212414114359,2.0263188540817514,23.628919297489496,55.877599396616745,20.493481305893763,46.72028147775823,34.80774063835134,18.471977883890425,16.81525289081119,30.23937469467513,17.43256066151552,13.746065057712489,6.0,28.784287165594314,73.82297551789078,37.41368487131199,4.833647206528561,13.97781962753714,46750.0,0.434,24978.0,64.42340990419025,4.945350295645942,72.54713966123363,77.0893970893971,23.138382869926485,98.87733887733887,8.964525407478426,0.0,7.03232462173315,5.5555555555555545,29.702544704264103,23.529917469050893,30.536451169188446,22.094222833562583,8.528198074277853,5.655555555555554,5.268166783373998,-0.38738877218155654,"Cottonwood County, MN",Minnesota
308,142,2.334299068483573,2.578335471390848,test,5067,17597,49.65050860942206,50.34949139057794,79.58742967551288,17.338182644768995,99.8028724303013,55.195719515629406,44.60715291467193,0.19712756969867645,20.16234372084344,77.82235491696213,2.0153013621944402,26.33989608969101,36.43697019414821,37.22313371616079,68.34498094027954,22.84783989834816,8.8071791613723,26.756813564072022,81.95372750642673,26.148783640850862,21.834091704585234,6.0,25.64578278863993,66.33538412998897,43.08250512699164,8.613345953620446,22.55876321186307,31261.0,0.4984,17797.0,55.803987329979506,7.946577629382304,54.39621937569954,52.09803193464537,24.33776893421216,97.5120683252878,25.046635990548438,0.6683995544002971,2.807296698300847,10.222222222222221,25.63505142922089,28.10706370404046,35.00028413934193,16.531226913678466,3.074387679718134,10.32222222222222,13.17518941785471,2.852967195632491,"Jackson County, AR",Arkansas
309,1296,2.8390784635086144,2.972104285439767,test,26143,24068,49.81302974904438,50.18697025095562,96.82566062822005,0.19943493435266746,98.51311165179779,60.34063260340633,38.17247904839146,1.4868883482022168,19.377645008712967,77.99352750809061,2.628827483196415,18.825036776918328,51.7154652873345,29.45949793574717,50.74233968621671,34.832052227019055,14.42560808676424,20.56322613234552,50.16570008285004,22.32484656984869,25.32611887085273,6.0,39.60872984663783,52.56865632851079,54.86441999480205,8.438014381010136,23.09624880880187,35133.0,0.4535,22513.0,43.16725448313547,13.970080552359033,54.95958298708167,82.07136640557006,31.41195134849287,99.8114302291848,18.984664198836594,0.0,1.3794249626059498,17.0,20.321588831643677,17.313445238490942,38.05883330563404,29.15489446568057,2.974904437427288,17.100000000000005,19.532979344194157,2.432979344194152,"Roscommon County, MI",Michigan
310,237,2.1709566505156093,2.383529553902582,test,6107,454033,50.09019168210239,49.90980831789761,80.86791048227772,1.7280682241158682,99.27587191288185,62.93160470961767,36.34426720326415,0.7241280871181791,7.638241435005844,87.48506296534609,4.876695599648077,36.013250557357566,44.025997017424366,19.960752425218068,56.84232307904538,29.33661347925384,13.821063441700769,28.087441212332354,60.96398425590972,30.832447024351072,11.561388958681214,3.0,15.592731076970766,79.81283222280452,26.863068054203787,8.17548850789848,24.807965860597445,42031.0,0.4632,17876.0,62.991477569800274,11.789026996742132,47.41895977649355,45.71390242811788,28.96934440659804,96.00232526941824,26.346205365685638,1.4845950901041898,62.44766349582519,8.666666666666666,39.93916741734631,30.81207753621433,27.31321291624177,10.15608997583876,17.404021293606412,8.766666666666667,10.843106732647444,2.0764400659807762,"Tulare County, CA",California
311,1377,1.410986973710262,1.740340022167681,test,27139,137322,49.84561832772608,50.15438167227393,85.67236131137037,2.9412621429923838,99.24291802456757,81.17824016044122,18.064677864126345,0.7570819754324393,8.998645410023967,87.87537772220482,3.1259768677711786,26.642655598463033,58.54238691846186,14.814957483075087,28.70339708821011,33.098487011133315,38.198115900656575,5.7136746148229545,7.119609438567943,5.630427613498956,7.054427223174418,2.0,21.296905182688754,87.90941138767225,19.19666702275398,2.5916034611686785,5.3797671188975515,87794.0,0.3888,36180.0,79.45289640019575,4.394437818639337,86.7554775264238,71.91068689279018,8.118720269516839,95.17641043122549,7.301391475580967,0.8266575762740754,4.680968817815062,4.0,36.117300942310784,27.676555832277426,34.32370632527927,8.9155415738192,11.386376545637262,4.1,5.699280975119315,1.5992809751193153,"Scott County, MN",Minnesota
312,2633,0.9766538816012459,1.3744141029106538,test,48235,1644,50.12165450121656,49.87834549878345,90.08515815085156,0.0,100.0,76.86170212765956,23.13829787234043,0.0,12.164296998420221,87.44075829383884,0.3949447077409162,16.21212121212121,65.45454545454545,18.33333333333333,46.092362344582604,39.253996447602134,14.653641207815275,11.618004866180048,24.916943521594693,10.069444444444443,10.23142509135201,4.0,24.88151658767773,85.1063829787234,27.50759878419453,1.9756838905775078,6.5349544072948325,58500.0,0.4539,30963.0,66.03475513428121,3.947368421052632,74.10714285714286,74.4186046511628,6.15079365079365,95.34883720930232,21.825396825396822,1.5503875968992251,25.06082725060828,2.5555555555555562,28.345498783454985,22.810218978102192,38.62530413625305,15.693430656934307,9.914841849148418,2.6555555555555563,3.9527601336881903,1.297204578132634,"Irion County, TX",Texas
313,2404,1.7711787615280343,1.869368162306767,test,46099,178942,50.10450313509405,49.89549686490594,86.76610298308948,4.198567133484593,99.49632361207924,65.97935826231645,33.516965349762785,0.5036763879207609,16.045388402117712,77.24697359051362,6.707638007368648,32.42775591249158,47.812644044959754,19.759600042548662,38.27321020710186,32.29796662075809,29.42882317214005,11.805200989025488,20.24334476563776,11.231911929365713,10.398138426175542,4.0,25.107435669389616,84.22583404619333,24.34131736526946,4.010550327915598,11.314513829483893,53525.0,0.4215,27387.0,76.31493000964599,4.082526349313773,80.0632854497402,69.91037758949997,10.621887416623217,97.3505068808463,12.72361158555222,0.5044321465301924,4.638374445351007,5.777777777777778,31.481709157157074,31.667244134971103,31.383353265303846,11.906651317186576,9.035329883425916,5.877777777777778,6.484198143909228,0.6064203661314496,"Minnehaha County, SD",South Dakota
314,2836,2.25595925165399,2.13523432124048,test,51047,48424,50.38410705435321,49.61589294564679,77.27160085907812,14.350322154303653,99.01022494887528,69.75051124744375,29.25971370143149,0.9897750511247444,9.600347523892268,86.84622067767158,3.5534317984361423,26.044290512174644,52.48740554156171,21.46830394626365,50.33480066960134,27.76055552111104,21.90464380928762,9.250931517409741,11.941548771407295,9.60042991717772,10.419647624132407,2.0,32.88240838276875,81.69542839842569,31.04450499545867,3.923705722070845,10.511656070239175,66697.0,0.4036,28104.0,68.24240321508081,6.973689785196798,74.80894323392458,67.60148744964363,10.350833540681762,96.91664084288814,17.534567945117832,0.5113108149984505,9.018255410540228,9.444444444444443,31.98414009582026,25.892119610110694,35.246984966132494,13.530480753345447,8.378076986618204,9.54444444444444,8.459028404681149,-1.0854160397632917,"Culpeper County, VA",Virginia
315,1823,1.7520942128356236,2.0632675200742847,test,36003,48070,50.578323278552105,49.42167672144789,95.65633451216976,1.4083628042438112,98.63917944551642,67.57388036965574,31.065299075860672,1.3608205544835992,16.074216404467393,79.85168728233457,4.074096313198031,33.432604234446174,45.783072225837145,20.784323539716706,50.14066998168018,29.844935880659513,20.0143941376603,16.900983667409054,33.56268061098115,16.972541328103112,15.246759249532536,6.0,32.84590905504563,71.95515449822258,37.61006289308175,7.667487011211375,16.942849330051953,42776.0,0.41,20940.0,59.21301349804318,9.05085203003462,70.72447347374033,71.53448960677876,23.467075446547586,98.53038527737324,11.080378565715813,0.13239772275916853,1.5269398793426254,5.666666666666668,31.0713542750156,31.00478468899521,31.734969835656337,16.371957561888912,2.9353026835864364,5.766666666666667,7.871648604316298,2.1049819376496313,"Allegany County, NY",New York
316,72,0.9339123332239747,2.16946868939925,test,2068,2060,54.66019417475728,45.33980582524272,87.33009708737866,0.6310679611650485,100.0,93.1122448979592,6.887755102040815,0.0,18.718801996672205,78.6189683860233,2.6622296173044924,36.3049853372434,43.28445747800587,20.410557184750733,28.705712219812003,37.96095444685466,33.33333333333333,12.706353176588294,5.9459459459459465,16.87272727272727,9.004502251125562,6.0,33.0812854442344,85.31571218795888,16.740088105726873,2.7900146842878124,6.31424375917768,81544.0,0.3633,35315.0,77.25267800882169,2.3654159869494293,64.9584487534626,67.83216783216784,6.301939058171746,97.9020979020979,31.578947368421048,0.0,2.6213592233009706,2.4444444444444446,25.436893203883496,34.80582524271845,38.25242718446602,6.941747572815534,12.03883495145631,2.5444444444444447,8.753631907558884,6.209187463114439,"Denali Borough, AK",Alaska
317,1259,2.6222502112988773,2.6847036453585273,test,26069,25401,49.911420810204326,50.088579189795674,96.14582103066809,0.6259596078894532,97.40749469714822,64.81263257129389,32.594862125854355,2.592505302851756,17.9705953241745,78.05254278139311,3.9768618944323935,20.926959916473734,50.383585273957046,28.689454809569202,51.906128304980534,31.968641114982578,16.12523058003689,17.653438303341908,39.41780821917808,18.45173767134975,22.213804378165,6.0,47.602366863905324,56.731023538746356,52.48170677951161,6.973463810279468,20.06523847306709,37317.0,0.451,23486.0,47.154588675983284,12.078623077706487,58.292857142857144,78.46988128389272,28.4,99.70687380917484,19.121428571428574,0.04396892862377254,1.98811070430298,13.666666666666664,22.11723947876068,18.940199204755718,36.65210031101138,27.652454627770556,3.228219361442463,13.766666666666666,14.653857997870576,0.8871913312039101,"Iosco County, MI",Michigan
318,1337,1.7711787615280343,1.9368087632652926,test,27059,38296,50.396908293294345,49.603091706705655,95.76457071234594,0.5823062460831419,99.35836751867045,74.71336909645522,24.64499842221521,0.6416324813295466,11.845886401532619,82.98506403661263,5.169049561854756,28.48180265405335,52.135067665221385,19.38312968072527,47.14269154978557,35.20343108844326,17.653877361771183,7.4066241970870434,7.502581163244238,8.163575554879902,12.441413449892044,2.0,27.847528953500504,81.6060886265026,30.34355217298528,3.4995376627071626,8.834198733907106,59865.0,0.3853,27152.0,72.34094903339191,7.191098586074535,74.79880136986301,73.04518664047151,18.976883561643838,98.33005893909626,9.606164383561644,0.2946954813359529,1.762586170879465,5.777777777777778,31.494150825151447,25.827762690620432,35.379674117401294,13.89962398161688,3.6531230415709217,5.877777777777778,6.936579345181207,1.058801567403429,"Isanti County, MN",Minnesota
319,3111,1.7711787615280343,1.8887479946257921,test,55141,74012,49.4433335134843,50.5566664865157,94.9967572826028,0.5323461060368591,98.60889814928301,69.29157985047188,29.31731829881113,1.3911018507169997,17.175424356847934,80.11080918939902,2.713766453753044,24.38443208895949,53.8340614244109,21.78150648662961,47.261744966442954,33.15244487056568,19.585810162991365,10.959279615136854,18.70626767902337,10.640197162872834,11.739118577506273,5.0,31.553473848555807,75.64082353312104,33.37642273859445,5.290538197181324,13.964120187911847,48961.0,0.4178,26516.0,67.12518641986141,6.411730879815986,75.41974326934,72.54237288135593,19.27979098034761,97.79661016949152,9.351357491764167,0.11556240369799692,2.6320056207101548,5.777777777777778,27.9927579311463,23.97989515213749,35.83067610657731,18.10111873750203,4.47089661136032,5.877777777777778,6.6110863817040775,0.7333086039262993,"Wood County, WI",Wisconsin
320,957,1.8263398028248343,1.9745276486957237,test,20151,9739,50.035937981312244,49.964062018687756,95.0302905842489,0.7187596262449943,100.0,78.0166739798157,21.98332602018429,0.0,17.29078014184397,78.63829787234042,4.070921985815603,24.238935789204398,52.68610897927857,23.07495523151701,36.78521071596428,37.34920883597054,25.86558044806517,12.256267409470752,21.858216970998924,11.646649810366625,15.64204783885858,6.0,28.602383531961003,76.55048692977961,37.46796514607894,3.71604305484367,6.253203485392108,49550.0,0.4544,27078.0,66.58385093167702,5.2446102819237135,75.87562544674769,69.0721649484536,10.739814152966405,99.45421467556095,15.939957112223015,0.1212856276531231,6.633124550775234,6.1111111111111125,30.51648013143033,27.19991785604272,31.512475613512677,17.804702741554575,4.250949789506109,6.211111111111112,7.203216401456185,0.9921052903450729,"Pratt County, KS",Kansas
321,2568,1.6072132174119893,0.48896032498413455,test,48105,3699,50.12165450121656,49.87834549878345,56.58286023249527,0.2703433360367667,100.0,74.79861910241658,25.201380897583427,0.0,10.4,89.60000000000002,0.0,19.30826057756884,63.26393552719946,17.4278038952317,56.0126582278481,30.617088607594944,13.370253164556965,17.54628350373031,43.63636363636363,15.594787725935266,11.135672837800495,6.0,14.946996466431095,81.99581297976273,27.98325191905095,0.0,5.024424284717377,53678.0,0.4133,26675.0,68.03636363636365,1.7637626937466595,68.8253684680661,36.98630136986301,2.5457793657882983,100.0,28.628852166145602,0.0,61.80048661800487,4.888888888888889,30.98134630981347,25.250067585834014,36.1449040281157,15.112192484455258,43.14679643146797,4.988888888888889,1.6306200234628454,-3.3582688654260435,"Crockett County, TX",Texas
322,1597,0.7419373447293773,1.0626434019850504,test,30011,1227,50.77424612876935,49.22575387123064,98.61450692746536,0.0,95.74468085106385,90.2127659574468,5.531914893617022,4.25531914893617,14.699792960662524,84.9896480331263,0.3105590062111801,19.37984496124032,61.724806201550386,18.8953488372093,45.274725274725284,39.12087912087912,15.604395604395606,11.81894383906119,16.75392670157068,12.659698025551682,12.769485903814259,6.0,22.401614530776992,73.4126984126984,42.65873015873015,2.1825396825396823,0.992063492063492,45000.0,0.4874,29391.0,63.71134020618556,2.26537216828479,70.24320457796853,63.83763837638377,4.434907010014307,98.52398523985241,27.32474964234621,0.0,0.6519967400162999,2.0,24.857375713121428,19.233903830480852,37.73431132844336,23.797881010594946,1.3854930725346373,2.1,2.8940109213276517,0.7940109213276516,"Carter County, MT",Montana
323,523,2.118929313186954,2.1926153731784925,test,13289,8509,49.124456457868135,50.875543542131865,55.858502761781644,42.0260900223293,100.0,51.001821493624774,48.99817850637522,0.0,12.856088560885608,84.47232472324723,2.671586715867159,32.16489063376332,43.45204711160965,24.38306225462704,70.32930663577693,19.923878868111867,9.746814496111204,27.702944331863154,43.72217275155833,37.09024686361797,21.03575246466326,4.0,22.262720513194342,54.89741892786234,48.378557246856396,6.982131039046989,19.920582395764395,30468.0,0.5162,17768.0,40.357353809805076,6.220270764727408,54.794258373205736,46.34776987718165,27.751196172248807,97.5436328377505,22.02870813397129,0.3232062055591467,0.05876131155247385,8.222222222222221,24.60923727817605,22.352802914561053,39.48760136326243,18.803619696791632,2.1154072158890584,8.322222222222221,8.958612617300734,0.6363903950785126,"Twiggs County, GA",Georgia
324,2817,1.86149280724273,2.0461865902100387,test,51009,32148,48.13674256563394,51.86325743436606,76.83526191364936,18.393057110862266,99.50814632646788,68.4137719028589,31.09437442360898,0.4918536735321242,14.530855139805984,81.71517078340263,3.753974076791392,29.51045309128785,48.45621605535303,22.03333085335913,52.868286160017824,28.82103855582795,18.310675284154225,13.024768097924836,21.052631578947366,13.483658937374475,14.332186424773226,3.0,30.0339830475372,73.26827707566791,38.7937929931211,5.2471604543273065,12.653975363941765,47558.0,0.4187,23469.0,61.07068402627542,6.363519258018807,72.54523277088839,66.73046807029755,15.155519414515144,99.0429789455368,16.502337873551536,0.08700191404210893,2.13699141470698,6.333333333333332,27.737339803409238,25.04976981460744,36.36618141097424,18.21886275973622,4.7716809754883664,6.433333333333332,7.738335325229057,1.3050019918957254,"Amherst County, VA",Virginia
325,245,2.312535423847214,2.029768214428495,test,8009,3701,47.98703053228857,52.012969467711436,95.75790326938666,1.1888678735476899,99.36548223350252,66.87817258883247,32.487309644670056,0.6345177664974619,17.603129445234707,80.68990042674254,1.7069701280227598,19.07098462544979,55.18482172064114,25.74419365390905,44.427823485415104,36.61181750186986,18.960359012715035,20.47287899860918,48.576850094876654,20.58319039451115,23.13888888888889,6.0,36.56024716786817,72.32142857142857,42.09183673469389,4.783163265306122,12.053571428571427,38000.0,0.4335,21361.0,62.33997155049786,4.620650313747861,54.60154241645244,58.82352941176471,26.580976863753207,99.19261822376006,22.827763496143962,0.2306805074971165,9.78114023236963,10.0,27.100783572007565,21.42664144825723,32.072412861388806,25.20940286409079,3.0532288570656583,10.1,7.612321727937703,-2.487678272062297,"Baca County, CO",Colorado
326,2064,2.1054882506179364,1.8682893651005752,test,39055,93874,49.173360035792655,50.82663996420735,96.74457251209068,1.3283763342352517,99.36020194986072,83.26079387186628,16.09940807799443,0.6397980501392757,10.197721131714012,88.1009907501394,1.7012881181465969,24.250850779274092,59.414187158198594,16.33496206252731,36.255149209144356,26.744441998679285,37.00040879217635,7.485177865612647,13.508675980708995,6.440277483263153,9.819102051320543,2.0,25.492908051654787,79.84701213550353,32.01529878644965,3.2524299764191635,5.923966181629955,72430.0,0.4586,37021.0,67.25350108163498,3.821817797058512,81.86648526410619,71.49247149247148,8.516114798404148,95.12379512379513,12.147230240297107,1.178101178101178,1.2708524192002044,8.11111111111111,31.992884078658623,20.224982423248182,37.81664784711422,17.447855636278415,1.9270511536740742,8.211111111111109,6.477206780876686,-1.7339043302344228,"Geauga County, OH",Ohio
327,855,1.410986973710262,1.9329024440163736,test,19145,15660,51.54533844189017,48.454661558109855,94.53384418901659,2.1136653895274584,99.68953741074199,73.42440235951568,26.26513505122633,0.3104625892579944,17.490858436357303,78.23437227929655,4.27476928434616,24.319925598697978,51.10439432690072,24.5756800744013,46.47583040777748,33.47736069853272,20.046808893689803,15.333514099783079,25.703125,16.153071500503525,16.906474820143885,6.0,31.63976071457838,72.5135049253257,39.243724181760406,5.640292341912932,14.251668255481412,43912.0,0.4295,23617.0,63.71535320184204,4.936588026728487,69.62649753347428,76.4941569282137,18.064364575992485,98.76460767946578,15.057552266854591,0.0333889816360601,2.860791826309068,4.0,28.084291187739463,23.86973180076628,34.176245210727984,20.03831417624521,3.3524904214559386,4.1,6.909535706695236,2.809535706695236,"Page County, IA",Iowa
328,1046,3.2871573322846066,3.246154527853885,test,21119,16000,49.6375,50.3625,97.625,0.8187500000000001,99.19857524487978,62.89700207776789,36.3015731671119,0.8014247551202136,13.43682189951594,83.93423468536137,2.6289434151226843,26.813736638617243,48.01758774922296,25.16867561215981,64.5326504481434,23.175416133162607,12.291933418693981,28.099928249951077,69.64102564102565,32.51405268378706,29.44746491338981,6.0,15.709419313950725,56.13302139037432,45.35427807486632,16.37700534759358,30.130347593582893,30411.0,0.4705,17939.0,44.400706940874045,14.365840419757555,48.01766437684004,58.81310894596989,37.22276741903827,98.05137289636849,19.381746810598628,1.5943312666076177,0.76875,26.66666666666667,28.037500000000005,27.27500000000001,36.7125,14.90625,1.55625,26.766666666666676,25.69135432854503,-1.0753123381216447,"Knott County, KY",Kentucky
329,129,1.9600947840472698,1.8995023350966223,test,5041,12379,46.37692866952096,53.62307133047904,49.8828661442766,48.05719363438081,97.44075829383884,47.83570300157977,49.60505529225908,2.5592417061611377,19.229925405879765,78.72970601140852,2.0403685827117157,28.828550858788446,42.63087524426618,28.540573896945386,62.99645606745693,25.08859831357693,11.914945618966147,33.01376597836775,99.15803108808292,37.67154275373247,20.721599219892735,6.0,23.50575961747446,65.85735963581185,39.52959028831563,10.735963581183613,31.316388467374807,27197.0,0.4983,17788.0,57.18041406506737,16.743295019157088,50.35092644581697,58.50374064837906,29.674340258281866,96.7581047381546,24.17181358787198,1.7456359102244388,4.644963244203893,7.0,32.03005089264077,24.880846595039987,32.69246304224897,16.762258663866223,2.0599402213425964,7.1000000000000005,6.682567935079257,-0.41743206492074325,"Desha County, AR",Arkansas
330,1431,2.0208114572284313,2.116191251185702,test,28073,58885,48.61000254733803,51.38999745266197,75.80028869831027,20.083213042370726,99.9275266833575,65.3841085782053,34.5434181051522,0.07247331664250889,11.076489867516043,79.88967363707704,9.033836495406916,29.64707916405524,50.2971623695187,20.055758466426056,32.75241021294629,31.32217395910584,35.925415827947866,16.682925159589942,25.85818090704084,18.120403159901933,15.079913010459453,4.0,24.19747928417241,80.42076377772696,25.447061513834896,3.0962725817516583,15.147495998170593,52035.0,0.4609,26403.0,67.89522918615528,8.235739873243318,71.08702845797484,62.57697044334977,11.86300463269358,98.09113300492606,20.49966909331568,0.16933497536945813,2.3554385666978006,7.444444444444445,32.393648637174145,31.52585548102233,31.44264243865161,11.21847669185701,4.116498259319012,7.544444444444446,8.299466629118498,0.7550221846740524,"Lamar County, MS",Mississippi
331,2728,2.0059743897979634,1.576930200587751,test,48425,8608,48.315520446096656,51.68447955390335,94.21468401486987,0.604089219330855,100.0,70.01462701121403,29.98537298878596,0.0,11.372737465961876,86.5289123818677,2.098350152170431,22.6200747771067,57.57837215990797,19.801553062985327,44.42748091603053,32.90924512298558,22.66327396098389,13.851674641148325,22.10718635809988,14.298561151079134,11.9833729216152,2.0,28.89739663093416,74.30596574128766,36.001181334908445,3.0419373892498522,10.543414057885409,51912.0,0.4389,26946.0,60.04720692368214,2.148846960167715,63.65101752971992,71.1925287356322,8.684263550272012,92.3132183908046,28.83336691517228,0.0,19.20306691449814,7.333333333333332,31.087360594795538,24.59340148698885,33.37592936802974,17.890334572490712,5.181226765799257,7.433333333333334,4.840074923098478,-2.5932584102348555,"Somervell County, TX",Texas
332,627,2.132192107065365,2.0530493555094713,test,17077,59534,50.194846642254845,49.805153357745155,77.33899956327477,14.53287197231834,98.86148007590131,60.33206831119544,38.52941176470589,1.1385199240986716,19.275949253798128,64.92068109099858,15.803369655203277,47.11218030879656,35.66343935480055,17.224380336402895,33.29529895025103,31.36695572797809,35.33774532177088,30.455761168136483,47.614979353552606,42.94024157660522,11.962877345662225,4.0,22.286837578835286,72.0136810602822,24.801197092774693,4.236853356135101,18.965369816160752,33871.0,0.5332,21147.0,58.57113273969766,10.069297129118937,73.59303146061949,68.01557502433596,17.718192656755637,95.41093032957865,12.138981483734398,0.6396884995132804,4.150569422514866,8.333333333333334,27.37595323680586,43.36345617630261,26.121208049181977,12.584405549769881,8.128128464406894,8.433333333333334,7.791624350261963,-0.6417089830713705,"Jackson County, IL",Illinois
333,1303,2.118929313186954,2.244876259468218,test,26157,54420,50.060639470782796,49.939360529217204,96.48842337375963,1.1484748254318269,98.91041162227604,71.68799723279142,27.222414389484605,1.0895883777239708,12.997015500144412,84.62501203427362,2.3779724655819776,24.75804836807796,54.602086902351644,20.639864729570387,53.22546808622228,32.91813080190906,13.856401111868674,15.65169934886522,34.53151210160556,14.900616860863604,17.75260737916339,6.0,31.02012001411931,71.39034923019152,39.523094254600075,6.759294029290277,18.480097634247088,43768.0,0.39799999999999996,21904.0,59.35411495130801,8.983793782925162,68.83049024127862,80.11964533703664,21.51221761180268,99.00651639782076,15.140617796219455,0.2350176263219741,3.171628077912532,8.222222222222221,28.69533259830944,23.862550532892318,36.48658581403895,17.763689819919147,2.363101800808526,8.322222222222221,9.43924746669067,1.117025244468449,"Tuscola County, MI",Michigan
334,2637,1.67189092708065,1.569169400623798,test,48243,2232,48.96953405017921,51.030465949820794,90.86021505376344,0.31362007168458783,100.0,96.23824451410658,3.761755485893417,0.0,18.702702702702695,79.78378378378378,1.5135135135135136,17.871900826446282,58.41942148760331,23.70867768595041,40.32620922384702,23.115860517435326,36.55793025871765,5.670816044260027,2.243589743589744,6.6897347174163775,23.78976486860304,6.0,31.55339805825243,72.92277614858259,41.34897360703813,4.9853372434017595,7.331378299120235,50165.0,0.3856,26693.0,62.21621621621621,6.950477845351869,60.500807754442654,61.764705882352935,9.127625201938608,95.4248366013072,35.379644588045224,4.575163398692808,38.485663082437284,5.222222222222221,22.849462365591396,15.50179211469534,40.14336917562724,27.419354838709673,8.82616487455197,5.322222222222221,4.8026574523669,-0.5195647698553207,"Jeff Davis County, TX",Texas
335,2119,2.3555991282796627,2.223244767439825,test,39165,219916,50.18961785408975,49.81038214591025,89.67332981683916,3.456319685698176,99.54084726674179,82.06012301827947,17.48072424846227,0.4591527332582518,10.173725882081635,87.65790350270326,2.1683706152151068,23.942959249976802,58.53406664810174,17.52297410192147,33.847333680260746,26.560488619867982,39.59217769987127,5.56236778553644,7.280690261842817,5.389136794424148,9.15575582781364,2.0,26.678520494156434,83.06257098737859,25.685626411771466,2.70294414170676,5.3969550402634034,74379.0,0.4151,34271.0,70.7411557547623,5.803765387400434,86.32567688555461,66.77689677201157,8.368065203297213,95.41918755401902,7.911148158439072,0.9244297470970652,2.4459339020353226,10.444444444444443,33.13310536750395,25.50564761090598,35.79503082995325,12.430655341130253,6.870350497462669,10.544444444444443,9.23725503551445,-1.3071894089299931,"Warren County, OH",Ohio
336,1124,1.6925528191446069,1.7687625382931536,test,22035,7501,56.95240634582056,43.04759365417944,28.7428342887615,69.71070523930143,100.0,35.64633463905988,64.35366536094013,0.0,22.21183072246902,75.61374795417349,2.1744213233574934,48.33555259653795,25.08322237017311,26.581225033288945,69.70552642194433,21.540943929003628,8.753529649052037,47.97554123285408,202.21465076660988,67.00507614213198,15.732189973614776,6.0,16.229074889867842,67.47572815533981,31.329350261389088,15.123226288274832,33.68185212845407,21099.0,0.5093,11313.0,54.29039046060322,19.250645994832038,43.1784107946027,48.72611464968153,27.58620689655172,96.28450106157112,32.05397301349325,1.2738853503184715,1.3198240234635383,5.333333333333333,30.555925876549797,34.70203972803626,28.2628982802293,12.691641114518065,1.5464604719370751,5.433333333333333,5.863592898360364,0.4302595650270309,"East Carroll Parish, LA",Louisiana
337,901,1.513905485712537,1.671754725471952,test,20039,2905,50.08605851979346,49.91394148020654,96.52323580034422,0.4130808950086058,100.0,74.08088235294117,25.919117647058826,0.0,27.50110180696342,70.51564565888056,1.9832525341560159,17.355710192386407,51.616864510847314,31.02742529676627,47.107061503416865,26.287015945330296,26.605922551252853,11.21760738374157,22.321428571428577,10.521188504627373,19.439517559418235,6.0,33.88535031847134,73.86286490156144,40.59742023082145,5.770536320434487,10.31907671418873,40657.0,0.5017,29891.0,62.758924636403705,3.4410112359550564,69.51456310679612,67.67955801104972,12.03883495145631,99.17127071823204,20.97087378640777,0.0,2.6506024096385543,4.4444444444444455,23.13253012048193,18.657487091222038,34.97418244406196,27.435456110154906,3.06368330464716,4.544444444444445,5.321497376357414,0.7770529319129684,"Decatur County, KS",Kansas
338,1393,1.437726534752161,1.8045220986709543,test,27171,128691,50.27857425927221,49.72142574072779,94.56372240483013,1.0132798719413167,99.12191465438777,77.6703967446592,21.451517909728548,0.8780853456122504,9.730874104945796,87.05690660400364,3.2122192910505665,25.421182088569175,58.365494457995005,16.213323453435837,34.94977990709891,37.778156083562344,27.272064009338752,6.1568159703694425,7.673874926943308,6.114560149935574,7.9359494601208755,2.0,23.921818102048874,85.21595051364189,23.7821716558047,2.7372141831437093,7.314702308626975,73557.0,0.3723,30238.0,76.74678035741898,5.0514499532273165,83.12372909893925,73.20879285767873,12.085378647566992,98.10188311201141,7.2621067492131735,0.3226048465751369,2.66918432524419,4.111111111111111,36.01495054044183,27.089695472099837,33.083121585814084,10.735016434715714,4.422997723228509,4.21111111111111,6.077066516275309,1.8659554051641987,"Wright County, MN",Minnesota
339,567,2.4069451083182885,2.397704945646044,test,16045,16731,50.14643476181938,49.85356523818062,94.30398661167892,0.0,99.68371112282551,71.87664733790196,27.80706378492357,0.3162888771744861,13.042458362655404,81.06966924700914,5.8878723903354455,24.932249322493227,50.54566761883835,24.52208305866843,50.85564215520164,33.175194849203656,15.969162995594713,18.0136613673457,36.4530225782957,18.29527595451604,18.884870403857747,3.0,41.84643934122013,66.45539534146728,42.275392172397396,5.9895420694026305,15.338298209475518,40828.0,0.4252,19726.0,51.85214129415442,14.333082140165788,56.438180653427295,59.416909620991255,18.300234892163147,97.31778425655978,29.54302797352125,0.5830903790087464,8.015061861215706,11.0,29.836829836829835,21.761998685075607,34.67216544139621,20.865459326997787,5.696013388321082,11.1,10.997906600546107,-0.10209339945389218,"Gem County, ID",Idaho
340,1282,2.589433484697249,2.274000044708508,test,26115,150436,49.23356111569039,50.76643888430961,94.60833842963119,2.3225823606051743,98.138251524833,69.21870461806564,28.919546906767348,1.8617484751670057,12.806817290684604,84.65499664537715,2.53818606393824,26.490817267290545,52.67323178343274,20.835950949276718,46.00772230662783,35.42680743586518,18.565470257506988,11.335292021594874,19.602333357046312,10.937213896786007,12.505599871620856,4.0,28.066694844347072,74.1761431547314,33.99754123552914,5.711504968753202,12.91022094730731,55653.0,0.4111,26982.0,63.609745077936296,7.972845610632281,78.15243437241438,77.07321501520585,15.471239912747278,98.38409513866823,10.692756519776923,0.15432799237438155,3.316360445638012,13.222222222222221,29.587997553777022,24.81453907309421,37.214496530085896,15.047594990560768,3.0690792097636197,13.322222222222221,9.718196390371968,-3.6040258318502527,"Monroe County, MI",Michigan
341,2596,1.8082887711792655,2.1967019461753434,test,48161,19586,52.23118554069232,47.76881445930767,79.7967936281017,16.205452874502196,99.66540263216595,65.7818425161722,33.883560115993745,0.3345973678340397,14.107853248858108,84.76499189627229,1.1271548548696035,22.97160883280757,48.908517350157716,28.119873817034698,52.05278592375365,35.68181818181818,12.265395894428153,14.899761203976233,33.464091732045866,13.105745212323065,17.407427907234183,6.0,28.34316780481337,70.83445854712396,41.07480421280043,3.672697812584391,15.649473399945991,44301.0,0.4604,24087.0,60.37249705535924,4.755517619802463,63.77560975609757,63.077384523095375,11.375609756097562,99.28014397120577,28.59512195121951,0.7198560287942412,14.443990605534566,6.0,29.3525987950577,25.211886041049727,33.707750433983456,18.089451649137143,3.9977534973961,6.1,8.995297548483,2.8952975484830006,"Freestone County, TX",Texas
342,2761,1.8440707637960658,2.117751441772042,test,48491,473592,49.143566614300916,50.85643338569909,82.12934340107097,6.367717360090543,99.41042734384031,77.13768255558553,22.27274478825479,0.5895726561596856,10.70500698114208,84.55046747141266,4.744525547445255,27.02059961050004,53.93202951422224,19.047370875277725,28.12515298179884,32.616209053911604,39.25863796428956,7.473176687035379,10.533911773549248,7.174797388918671,9.22993074464937,2.0,29.52764183009589,86.1786356640893,21.869920206683844,2.6292855685969108,6.498427002404307,73750.0,0.3956,31876.0,72.24241496728773,5.753953704382683,79.4871618956143,71.84767745410849,7.830814880880915,95.44192599345293,16.229696585081385,1.661625160568516,23.794954306660586,6.222222222222222,34.31730265713947,30.351230595111407,31.798256727309585,10.365673406645383,11.502939238838493,6.322222222222222,8.312425485338938,1.9902032631167161,"Williamson County, TX",Texas
343,2688,1.8440707637960658,1.9640530274888042,test,48345,1071,55.64892623716153,44.35107376283847,94.86461251167131,1.2138188608776843,99.00497512437813,71.14427860696517,27.86069651741293,0.9950248756218906,18.36027713625866,78.40646651270207,3.233256351039261,25.298588490770893,49.6199782844734,25.081433224755692,47.90502793296089,34.91620111731844,17.178770949720672,16.931711880261926,18.023255813953487,20.949720670391066,23.062558356676,6.0,18.36027713625866,71.68539325842697,39.325842696629216,10.561797752808989,9.887640449438203,31683.0,0.4326,20322.0,59.237875288683604,11.111111111111107,37.479270315091206,55.893536121673,17.412935323383085,98.47908745247149,50.24875621890548,0.0,15.032679738562093,6.222222222222222,30.345471521942116,26.05042016806723,30.252100840336137,24.556489262371613,3.92156862745098,6.322222222222222,7.128159222197362,0.80593699997514,"Motley County, TX",Texas
344,2219,2.366081404553173,2.6664546099711517,test,41035,65972,49.740799126902324,50.259200873097676,88.49966652519251,0.8928030073364457,97.82273872864744,63.97367684122095,33.84906188742649,2.1772612713525623,14.160183247107144,80.49050195489909,5.3493147979937605,25.140893216800013,49.302463090596646,25.556643692603327,41.842295318757785,38.4106974810146,19.747007200227607,19.303402951995444,32.24818077364994,21.84962012051348,19.640347124610397,5.0,45.976586807716245,68.02265705458291,39.436516110048544,7.017801971457996,27.29145211122554,40336.0,0.4387,22177.0,56.66340891321345,12.004553451309118,59.06723788512353,58.77329830035307,26.169159334034532,98.30035306675423,20.36633231574357,0.11495196649971262,11.582186382101495,10.555555555555557,28.17710543867095,25.529012308251986,34.037167283089794,18.69732613836173,10.607530467471047,10.655555555555555,14.388864516545901,3.733308960990346,"Klamath County, OR",Oregon
345,1044,3.249081666925267,3.1462227889456518,test,21115,23350,48.84796573875804,51.15203426124197,97.86723768736616,0.4154175588865096,98.09705042816366,75.33777354900094,22.759276879162694,1.9029495718363465,13.384527872582481,84.89761092150171,1.7178612059158134,21.398741872389927,56.092403658085324,22.508854469524763,60.21372536907776,29.01352770399653,10.77274692692569,26.280613815239853,49.5302407516148,32.11077844311377,29.253066748155586,6.0,24.772626441881105,57.299391256225775,43.84061981184284,16.27006087437742,27.93580520199225,35570.0,0.4552,18436.0,43.89235127478753,9.255195559571447,50.32605613836122,52.96442687747036,36.915225404026096,99.77413890457369,16.671392117947267,0.0,0.4882226980728052,25.66666666666667,28.61241970021413,25.987152034261246,35.58029978586724,15.657387580299785,1.7173447537473234,25.766666666666676,23.24808560203046,-2.5185810646362157,"Johnson County, KY",Kentucky
346,257,2.312535423847214,1.8813247827816204,test,8033,1862,54.6186895810956,45.38131041890441,96.18689581095595,0.0,100.0,60.63569682151589,39.364303178484114,0.0,14.452856159669649,70.13076393668273,15.416379903647625,26.99798522498321,47.68300873069174,25.31900604432505,48.54368932038835,30.470500373413,20.98581030619865,21.490280777537798,42.5,23.7649063032368,19.0655209452202,6.0,27.460426703372327,66.99716713881021,42.06798866855524,8.215297450424929,9.773371104815864,31875.0,0.478,20199.0,57.811424638678595,4.642857142857143,57.9696394686907,65.91478696741855,25.80645161290323,100.0,17.741935483870968,0.0,5.907626208378089,10.0,24.328678839957032,28.356605800214826,28.249194414607945,21.428571428571427,3.813104189044039,10.1,6.562192585994683,-3.537807414005317,"Dolores County, CO",Colorado
347,1563,1.4891517465595983,1.9424374373738342,test,29173,10243,50.27823879722738,49.72176120277263,96.8759152592014,1.4351264278043545,99.18404351767906,65.45784224841343,33.726201269265644,0.8159564823209429,10.56072416394267,85.98189590143323,3.4573799346240888,23.452845817063068,58.58478286593303,17.962371317003907,61.152162014230974,26.559934318555,12.287903667214012,12.374185908821788,17.892425905598248,13.148200623406064,15.850426931004026,5.0,33.047050037341286,76.54812235762247,42.12882367570256,4.998756528226808,9.873165879134543,47345.0,0.3797,23442.0,62.983840661405495,5.946698488464597,70.23829087921118,64.80505795574288,17.07477403451109,96.36459430979978,17.78142974527527,0.9483667017913594,1.1520062481694815,4.333333333333333,27.755540369032502,23.440398320804448,36.26867128770867,18.75427120960656,1.6889583129942398,4.433333333333333,6.97573317845457,2.5423998451212375,"Ralls County, MO",Missouri
348,463,1.9443215863701753,1.8884548400414538,test,13167,9794,55.51357974269961,44.48642025730039,62.5791300796406,34.55176638758424,99.23273657289002,64.19437340153452,35.0383631713555,0.7672634271099744,12.692307692307693,84.78021978021978,2.5274725274725283,36.434676434676426,39.03540903540904,24.52991452991453,63.622843545508616,27.43902439024391,8.93813206424747,23.133028521663398,49.13928012519562,25.88621822583434,18.668110449377366,5.0,20.091848450057405,67.50530463776903,39.466505001515614,10.427402243103973,25.886632312822066,34438.0,0.4518,16954.0,58.7912087912088,8.80841121495327,57.91348600508906,44.33212996389893,21.8490245971162,98.91696750902528,24.308736217133173,0.5054151624548736,0.39820298141719424,6.8888888888888875,27.445374719215852,30.66162956912396,34.21482540330815,15.162344292423933,2.8691035327751684,6.988888888888887,6.60914859547316,-0.37974029341572724,"Johnson County, GA",Georgia
349,2677,1.2653814324545796,1.4445152793572416,test,48323,56548,49.285562707788074,50.71443729221193,93.1067411756384,0.12909386715710547,100.0,68.45361953783812,31.54638046216187,0.0,7.601342353379854,91.580993980717,0.8176636659031588,31.279095009527484,47.80144238886611,20.91946260160641,63.33910306845005,25.932336742722267,10.728560188827696,26.66523228085273,53.570222822417286,29.342924999139505,16.792621776504298,5.0,9.114181970167973,78.30941983780411,29.956331877729262,10.704928259513412,33.112913287585776,33747.0,0.4744,15249.0,61.280536484113036,12.628104915754735,42.52910221655238,23.750602603246023,13.347153564024875,95.75767314799937,45.60676128209217,3.2781616583641333,95.17577986843037,3.4444444444444446,41.57529886114451,29.10624602107944,27.49168847704605,11.098535757232792,6.764164957204499,3.5444444444444447,4.239796527763055,0.69535208331861,"Maverick County, TX",Texas
350,1270,1.928295602354331,2.153770574618296,test,26091,98902,50.788659481102506,49.211340518897494,92.37831388647348,2.6450425673899414,98.25650933848559,62.489649461772004,35.7668598767136,1.7434906615143988,15.150840166501927,81.16968996672746,3.6794698667706136,30.139991127322922,48.43742298023365,21.422585892443443,46.91394702832781,33.84334288982308,19.24271008184911,14.346771522294285,27.038419848247624,14.061614953741582,15.88926612692609,5.0,29.220880405142196,73.60130650089556,36.761142134653895,5.339268780950374,15.372458118217258,48043.0,0.4074,23252.0,62.936429623822356,8.498528811666416,74.68261301030009,77.16768587061475,17.029394654895118,99.163179916318,13.362762207849984,0.07080785323463147,7.595397464156437,6.777777777777778,29.25421123940871,26.68601241633132,34.978059088794964,16.204930132858788,4.97664354613658,6.877777777777777,8.617289349591774,1.7395115718139964,"Lenawee County, MI",Michigan
351,3047,1.296248080435107,1.2775635978832007,test,55015,49678,50.19727042151455,49.80272957848545,94.67772454607672,0.779016868634003,99.49186991869921,81.1835522201376,18.308317698561602,0.5081300813008129,10.255710504052617,88.4834756979505,1.2608137979968892,24.690790146171928,60.46969232341818,14.839517530409895,40.8930350511729,30.706759653413034,28.400205295414057,6.950713490537393,12.035975663521734,5.974588507074791,9.068315451294175,4.0,22.62079062957541,81.84900177581659,27.64892643814239,2.620674810310499,6.6189528063283625,67427.0,0.3748,29479.0,73.29627510286385,3.0856165656715864,88.32104832104832,63.265306122448976,9.13022113022113,98.49368318756076,5.408681408681408,0.0,3.8870324892306454,3.5555555555555562,32.87571963444583,25.544506622649866,36.02802045170901,12.66959217359797,4.543258585289262,3.6555555555555563,3.5878875311904546,-0.06766802436510178,"Calumet County, WI",Wisconsin
352,3009,2.376454941560501,2.3442508740642136,test,54049,56790,49.00510653284029,50.9948934671597,93.95492164113399,3.6221165698186297,98.71052631578951,62.807017543859644,35.90350877192983,1.2894736842105263,14.589135701831848,81.74716391549487,3.6637003826732792,28.70687830687831,48.84656084656085,22.44656084656085,52.52406005389452,26.028487103811113,21.447452842294368,16.171438861876464,33.19098457888494,16.217208814270727,14.708540843273132,5.0,30.918685006513147,69.9034740447489,36.835550020016896,5.987278145989947,14.243138650415904,43165.0,0.4355,23807.0,58.94540280988796,4.834816714436566,69.49407720932875,67.10970248440856,17.57804732551203,98.6811164502607,16.691759225066047,0.07156732440445762,1.1745025532664202,10.666666666666666,26.839232259200568,28.15812643070964,33.94435640077478,17.679168867758406,2.422961789047368,10.766666666666664,10.425459819145113,-0.3412068475215513,"Marion County, WV",West Virginia
353,2846,2.312535423847214,2.010888921684799,test,51069,81340,49.67297762478486,50.32702237521514,91.18760757314976,4.445537251044996,99.282432502194,75.1793918744515,24.1030406277425,0.7175674978059986,9.914720912272633,86.60181731543403,3.483461772293333,24.77215984805551,55.583806883453065,19.64403326849143,43.073659229427726,27.83301271102641,29.09332805954585,6.5420677272953975,8.403930870891223,6.565824177743621,11.653082809680832,4.0,34.45909863257545,82.08453573247327,30.867424885418444,2.8993379731794264,6.620268205737567,69098.0,0.3981,30769.0,69.94522973992325,5.000703333802223,77.96857873584216,68.64117446227382,7.7010514350667805,96.27859337657905,16.74785856371534,1.604643222942984,7.2252274403737395,10.0,30.255716744529142,25.952790754856164,35.5839685271699,14.531595770838456,4.366855175805262,10.1,7.469954601512301,-2.630045398487699,"Frederick County, VA",Virginia
354,2773,3.331807606022345,2.477472539905893,test,49007,20927,49.385960720600174,50.61403927939981,92.42127395231041,0.6546566636402734,98.64575908766928,70.72344975053457,27.92230933713471,1.3542409123307195,14.651890127821591,82.1049768833288,3.2431329888496045,23.35288669342389,52.448286508181546,24.19882679839457,38.86648915937619,46.03271205781666,15.100798782807152,15.335730824178533,22.17526690391459,16.67454688731285,15.61489063782531,5.0,23.173523448230753,74.22416004103616,35.9835855347525,5.7707104385739925,14.080533470120542,46900.0,0.4088,21287.0,64.28666048483242,7.304759942303729,70.33457249070632,72.87003007016372,15.340768277571252,98.49649181423321,18.744320528707146,0.0,12.968891862187604,27.88888888888889,34.43876332011277,29.416543221675354,29.03904047402877,14.641372389735745,6.9240693840493135,27.98888888888889,11.911121457171165,-16.077767431717724,"Carbon County, UT",Utah
355,1386,1.6072132174119893,1.190381530417522,test,27157,21381,50.40456480052382,49.59543519947618,97.56793414714001,0.16837378981338572,99.73045822102422,74.24839311631764,25.48206510470661,0.2695417789757413,14.369969896172512,83.82994409289182,1.800086010935676,22.46822704008281,59.94019207544999,17.591580884467188,45.82448220924057,33.005841741901214,21.169676048858204,7.304060434372048,11.23465369469539,6.933925306868634,10.691705199584787,4.0,32.75893343007437,78.47648832793476,34.35719870434491,2.446107450016754,6.366581034290182,56510.0,0.4261,30468.0,69.21478765658418,3.3106736117242,80.56554037862449,72.30889235569424,16.44700055915009,99.14196567862714,6.901509705248022,0.026001040041601663,2.8763855759786727,4.888888888888889,28.62822131799261,23.085917403302002,35.73733688789112,18.591272625228008,2.26369206304663,4.988888888888889,3.2883355681217723,-1.7005533207671166,"Wabasha County, MN",Minnesota
356,962,1.7711787615280343,1.5817533609218968,test,20161,75022,53.32035936125404,46.679640638745965,83.26091013302766,6.552744528271707,99.26196511107796,75.13046071268825,24.13150439838974,0.7380348889220217,14.980667034913619,61.26549970476752,23.753833260318853,50.2773431944247,36.253733466078785,13.468923339496515,22.31261525111184,32.74487471526196,44.94251003362621,22.539083150819426,13.052310817673945,33.90002280270592,8.260761383428713,4.0,28.22509258422907,85.9598745607738,16.552688253296562,3.1624286847772702,5.984811274417199,44437.0,0.4837,23992.0,65.319552298662,5.707029832835653,86.82920902353085,78.08619430241052,7.231379855007898,97.00511322132944,8.938479607954315,0.01826150474799124,7.789715016928367,5.777777777777778,28.70891205246461,56.475433872730655,17.926741489163174,7.6497560715523445,10.186345338700649,5.877777777777778,4.863475768131406,-1.0143020096463724,"Riley County, KS",Kansas
357,2489,2.799311792380535,2.1502301973129727,test,47137,5097,49.14655679811654,50.85344320188346,97.6849126937414,0.7455365901510693,100.0,76.36949516648764,23.630504833512354,0.0,9.982788296041306,89.45168428817308,0.5655274157855913,13.25941325941326,66.01986601986603,20.720720720720717,61.01738904749546,27.58889177264469,11.39371917985985,16.143856143856144,32.48587570621469,16.566351390083113,20.119880119880122,6.0,34.62370762202453,66.03688708951867,45.074224021592435,8.95186684660369,22.537112010796214,36773.0,0.4054,20526.0,55.79050897467422,4.93609519612164,61.044460127028934,63.42254663422546,18.842625264643615,100.0,22.75935074100212,0.0,0.3531489111241907,16.333333333333332,22.9546792230724,19.187757504414364,37.02177751618599,25.387482833039044,1.5695507161075144,16.433333333333334,8.5868348359899,-7.846498497343434,"Pickett County, TN",Tennessee
358,948,2.2442495159810822,2.0200190574729717,test,20133,16423,49.0470681361505,50.9529318638495,94.60512695609816,1.169092126895208,100.0,69.00785854616896,30.99214145383104,0.0,15.48479247185347,81.59973113762393,2.9154763905226013,23.33971658368441,51.84220605132134,24.81807736499425,41.943781003123284,39.47271725151571,18.583501745361016,18.59807801017524,42.340425531914896,17.42603550295858,18.21549861068231,6.0,26.334116122762985,75.18180411573573,36.65480427046264,4.935788333591211,13.60049512610243,43195.0,0.4421,22354.0,66.57041498226219,4.6102367083901346,75.95938001068947,68.25741142443962,10.796365579903796,98.33694866232828,15.628006413682522,0.0,4.901662302867929,9.333333333333334,32.21092370456068,25.141569749741212,32.125677403641234,17.926079279059856,4.225780917006637,9.433333333333334,7.538468596454518,-1.8948647368788158,"Neosho County, KS",Kansas
359,2643,1.6072132174119893,1.8730537055392291,test,48255,14879,59.13703877948787,40.86296122051213,63.592983399421996,9.005981584783923,99.744081893794,55.534229046705036,44.209852847088925,0.2559181062060141,14.645460569913853,82.7810912303954,2.5734481996907443,36.46760885548567,35.41377338452741,28.11861775998693,62.50736304731986,24.484586687610445,13.008050265069704,25.35617228032611,78.78260869565217,23.43643548167325,18.984330133727127,6.0,25.534088007490002,71.33905778602923,35.924808540264564,5.1288001856579255,21.861220700858674,45502.0,0.5856,25868.0,60.359863119549615,4.6086320409656185,65.00140726146918,59.60061443932412,16.77455671263721,99.23195084485407,22.122150295524907,0.0,51.47523355064184,4.888888888888889,26.57436655689226,34.38403118489146,30.0692250823308,14.510383762349619,27.401035015794072,4.988888888888889,6.508140028821742,1.5192511399328534,"Karnes County, TX",Texas
360,2458,1.9756230463738251,1.8737884098170092,test,47075,18248,46.82156948706708,53.17843051293293,46.15848312143797,49.3423936869794,100.0,59.98625744388456,40.01374255611544,0.0,17.61301194226683,80.15239211663858,2.234595941094585,32.23540643753409,40.7733224222586,26.991271140207314,63.04171400746632,24.11134556078559,12.846940431748092,22.80526403464934,47.69647696476965,24.64840182648402,17.751873438801,6.0,25.8680305431494,66.85216894977168,37.18607305936073,11.415525114155251,29.380707762557076,34182.0,0.4839,19027.0,57.96761667521431,10.313447927199194,60.66507440749586,52.11726384364822,24.591218078265662,99.34853420195441,19.58478780084512,0.0,4.159359929855326,7.1111111111111125,31.515782551512494,26.13985094256905,34.27224901359053,15.66199035510741,4.499123191582639,7.211111111111112,6.512923344087238,-0.6981877670238745,"Haywood County, TN",Tennessee
361,2631,2.2789752273549118,2.5101755107674695,test,48231,88052,49.419661109344474,50.580338890655526,78.69895062008813,8.447281152046518,99.83994727675,70.71505907828461,29.12488819846537,0.16005272325001174,12.954247958611234,82.15732718319515,4.8884248581936065,26.47935714691351,47.72843432335736,25.792208529729123,51.217787283954884,31.324386794080105,17.45782592196502,18.92523638926411,34.23208411275237,20.18871449925261,17.290759000229304,2.0,34.70565313830106,74.70160871821484,35.826414115204976,6.282433834976647,15.889335755059678,45197.0,0.4423,21888.0,60.25234679486208,11.323651556718936,62.41229472733772,57.80125195618154,14.743891198434945,98.26291079812206,26.622900246421253,0.4147104851330204,14.63453413891791,9.666666666666666,31.184981601780766,28.32871485031572,32.479671103438875,14.99909144596375,12.85376822786535,9.766666666666666,12.307089897760793,2.5404232310941275,"Hunt County, TX",Texas
362,2239,2.8455551700866035,2.5411531826724483,test,42003,1231145,48.12682502873341,51.87317497126657,80.81200833370562,13.006672650256467,99.36624501231005,66.3515578572035,33.01468715510655,0.6337549876899568,19.48071290791606,75.10290337498074,5.4163837171032085,35.611989590708035,43.87624594170719,20.511764467584783,36.28512943954739,25.95834501560295,37.75652554484966,13.011000678621421,22.08982872572568,13.355447296620865,13.086865888218682,1.0,25.812497800391153,75.60912047196214,32.597906838843215,5.522780406923824,13.005019507718108,53040.0,0.4855,32848.0,66.26209485916253,6.856874793321695,80.2968185341885,72.7818129066205,13.22107504155691,97.04553166169174,9.894208258929432,0.2483366362925553,1.83057235337836,17.11111111111111,25.356314650183364,29.6861864362037,34.009966332154214,17.112850232913264,6.181319016037916,17.211111111111112,12.694301381836686,-4.516809729274426,"Allegheny County, PA",Pennsylvania
363,295,1.296248080435107,1.7226562513154324,test,8111,606,53.96039603960397,46.03960396039604,94.22442244224425,0.0,100.0,83.07692307692308,16.923076923076927,0.0,23.65988909426987,64.87985212569316,11.460258780036964,33.02752293577982,40.18348623853211,26.788990825688074,41.139240506329116,29.746835443037966,29.11392405063291,16.5016501650165,20.37037037037037,19.690265486725664,11.221122112211221,6.0,26.062846580406656,84.04255319148936,31.914893617021278,1.773049645390071,15.957446808510639,36324.0,0.3881,23143.0,72.2735674676525,13.810741687979537,51.650943396226396,55.55555555555557,24.29245283018868,99.14529914529915,27.35849056603773,0.0,19.306930693069308,3.5555555555555562,12.541254125412545,34.15841584158415,35.808580858085804,19.306930693069308,5.775577557755777,3.6555555555555563,5.599382094108722,1.9438265385531657,"San Juan County, CO",Colorado
364,291,2.118929313186954,1.7280727433527658,test,8103,6712,51.9964243146603,48.00357568533969,94.1746126340882,0.4618593563766388,100.0,77.79097387173397,22.20902612826603,0.0,14.51576828450011,83.76202191903377,1.7222097964661147,27.148288973384037,57.129277566539926,15.722433460076045,42.58229021789523,35.44274455261937,21.97496522948539,17.36349453978159,28.015267175572518,18.710810132932032,10.350559081293444,6.0,31.86791326835091,84.48831587429494,24.25463336019339,3.1426269137792104,7.4939564867042705,61842.0,0.4041,27274.0,70.59181191730845,3.7611254665518237,77.6990718124084,62.5,12.383976551050315,85.0,13.214460185637519,0.0,10.622765196662693,8.222222222222221,32.017282479141834,28.158522050059595,33.53694874851013,13.200238379022649,5.36352800953516,8.322222222222221,5.62979338955377,-2.692428832668451,"Rio Blanco County, CO",Colorado
365,385,1.5846897427449065,1.757944611867811,test,13009,45795,49.734687192924994,50.265312807075006,54.586745277868786,41.48487826181898,99.52585233687063,43.982840370286745,55.54301196658388,0.4741476631293746,15.781344639612355,71.35372501514233,12.864930345245307,45.6994872868055,31.262425447316108,23.03808726587841,56.47211320347101,25.802037950527488,17.72584884600151,31.37567143604126,73.74201277955271,39.8407710035617,12.948582456462805,5.0,23.749694052378235,67.82450869946176,33.60871197897109,4.124421078983604,16.472649893603705,32460.0,0.5169,18611.0,51.37879312334142,8.303390972378171,71.4379129955947,63.2751247327156,14.771475770925115,96.81040627227371,17.383672907488986,0.2672843905915895,2.1225024566000656,4.777777777777779,28.92455508243258,36.35549732503549,30.72169450813407,13.352986133857408,3.928376460312261,4.877777777777779,5.800502848826289,0.92272507104851,"Baldwin County, GA",Georgia
366,1330,1.296248080435107,1.40741610561944,test,27045,20843,50.11274768507412,49.887252314925874,98.26320587247514,0.4078107758000288,99.19597989949749,76.5427135678392,22.653266331658287,0.8040201005025126,15.856414229453161,82.1421654077087,2.001420362838143,22.71501348516632,57.39286784537009,19.892118669463603,44.794624922075215,35.74149754104038,19.463877536884393,11.14805398005085,19.72377029319118,10.437878248487008,11.845568879789411,4.0,29.805207085671054,76.88430430195756,34.96659242761693,3.1414839995311215,9.447895909037626,51665.0,0.4142,26348.0,69.98519853272411,4.275862068965517,77.39145328423398,74.3656136716727,15.123747537895007,98.10978767477992,10.90177271559476,0.4401864319005696,1.1274768507412558,3.5555555555555562,29.755793311903282,23.03411217195221,33.14302163795998,19.95394137120376,1.3289833517247995,3.6555555555555563,4.0853855494943065,0.4298299939387502,"Fillmore County, MN",Minnesota
367,638,2.6461747973841225,2.1167332508955345,test,17099,112579,50.140790023006055,49.859209976993945,94.09570168503895,2.4604944083710105,98.46485967858,67.05844726952907,31.406412409050933,1.5351403214200048,15.240936046305173,81.08021732182806,3.678846631866766,28.937991569982184,48.356363794377096,22.70564463564073,49.247879455705615,34.54757450734182,16.204546036952568,13.163505265951116,25.258651444880485,12.52656748140276,12.818456828370447,5.0,29.121287270150727,74.33208263640884,34.23895845576602,5.119569639708875,13.344785497943132,50633.0,0.4258,25755.0,66.05979030886937,9.440571939231457,71.84578385690665,71.41913464714301,17.03892980610251,98.76692722668722,14.00120246505336,0.2807442474953209,8.754741115128043,14.0,28.57548921202001,25.80765506888496,34.77646808019257,17.154176178505757,3.4438039065900385,14.1,8.303966156884467,-5.7960338431155325,"La Salle County, IL",Illinois
368,2361,1.6925528191446069,1.3505882842308028,test,46013,38060,48.84655806621125,51.153441933788756,92.00735680504471,1.5055176037834996,99.53922229714544,70.52146549786468,29.01775679928073,0.4607777028545741,18.980445919619022,75.69088678836856,5.328667292012411,28.427820751330003,51.79672965827866,19.77544959039133,40.7425016839019,30.97190855422164,28.285589761876462,9.819268922407936,9.763056692718026,11.249552167509256,9.685417222074113,5.0,25.47812328013209,82.77069267316828,28.90097524381095,3.269567391847962,8.195798949737434,53100.0,0.4253,28841.0,72.65196266909014,2.2564349290353616,83.16987053746567,62.31474947071278,9.772895688941198,98.88849682427664,10.705723377359314,0.0,2.2517078297425117,5.333333333333333,30.465055176037836,28.586442459274824,32.133473462953226,15.796111403047814,6.487125591171835,5.433333333333333,3.859695460924794,-1.5736378724085385,"Brown County, SD",South Dakota
369,1611,2.0640458562018624,2.0219338720641877,test,30039,3168,51.32575757575758,48.67424242424242,98.54797979797979,0.06313131313131314,100.0,66.98113207547169,33.0188679245283,0.0,16.240310077519382,81.51162790697674,2.248062015503876,13.999270871308784,60.29894276339776,25.70178636529347,47.12273641851107,27.04225352112676,25.835010060362173,14.940686117345304,64.15094339622641,11.220556745182009,17.918523233609164,6.0,41.50871872630781,71.14707952146377,48.20548909218861,2.3223082336382834,7.178043631245602,48512.0,0.4216,27136.0,52.182235834609486,7.19002201027146,71.23919308357348,67.95895096921323,8.069164265129682,99.31584948688713,24.03458213256485,0.0,1.893939393939394,7.777777777777778,23.137626262626267,16.25631313131313,38.699494949494955,28.31439393939393,1.3888888888888888,7.877777777777777,7.552917194897327,-0.3248605828804507,"Granite County, MT",Montana
370,58,2.2204104848050292,2.192499196247253,test,1117,203530,48.70731587480961,51.29268412519039,81.30791529504249,11.76239375030708,99.58031895759224,79.6854390663096,19.894879891282624,0.41968104240777016,12.369278984376555,83.87525148233482,3.7554695332886254,25.248657281511488,55.47477662467396,19.276566093814555,30.003062876478573,29.23734375683677,40.759593366684655,8.329549367038076,11.643033986045465,8.270871026104938,11.036567238132989,2.0,25.763736156160466,82.73360341038473,26.56022453464665,2.9483411443853096,6.622183387613528,70187.0,0.4265,33494.0,69.6879241951001,5.223294911920724,83.61506302504469,69.87270155586988,7.3527906592238566,96.50838553243081,12.287718579987875,0.7395433420893109,5.847786567090846,9.111111111111107,31.283348892055226,28.482287623446172,34.495651746671264,12.389819682602074,6.929690954650421,9.211111111111105,8.957571893633903,-0.2535392174772024,"Shelby County, AL",Alabama
371,1185,2.7578980068297776,2.702516290715809,test,23029,32191,49.311919480600174,50.688080519399826,91.631201267435,0.5591624988350782,98.43008994276371,61.913327882256745,36.516762060506956,1.5699100572363045,18.101465068410214,79.39621423093999,2.502320700649796,24.558043606364173,49.149233942251044,26.2927224513848,50.56618177191569,29.30149709487256,20.132321133211764,19.071751611765087,32.729281767955804,21.56379793296629,20.51654917333165,6.0,39.21169005960392,68.30044557606621,41.53051842421671,9.583421741282978,25.659523304335533,38083.0,0.4455,21977.0,55.64493976376408,9.442877291960508,52.097106891627426,62.71289537712895,33.54842121965409,97.61253041362532,19.43724546464273,0.19768856447688565,1.7178714547544345,15.666666666666664,25.103289739368144,22.388245161691152,37.22158367245504,21.282345997328445,7.809636233729923,15.766666666666667,14.917220602342269,-0.8494460643243986,"Washington County, ME",Maine
372,526,2.47466924069478,2.724088538063495,test,13295,68285,49.43984769715165,50.56015230284836,92.3760708794025,4.5837299553342605,98.62232474689222,63.007817506087406,35.61450724080482,1.3776752531077792,12.448351134326035,83.88360489592266,3.6680439697513054,24.302007627545514,48.949413542491186,26.748578829963304,57.216079976278216,28.10183420171983,14.682085822001948,17.766085387853273,29.142125480153645,19.550096540814664,19.630088521996147,3.0,28.528796806690746,72.4477958236659,37.594740912606355,6.825212683681363,16.732405259087393,41632.0,0.455,21430.0,59.102676399026755,7.943617441707286,62.77865069233035,55.46368505120737,17.315624079347934,99.23893639011557,23.350191495629968,0.15972939960537444,1.8305630812037783,11.777777777777779,29.331478362744388,26.658856264186863,34.361865709892356,16.09577506040858,3.040199165263235,11.877777777777776,15.242514621583366,3.3647368438055896,"Walker County, GA",Georgia
373,1494,2.6222502112988773,2.541407984443314,test,29035,6284,47.66072565245068,52.33927434754934,95.84659452577976,0.06365372374283895,96.85658153241651,72.69155206286838,24.16502946954813,3.1434184675834973,19.146677987688392,76.92634260241988,3.926979409891743,22.496025437201904,43.48171701112877,34.022257551669306,52.93979303857008,35.70084666039511,11.359360301034807,21.250201385532463,38.39701770736254,23.774574049803405,23.052311630139176,6.0,36.52996845425868,64.24785976355483,45.98450876477782,9.294741133306156,21.60619649408887,33034.0,0.4997,20318.0,55.400254129606104,9.67125382262997,48.06902218570254,47.7124183006536,24.294713777047384,96.82539682539681,29.14270062996439,1.96078431372549,1.9096117122851688,13.666666666666664,31.38128580521961,24.47485677912158,33.752387014640355,17.441120305537872,4.0897517504774035,13.766666666666666,12.697536324425728,-1.0691303422409373,"Carter County, MO",Missouri
374,311,2.54683760751849,2.2908970951473355,test,10003,549643,48.37958456670968,51.620415433290326,65.46940468631458,24.200981364267353,99.4987612124582,61.36209391890234,38.13666729355585,0.501238787541804,13.620336503291881,80.33113874664716,6.0485247500609605,36.50229739108313,42.90084955491536,20.59685305400152,38.48421383460357,26.480604948941856,35.035181216454575,11.351557280445602,18.24863113306069,11.297403678752556,10.909121143477957,2.0,22.900613036700147,80.30434868590187,28.540846797318412,4.508375027191646,12.275298119326838,65476.0,0.4526,32894.0,68.34742656277238,7.125162904290892,76.32259493543441,69.66736025194018,16.301768254269614,95.93549656956472,10.528692780563297,1.1992464289731188,9.2001535542161,12.666666666666664,29.30902422117629,30.79016743595389,33.51702832565866,13.361581972298383,10.329613949418077,12.766666666666662,9.883800414610405,-2.8828662520562567,"New Castle County, DE",Delaware
375,196,2.1835512754360096,2.1115452894895226,test,6025,178206,51.15821016127404,48.841789838725965,70.8758403196301,2.902259183192485,99.02628634248808,65.87879620722825,33.14749013525982,0.9737136575119258,7.770554230920973,88.40163301713638,3.8278127519426386,36.606274856385326,38.85550154661953,24.538223596995135,55.51183671947116,30.407175690669554,14.0809875898593,23.980009684303656,44.95597629049893,26.50060056485559,13.96776577736452,4.0,14.368165488926616,76.19693446999051,32.96951692069233,10.333247222939807,20.296219753724273,41079.0,0.46399999999999997,16143.0,60.13374661780321,17.245012744023125,48.22062579158275,31.595151989052876,29.363827004131803,94.8734239077314,24.977679961796397,2.2187469455576188,81.84629024836427,8.777777777777779,36.43199443340853,31.305904402769826,28.438436416282283,11.624748886120555,26.221900497177426,8.877777777777778,8.260997058334048,-0.6167807194437298,"Imperial County, CA",California
376,1713,1.3552622518721622,1.6253024068148731,test,31131,15842,49.49501325590203,50.50498674409797,96.5029667971216,0.11362201742204267,99.33333333333331,72.34666666666666,26.986666666666665,0.6666666666666667,16.494496189669768,81.00762066045723,2.497883149872989,23.42441086667189,53.77749941282393,22.798089720504194,46.721387069999075,31.743982292723413,21.534630637277512,10.920798454603991,17.277321541377134,10.770528683914511,13.155018324439016,6.0,32.09140586189766,78.74980611136962,35.25670854661083,4.5602605863192185,8.484566465022493,50275.0,0.3977,26032.0,70.96500889604339,4.524832855778414,80.71309192200556,69.27157001414427,8.958217270194986,97.24186704384724,14.172701949860725,0.0,6.918318394142152,3.7777777777777777,30.16033329125111,24.075243024870595,32.93776038378992,19.315742961747254,3.383411185456382,3.877777777777778,5.079955017939525,1.2021772401617472,"Otoe County, NE",Nebraska
377,394,1.410986973710262,2.1154053754600675,test,13027,15637,49.15265076421309,50.84734923578692,59.154569290784686,35.160196968728016,99.07807548256987,57.994814174589465,41.0832613079804,0.9219245174301354,18.05360824742268,79.0680412371134,2.878350515463917,27.74589197263936,46.088528972403495,26.165579054957146,59.970154821861584,28.34359261331841,11.686252564819995,27.61053926328737,73.57105401153646,30.857142857142854,20.791127067572766,4.0,39.6920796970196,67.3559373574578,41.0521514368253,11.20571689220009,25.42192488976737,32663.0,0.4798,19744.0,56.42633228840125,16.812865497076025,51.93215972520395,54.59729151817535,21.779733791326752,98.78831076265146,30.71060541004724,0.6058446186742694,5.518961437615911,4.0,28.592441005307933,25.241414593592125,34.527083200102325,18.00217433011447,5.6852337404873055,4.1,8.292946841965742,4.1929468419657425,"Brooks County, GA",Georgia
378,262,2.5292778938193967,2.399379725089341,test,8043,46809,57.68762417483817,42.31237582516183,87.99162554209661,5.2361725309235405,98.53778467908907,60.364906832298146,38.17287784679089,1.4622153209109732,16.939679415073115,79.92125984251969,3.1390607424071995,27.853824866574424,42.392271199841865,29.75390393358371,52.43790248390064,32.31301050988262,15.249087006216724,17.372998725832364,41.54877140729709,16.518112682966713,18.55271159268064,5.0,42.94188644359416,66.13021661975279,41.4269979194713,6.694407049320768,15.548892424427855,40423.0,0.4324,18619.0,53.13060291791176,8.674650962747304,61.582516955538814,63.50117096018736,24.345641798543078,97.41217798594849,19.00527505651846,0.1522248243559719,12.988955115469249,12.444444444444445,21.34845862975069,28.52656540408896,35.362857570125406,19.4321604819586,6.772201926979856,12.54444444444444,11.01634110099231,-1.5281033434521305,"Fremont County, CO",Colorado
379,1239,2.0059743897979634,2.2267211842368404,test,26029,26134,49.37246498813806,50.62753501186194,95.1672151220632,0.3252468049284457,98.44875346260388,69.43674976915975,29.012003693444143,1.551246537396122,15.324675324675324,82.46998284734134,2.205341827983337,22.868021468874716,54.36029175650259,22.771686774622694,39.6331148234299,32.501585958976534,27.86529921759357,12.341894932878096,19.841449603624014,12.68016283419518,15.170494084899097,6.0,31.781445095097517,71.24328330554012,40.80044469149527,4.039281082082638,12.451361867704279,46554.0,0.4707,28188.0,61.567802826544074,7.545671167593326,71.84344267705102,79.63382408456022,16.691967526895915,98.71649679124201,15.088112995841858,0.2453756134390336,1.6491926226371776,7.333333333333332,26.991658376061835,20.78518405142726,37.743935103696344,20.743093288436523,4.507538073008341,7.433333333333334,9.269423467118656,1.8360901337853228,"Charlevoix County, MI",Michigan
380,1128,2.267533454935127,2.4250695888976237,test,22043,22362,56.00125212413918,43.99874787586084,80.00626062069583,14.39048385654235,100.0,66.43654822335026,33.563451776649735,0.0,14.98926270579814,82.4910522548318,2.5196850393700787,31.417163485204835,41.437400864190785,27.14543565060439,63.78890739080314,27.641859869348025,8.569232739848854,18.31366114433917,29.226285108638052,20.21614203619521,19.290278291176005,4.0,25.864739287558077,66.5277198832847,34.04196192858136,9.8513269417813,19.00791996665277,39914.0,0.4332,17987.0,55.35255495289751,9.128416709644146,59.82158786797503,57.06638115631692,23.157894736842106,95.50321199143468,23.49687778768957,0.8565310492505354,6.238261336195331,9.555555555555557,27.725605938645916,31.276272247562837,33.404883284142734,13.294875234773276,5.603255522761828,9.655555555555557,11.303015956332365,1.6474604007768079,"Grant Parish, LA",Louisiana
381,1178,2.3014733641413554,2.2195468525712414,test,23015,34156,48.81426396533552,51.185736034664465,97.33575360112421,0.11710973181871415,98.59341386728448,67.23481714380274,31.358596723481718,1.4065861327155391,16.23828794341755,79.29563600568741,4.466076050895039,23.477044818882604,51.71908042840576,24.803874752711643,39.42044622557898,29.359176910331012,31.220376864090014,12.137556992579787,22.73476112026359,12.055384115640733,15.542809593152842,6.0,35.79697239536955,71.55149233664963,43.29120731379403,6.903737563861253,13.135251411669804,50462.0,0.4396,29078.0,61.38158371368543,4.190026556506344,66.16923076923078,67.43153219837158,20.70769230769231,98.10017271157169,17.95897435897436,0.11102886750555144,0.9456610844361166,9.888888888888893,23.07647265487762,20.0638248038412,37.94648085255885,24.282702892610374,2.5471366670570332,9.98888888888889,9.203159532760466,-0.7857293561284244,"Lincoln County, ME",Maine
382,140,2.2204104848050292,2.516886438833219,test,5063,36952,48.885040051959294,51.11495994804071,94.4062567655337,2.0540160207837195,97.17878993881712,58.81486517108544,38.3639247677317,2.8212100611828688,13.742711639235369,81.15359067089824,5.103697689866412,23.326558265582648,50.718157181571804,25.95528455284553,55.94164562542584,28.195262714921235,15.86309165965292,21.793794802867374,47.163920208152646,22.84786139685977,19.28890839757483,5.0,25.84789494288053,71.60415788734373,41.43840427026268,6.616097766540244,14.938895912347238,36265.0,0.4581,20242.0,58.174643400188245,6.7085692949156766,62.72922668861757,59.70460469157254,19.481410344354508,98.69678540399653,22.353317784789862,0.2953953084274544,5.988850400519593,9.111111111111107,30.49090712275384,27.57090279281229,32.03886122537346,16.432128166269756,3.5397272136826152,9.211111111111105,12.38995964821667,3.1788485371055657,"Independence County, AR",Arkansas
383,1354,1.561647248597752,1.5314509152250209,test,27093,23129,50.477755199100685,49.52224480089932,97.32802974620606,0.4366812227074235,98.93802228412257,76.02715877437326,22.9108635097493,1.0619777158774373,14.867246240601506,82.66564849624059,2.4671052631578947,23.177437796047247,58.229433222627534,18.5931289813252,46.73644148430067,34.32921027592769,18.934348239771644,10.056850733771098,14.624667621190426,10.096649484536083,10.827383820244405,6.0,29.539045865224146,77.4907346849793,33.92195334641378,3.564421190320471,8.513189448441247,55042.0,0.4174,27313.0,68.82425235559198,4.600340136054422,77.83983696882785,74.88275143303804,14.967167333383653,97.6550286607608,11.125367952298284,0.02605523710265763,3.411301828872844,4.666666666666667,31.384841540922647,22.95386743914566,34.605906005447714,17.57101474339574,2.2352890310865146,4.766666666666667,4.6248822687038995,-0.1417843979627671,"Meeker County, MN",Minnesota
384,2159,3.095577608523707,2.738884615931716,test,40069,11022,49.047359825802936,50.952640174197064,71.88350571584104,1.8689892941389947,99.49961508852964,55.61970746728253,43.87990762124711,0.5003849114703618,16.439867598381756,80.86306240039231,2.6970700012259408,23.26079603111963,46.2058856691848,30.53331829969557,53.62066657743274,30.31722660955695,16.062106813010303,19.28272007452259,37.34683004794885,20.16794342958161,25.81177765547606,6.0,31.0086729238446,66.4745437079731,36.64745437079731,8.357348703170027,20.797310278578287,38776.0,0.4517,20425.0,51.825961190791844,6.418604651162791,51.97625371035775,48.78691983122363,21.37166067801905,97.94303797468358,30.948289329792214,1.2130801687763713,4.472872436944293,22.0,30.529849392124845,25.303937579386677,33.41498820540737,17.646525131555073,26.247504990019962,22.099999999999998,15.469720789853778,-6.63027921014622,"Johnston County, OK",Oklahoma
385,1892,2.312535423847214,2.227447704354393,test,37017,34720,47.49711981566821,52.5028801843318,57.89746543778802,35.2188940092166,97.71082752269436,46.84909880278911,50.86172871990527,2.2891724773056183,17.02761847268337,81.30093570781769,1.6714458194989437,30.348661295429764,43.72163388804841,25.929704816521827,53.9868355274121,32.26128978503583,13.751874687552073,27.38465146274257,71.92860454334723,30.496627236288987,21.09452446206776,6.0,20.231064520891774,62.6831470036803,39.073675439205616,10.478438997291855,27.84528852163044,30096.0,0.4833,18903.0,55.39199160954414,11.86096835271842,59.93626882966397,57.17627401837928,20.118771726535343,99.53216374269009,24.034376207029734,0.20050125313283207,7.554723502304148,10.0,27.753456221198157,24.789746543778804,35.57027649769586,17.669930875576036,6.883640552995392,10.1,9.27616033668494,-0.8238396633150593,"Bladen County, NC",North Carolina
386,2174,3.080379747614276,2.3856429739808247,test,40099,13733,49.7487803102017,50.2512196897983,76.06495303284059,1.3398383455909124,98.42007434944237,64.93184634448575,33.488228004956625,1.579925650557621,14.903276746940383,81.05013817607579,4.046585076983813,21.63431151241535,51.16930022573364,27.196388261851016,56.89673622257892,22.92134831460674,20.18191546281434,15.125545030822432,27.719580983078163,15.03178928247048,19.611227859501646,6.0,34.047846889952154,73.385738349242,35.523114355231144,5.053340819764177,13.999625678457795,47077.0,0.4179,23146.0,61.222266244057046,3.5107587768969424,64.67112024665983,58.47750865051903,13.296505652620759,99.04844290657441,25.475334018499485,0.12975778546712802,5.5341149057015935,21.66666666666667,30.24102526760358,24.903517075657177,33.008082720454375,18.444622442292285,22.595208621568478,21.766666666666673,10.866047004803995,-10.900619661862677,"Murray County, OK",Oklahoma
387,1078,2.54683760751849,2.5850183528758777,test,21183,24065,49.81923955952629,50.18076044047371,95.76563473924787,2.3561188447953456,99.16850500593924,66.43475309689461,32.73375190904463,0.83149499406075,11.358038513210928,84.82982534706672,3.8121361397223454,20.19552488498536,54.80970305311586,24.994772061898786,64.43146896127843,25.826674861708664,9.741856177012908,22.01369515597261,55.21028663273506,21.383434123802406,21.412933647692824,6.0,25.794022128034353,68.88687166685578,40.93952116191989,10.268920912288666,21.264041756496088,40189.0,0.4476,19254.0,54.20796237191332,8.790414213407706,61.83043632493793,62.46014877789585,25.044341965235898,99.0701381509033,16.438453352252573,0.7970244420828906,3.6983170579680036,12.666666666666664,30.66278828173696,25.148555994182423,33.94140868481196,16.422189902347807,1.8782464159567835,12.766666666666662,13.263532511700179,0.4968658450335166,"Ohio County, KY",Kentucky
388,1302,2.455782938066032,2.222234696976659,test,26155,69113,49.403151360814896,50.596848639185104,96.79799748238392,0.4586691360525516,98.78314333290636,70.76341744588191,28.01972588702447,1.216856667093634,12.74037549781908,84.10392565901766,3.155698843163285,26.75122054765443,53.808462463737364,19.440316988608227,45.67606911538218,38.58309247030528,15.740838414312535,14.398329264346854,27.284901238701032,14.117087512971287,15.416879050462393,5.0,26.761644451100803,72.72063920610019,35.91156189572768,5.932357984603598,15.874347841949724,48233.0,0.4116,23582.0,61.40324405884572,9.598845066961543,71.4069233319127,80.81772668273688,17.732158924089592,98.41461153346931,14.79376805417436,0.08344149823845726,2.7259705120599595,11.555555555555555,29.845325770839057,25.68547161894289,35.70963494566869,15.94634873323398,2.7433333815635264,11.655555555555555,9.22792946757557,-2.4276260879799842,"Shiawassee County, MI",Michigan
389,1793,2.926143986747276,2.8749783345147923,test,35007,12997,50.08848195737478,49.91151804262522,85.49665307378625,0.4154804954989613,100.0,60.104669887278575,39.89533011272143,0.0,19.98605160904653,76.84567101723623,3.1682773737172463,27.081243731193577,45.60955594054892,27.3092003282575,45.260713531771145,33.27000211104074,21.469284357188094,19.875478927203066,30.089426617569696,23.57134078898857,21.32206363128937,6.0,40.489570435279546,62.54958528669311,46.141363144608725,8.005769924269744,16.336098088712586,32380.0,0.4602,20534.0,53.50571854798608,9.46096654275093,57.09337766694376,68.13535424744448,29.772790246605712,99.18928445541063,18.56469936270436,0.1409940077546704,48.634300223128406,18.555555555555557,24.728783565438174,23.266907747941843,35.11579595291221,22.39747634069401,14.08786643071478,18.655555555555562,17.725040095707605,-0.9305154598479568,"Colfax County, NM",New Mexico
390,677,2.0208114572284313,2.0412823215358413,test,17177,46625,48.403217158176936,51.59678284182304,86.26916890080429,9.19249329758713,99.58555358200121,53.582001184132615,46.00355239786857,0.4144464179988159,16.589073367736145,80.33430558671752,3.0766210455463314,27.212591837268285,49.488848798598575,23.29855936413313,44.84957588332215,37.07512052236529,18.075303594312565,14.980642621229686,28.35801674179008,14.93972030220222,14.257378264091725,5.0,30.159732133055225,73.79138815482669,36.292035856780146,4.886263536970827,16.980154412145705,45331.0,0.4284,24253.0,66.66946496530109,9.208814270724027,68.02487988379454,65.73646899966242,22.6488882267496,97.63699786204569,13.318931803791573,0.37132890739282093,3.3115281501340483,7.444444444444445,27.701876675603227,22.983378016085787,35.00268096514745,20.195174262734586,4.538337801608581,7.544444444444446,7.700477358402974,0.15603291395852814,"Stephenson County, IL",Illinois
391,2628,1.9756230463738251,2.1668046294950765,test,48225,22949,53.2790099786483,46.7209900213517,67.36241230554708,25.55666913591006,97.97358834244079,59.084699453551906,38.888888888888886,2.0264116575591986,17.791411042944784,80.96201540268895,1.2465735543662708,28.449664778337933,39.930357050049366,31.6199781716127,54.79468454447504,30.665629115287924,14.539686340237038,25.01144281137161,71.2,25.626786443446303,18.64312455732065,6.0,32.339710584792144,63.29853343276162,44.3823017648521,7.979120059656973,19.27665920954512,32698.0,0.4765,17570.0,53.22832595678209,6.089508437270728,56.874265569917746,55.77772611020693,16.894151676760373,96.8379446640316,29.485672963933833,0.2325040688212044,10.593054163580113,7.1111111111111125,24.68517146716632,24.87690095428995,35.278225630746434,20.327683123447645,7.080918558542856,7.211111111111112,8.730342743416276,1.5192316323051642,"Houston County, TX",Texas
392,169,2.312535423847214,2.7101223639761534,test,5121,17695,49.04210228878214,50.95789771121786,96.54704718847131,0.6951116134501272,99.00179165600204,64.49961607371385,34.502175582288196,0.9982083439979524,15.625233296005973,81.65733482642777,2.717431877566256,18.24296214117321,53.688808764387744,28.068229094439047,56.767989568902294,29.785673539238854,13.446336891858854,21.10770653870613,42.378497790868934,22.872827081427264,21.025936599423627,6.0,31.51998828525407,62.87661895023858,46.29856850715746,7.348329925017041,22.09952283571916,34044.0,0.4477,19011.0,51.712583767684286,5.25557955363571,54.18145956607496,55.714285714285715,25.04930966469428,99.30091185410336,24.072978303747536,0.2735562310030395,1.7914665159649619,10.0,29.25685221814072,24.09720259960441,33.461429782424425,19.627013280587736,2.757841198078553,10.1,15.031114669306936,4.931114669306936,"Randolph County, AR",Arkansas
393,323,2.69237238838298,2.302094456121,test,12019,197417,49.09962161313362,50.90037838686637,82.00864160634595,9.76359685336116,99.30518548882971,70.4263168682107,28.87886862061898,0.6948145111703218,9.468431771894094,86.2878479293958,4.243720298710115,26.529322947267342,50.99154078931575,22.479136263416915,40.34617668102726,35.8926152019364,23.76120811703634,10.518891069676153,13.17279454951251,11.300121506682869,13.375861714168124,2.0,51.60922988803579,78.78730829942221,32.104325662896606,3.995481731423689,11.75329095042938,58290.0,0.4122,26464.0,65.17519215842509,9.739260570802244,71.66718400013423,67.12152225001896,15.408427781646127,97.81669319990904,17.995654398872492,0.3335607611250095,8.846249309836539,14.666666666666664,32.235319146780675,26.363990943029226,35.29584584914166,13.593054296235886,8.227761540292883,14.766666666666666,9.995094834695426,-4.77157183197124,"Clay County, FL",Florida
394,2399,0.19153821189887874,1.6732886016924764,test,46089,2263,51.480335837384004,48.519664162615996,93.41581970835176,0.2209456473707468,100.0,78.42105263157895,21.578947368421048,0.0,25.31066056245913,73.9699149771092,0.7194244604316548,25.05197505197505,51.19542619542619,23.752598752598754,50.81206496519721,33.816705336426914,15.371229698375867,22.058144900784487,20.0,30.16678752719361,17.195402298850574,6.0,40.14869888475837,71.15956392467791,40.138751238850354,2.2794846382556986,12.190287413280474,36375.0,0.4423,22263.0,60.27855153203343,6.7467652495378925,72.72727272727273,70.25641025641025,13.305785123966944,97.6068376068376,21.90082644628099,0.0,2.07688908528502,1.1111111111111112,20.592134334953602,17.41051701281485,36.05832965090588,29.73928413610252,6.363234644277508,1.2111111111111112,5.329666157988929,4.118555046877818,"McPherson County, SD",South Dakota
395,1288,2.4267673628924595,2.259866199167387,test,26127,26229,50.619543253650534,49.38045674634946,94.7424606351748,1.3000876891989783,99.04654169360052,69.7317388493859,29.31480284421461,0.9534583063994828,12.127472754506485,85.32100614637673,2.5515210991167807,24.04247250663633,54.88718240424725,21.070345089116426,49.38452026305436,33.775504468551524,16.83997526839413,20.371583856917084,46.09487302347868,20.38946857558845,17.7425544980043,6.0,32.13750374737684,70.49480757483202,43.219303604153936,5.691305233150072,19.4257788637752,41617.0,0.4171,20234.0,56.331569664903,8.471240719205655,62.2136899245333,76.11310403038615,23.02396398781941,99.0082295843005,19.475705017873693,0.18991348385735388,14.247588547028098,11.222222222222221,29.94014259026269,23.832399252735524,33.97765831712989,18.494795836669333,3.9574516756262152,11.32222222222222,9.581807027232443,-1.740415194989776,"Oceana County, MI",Michigan
396,2359,1.0570183913692728,1.1892515649887854,test,46009,7013,57.792670754313406,42.20732924568658,90.43205475545416,0.9981462997290746,95.62314540059349,74.33234421364985,21.29080118694361,4.376854599406529,18.513189448441246,79.76019184652277,1.7266187050359711,30.22708158116065,46.07232968881414,23.70058873002523,49.55717378468805,31.90316866758512,18.539657547726826,10.434782608695652,12.412587412587412,11.421052631578947,13.973486205661054,6.0,35.48786966530901,73.83064516129029,40.24193548387097,3.9919354838709684,8.911290322580646,45254.0,0.45,22165.0,65.35191308455362,0.6866642573183953,86.21980265396392,75.44401544401545,10.990132698196666,99.38223938223938,8.370193943518203,0.0,3.9925851989162986,2.7777777777777777,25.1390275203194,26.579210038499927,33.50919720519036,20.433480678739482,8.569798944816768,2.877777777777778,3.284621961130602,0.4068441833528236,"Bon Homme County, SD",South Dakota
397,2192,2.914160619860179,2.823760072310601,test,40135,41464,49.454948871310044,50.545051128689934,65.77030677213968,2.052382789890025,98.71077353587849,61.782930241854885,36.9278432940236,1.289226464121527,12.463022508038586,84.27331189710611,3.263665594855305,21.84692129699192,49.899329867476034,28.25374883553205,57.668273522585245,28.83770755222282,13.494018925191927,25.126723314641136,60.479735318444995,26.92511516040928,23.999805314903146,3.0,30.601319269621747,67.45113168724278,39.04963991769547,10.808899176954732,22.743055555555554,35736.0,0.4422,18451.0,54.811621247707606,9.438835407372622,49.45027896291434,47.1290082028337,22.534460124712833,98.61297539149885,31.63767640301937,0.6860551826994781,3.7430059810920318,18.33333333333333,31.007621068879036,25.95504534053637,33.296353463245225,16.56376615859541,32.17731043797029,18.433333333333326,16.84005158935874,-1.593281743974586,"Sequoyah County, OK",Oklahoma
398,96,2.4069451083182885,2.1432826866697967,test,4005,136701,49.416609973591996,50.583390026408004,62.81592673060182,1.5632658137102142,99.6699449908318,62.18369728288048,37.48624770795133,0.3300550091681947,11.510019580885725,75.5530558680165,12.936924551097775,44.285049489001466,38.215711191852655,17.499239319145893,32.888816269073175,33.504688167718264,33.60649556320857,22.723080197715397,35.65268969293243,27.605507962369266,11.094440644558683,4.0,22.7858096294486,82.33123833630064,24.241189214697872,4.172118664064008,14.828717904716964,50234.0,0.478,24308.0,66.25167791579226,8.511093671969753,64.09110236478016,59.01884109491646,17.28175663152386,95.50657660860293,21.981879831227307,1.905439033060789,13.8374993599169,11.0,32.88637244789724,38.83073276713411,28.704252346361766,10.369346237408653,35.620807455687974,11.1,8.527384464747682,-2.572615535252318,"Coconino County, AZ",Arizona
399,2144,2.158201375540483,1.8823672882622435,test,40039,28978,50.089723238318726,49.91027676168128,82.73862930499,3.126509766029402,99.78601997146929,65.66333808844507,34.122681883024256,0.21398002853067047,11.655080609377313,81.6792387713849,6.6656806192377855,31.10504183465557,45.788355659600285,23.106602505744128,48.848442009777926,24.279908110973672,26.871649879248395,16.742576061213335,20.25623268698061,20.059739955487878,14.998247458815277,5.0,22.684594348222426,82.30412967966036,27.74025472790429,4.66036279428792,8.269008104978774,46125.0,0.4551,23044.0,66.94410862085,3.5076752101132183,70.82217759928605,64.84069312465064,8.913431503792948,97.5964225824483,22.18875502008032,0.0,16.153633791151908,8.555555555555555,32.90427220650148,36.569121402443244,26.047346262682037,13.096141900752293,14.134860928980606,8.655555555555555,6.569037274923437,-2.0865182806321183,"Custer County, OK",Oklahoma
400,411,2.0780516873907815,1.8428122414533743,test,13063,267234,47.586010762103605,52.41398923789637,21.91450189721368,66.81335458811378,98.67156623002391,48.69998545992888,49.971580770095045,1.3284337699760749,13.367681848212953,80.94083672555999,5.691481426227063,42.814218130673815,32.491910340011614,24.69387152931457,49.51820882722289,32.1430977977886,18.338693374988512,25.09862121061829,60.712506767731455,25.14318823592093,10.93008984984621,2.0,26.05442710375657,82.43893099681281,20.807946572364934,5.868705866453436,24.671989909114465,40938.0,0.4252,18107.0,69.92114276610997,13.885260343884804,55.972285162305916,52.487018974135005,14.453693324110956,91.32818945018684,32.85233858849906,4.168486436647742,13.138672474310903,7.8888888888888875,35.64104866895679,32.5733252505295,31.260618035130253,7.822357933496487,11.272143514672534,7.988888888888888,6.314270569016243,-1.6746183198726454,"Clayton County, GA",Georgia
401,2579,1.561647248597752,1.486329057717951,test,48127,10682,48.53959932596892,51.46040067403108,95.31922860887474,0.4587155963302753,100.0,54.1862652869238,45.8137347130762,0.0,17.447846112164722,81.88837713356814,0.6637767542671363,36.092097075295584,33.814561294337274,30.093341630367146,61.64869029275809,26.471494607087827,11.879815100154085,18.919429488995934,35.127118644067785,18.862467866323907,21.47917257013318,6.0,15.134125183504604,80.88565022421523,36.23878923766817,10.089686098654706,25.868834080717487,36825.0,0.5224,21174.0,61.449040281157075,10.008798944126703,46.4075382803298,27.69759450171821,13.494867911829042,99.38144329896907,41.64563351842504,0.13745704467353953,85.7517318854147,4.666666666666667,38.157648380453104,26.427635274293202,29.59183673469388,14.126568058416028,4.222055794794982,4.766666666666667,4.420837057648081,-0.34582960901858595,"Dimmit County, TX",Texas
402,2962,2.48398029492787,2.4167234971941154,test,53033,2045756,49.90336090912113,50.09663909087887,68.06838156652113,6.198490924626397,99.32095971027614,74.12226458769888,25.19869512257727,0.6790402897238569,15.841337379480667,75.2413233356297,8.917339284889641,34.193813776986595,46.806127458109216,19.00005876490417,24.157852461951407,27.953829659615998,47.888317878432595,11.217548656868594,15.826492159768975,11.815641458139865,9.61453481105159,1.0,21.429727030811545,83.25799639114696,21.905908734327173,3.8134523108005727,11.322745900389311,75302.0,0.4664,41664.0,71.34621023539026,6.1783668404765,79.19532707270007,65.45800721058454,10.040805390352533,94.70562408706742,13.110799738798649,1.139424335300624,9.27813483132886,11.888888888888893,26.62560931020122,33.19085951599311,33.95502689470299,11.84696513171659,25.73312750885247,11.988888888888894,11.209072524203776,-0.779816364685118,"King County, WA",Washington
403,1678,1.5380612495918724,1.2002342031380924,test,31061,3105,50.3059581320451,49.69404186795492,98.13204508856684,0.12882447665056362,100.0,79.30463576158941,20.6953642384106,0.0,16.549731737515476,82.17086256706561,1.2794056954189021,17.983963344788087,63.2684230622375,18.747613592974414,44.88636363636363,36.407342657342646,18.706293706293707,13.090909090909092,19.477911646586346,14.030971374941346,16.825501150180745,6.0,35.39325842696629,77.28885734563521,37.89921930447125,3.903477643718949,9.439318665720368,45905.0,0.4412,28426.0,65.26748971193416,3.4678436317780577,77.3529411764706,67.67123287671232,13.352941176470587,98.63013698630137,13.117647058823529,0.273972602739726,1.6425120772946862,4.5555555555555545,25.024154589371978,19.935587761674714,35.104669887278575,25.217391304347824,1.7391304347826089,4.655555555555554,3.320894595601844,-1.3346609599537103,"Franklin County, NE",Nebraska
404,1770,2.376454941560501,2.2936666192301507,test,34005,450556,49.199877484707784,50.800122515292216,72.79982954394127,16.120304690204993,99.27103031781857,72.98135382988673,26.28967648793184,0.7289696821814189,12.306914036305455,84.4843001847037,3.208785778990835,31.27356423807386,48.82185571248519,19.90458004944095,36.85026231770122,27.4437260344302,35.70601164786857,6.362460093425312,9.249806477669207,6.113458263411718,10.975816696706612,2.0,29.640834914174018,80.8021426098786,31.710990592679416,3.622638300973527,6.164254611044644,78621.0,0.4259,37255.0,70.72714242562441,8.223422518109116,83.0860774203988,75.16575425790754,10.610551710442119,96.9160583941606,9.58561036783148,0.3786496350364964,7.3222862418878,10.666666666666666,28.513880627491368,26.579825815214978,36.29493337121246,15.07692717442449,11.079865765853746,10.766666666666664,9.91121177858371,-0.8554548880829547,"Burlington County, NJ",New Jersey
405,79,2.3867219722002453,2.236134435651702,test,2150,13973,53.445931439204166,46.55406856079582,54.02562084019179,0.4723395119158377,99.05312993161492,66.54392425039454,32.509205681220415,0.9468700683850604,9.861732411549411,82.4013826758845,7.736884912566082,33.05739001023161,47.99553529904196,18.94707469072645,36.91424554826617,38.4020618556701,24.68369259606373,11.347517730496454,14.604338527344945,12.13285133303208,12.150869532485132,6.0,28.64210526315789,90.38671618964386,17.937513655232685,2.2940790911077125,11.885514529167578,70887.0,0.3988,30657.0,77.64618800888229,6.060193381451723,59.85923893594178,51.30353817504656,11.654538947870693,93.7616387337058,32.470475963258984,2.700186219739292,8.487797895942174,10.777777777777779,35.153510341372645,32.19781006226294,32.505546410935374,7.8866385171402005,45.50203964789237,10.877777777777778,9.357090850903166,-1.5206869268746122,"Kodiak Island Borough, AK",Alaska
406,2743,2.48398029492787,2.275127024299528,test,48455,14405,48.601180145782706,51.39881985421728,87.36549809094065,10.26032627559875,99.48275862068968,58.3793103448276,41.10344827586207,0.5172413793103449,15.803290164508223,80.73153657682884,3.4651732586629334,20.46344919563224,44.869550721013574,34.667000083354175,58.51425335095337,30.39456296016613,11.091183688880498,16.6771730755761,31.654343807763404,17.427044800657622,26.564789616914386,5.0,39.466133379706115,56.46948356807511,53.33333333333334,6.291079812206572,10.47887323943662,34295.0,0.4604,19766.0,47.10360518025901,9.678617871075607,53.09859154929577,58.595909342178004,19.731113956466068,97.56771697070204,29.59026888604353,1.2437810945273633,9.024644220756683,11.888888888888893,26.64352655328011,19.888927455744533,34.37695244706699,25.57445331482125,2.374175633460604,11.988888888888894,9.72915477314247,-2.259734115746424,"Trinity County, TX",Texas
407,1212,2.589433484697249,2.5123906924367683,test,25003,129288,48.25892580904648,51.74107419095353,91.82290699832932,2.7984035641358838,99.0754807066279,62.19888015972915,36.87660054689873,0.9245192933721084,19.090506571135307,77.15901543663333,3.7504779922313687,31.98495166264232,44.01819546560316,23.996852871754523,41.00027922761346,27.36645402409949,31.633266748287053,13.040402644181905,24.490463215258856,13.029492432194495,14.780671369190076,4.0,28.5792732574653,72.54525706010138,38.589790007241135,7.107168718320057,14.914916727009413,49956.0,0.47200000000000003,30469.0,65.23856360410399,8.747320966669129,72.178803501083,72.31086157450419,28.03019747425488,96.79686553298058,4.525821120498564,0.07270670921355576,3.929212301218984,13.222222222222221,25.310933729348434,24.974475589381854,36.564878410989415,20.178206794134027,5.378689437534804,13.322222222222221,12.334382555641957,-0.987839666580264,"Berkshire County, MA",Massachusetts
408,148,1.4891517465595983,1.8883720886315152,test,5079,14062,61.12928459678566,38.870715403214334,66.56947802588536,31.06954913952496,100.0,62.12121212121213,37.87878787878788,0.0,13.802083333333336,83.7856359649123,2.4122807017543857,41.12829084830757,33.255328040117014,25.616381111575432,69.62426886091008,21.502924556359677,8.872806582730249,22.988388673864325,44.11428571428571,25.554981930820865,21.307801996333264,4.0,21.77083333333333,67.67326732673268,37.99504950495049,6.856435643564358,24.97524752475248,32580.0,0.4899,14377.0,58.00438596491229,14.012287334593573,52.53220398800071,53.16144874155923,26.57490735839068,97.8514426028238,25.322039880007054,0.0,3.513013796046081,4.333333333333333,23.574171526098706,34.81012658227848,34.056322002560094,13.056464229839282,2.3609728345896746,4.433333333333333,6.608601701736817,2.1752683684034846,"Lincoln County, AR",Arkansas
409,602,1.4891517465595983,1.743894522413105,test,17027,37929,51.3406628173693,48.65933718263071,93.88067178148646,3.44591209892167,99.91457163778375,75.67732487185745,24.23724676592629,0.0854283622162558,13.216957605985039,83.0532364740323,3.729805919982652,30.14927285540393,51.01864309052471,18.832084054071373,43.11816233692996,36.046467912327536,20.835369750742508,8.871415870193376,12.907683803206188,8.836990963501934,11.799672231326909,2.0,33.8885523924894,77.41237559498053,32.395788259050924,3.404009808163853,7.3489110053367925,63236.0,0.4074,28839.0,71.46658994461627,4.74537037037037,83.59505815269041,72.18427045016641,11.725573607277004,98.14328253634613,7.987509616690048,0.05254860746190226,2.9897967254607285,4.333333333333333,27.688576023623085,28.313427720214086,34.38529884784729,15.695114556144375,2.6734161195918693,4.433333333333333,5.719575117143377,1.286241783810044,"Clinton County, IL",Illinois
410,2173,2.8127438277723327,2.751554038356457,test,40097,41007,49.674445826322355,50.32555417367767,67.69575926061404,0.41944058331504375,98.20323417847874,64.32421641046116,33.87901776801757,1.7967658215212616,13.06139945920992,83.86533007979952,3.0732704609905688,21.10360842066668,53.27691038528523,25.619481194048088,51.334208223972,32.36730825313502,16.298483522892973,21.346163409418672,45.647940074906366,22.18927798701819,19.985210746857284,6.0,33.01966383282497,72.60482846251588,35.29224904701397,6.867852604828463,17.86531130876747,42071.0,0.4214,20884.0,58.251566960916215,6.8277843501774536,57.204580729057426,67.96804341272234,18.138344729225217,98.16098884534216,28.33172532404883,0.6783237865541152,3.1604360231180046,16.555555555555557,31.784817226327213,25.9711756529373,32.635891433169945,16.602043553539634,31.884800156070924,16.655555555555555,15.666960032673973,-0.9885955228815817,"Mayes County, OK",Oklahoma
411,1831,1.7326383462202575,2.1137075024390652,test,36019,81685,51.54801983228254,48.45198016771746,91.46599742914856,4.290873477382629,97.8642966107316,60.323671818000925,37.54062479273065,2.1357033892684223,14.890763720314386,79.92157395304622,5.187662326639393,35.06105912715005,43.31377326662725,21.625167606222696,49.56662072967288,28.289330528758978,22.144048741568145,16.479466717249046,28.31936479929422,17.796020592736884,14.988599854907243,5.0,29.62183927042173,72.2521788199887,33.522477898300835,8.119631324847951,19.324095554580225,49930.0,0.4370000000000001,24941.0,60.632558738747434,6.711641125069718,74.89872141967867,76.78788933356535,22.158765290595426,98.24256133634941,8.65166096871727,0.1131024882547416,2.717757238171023,5.5555555555555545,26.134541225439182,32.35477749892881,34.49960213013405,14.653853216624839,4.243129093468814,5.655555555555554,8.278878417836722,2.623322862281168,"Clinton County, NY",New York
412,1738,1.2006339030604214,1.6568393376282746,test,31181,3697,48.498782796862315,51.501217203137685,95.53692182850959,0.054097917230186636,99.64114832535887,78.4688995215311,21.17224880382775,0.3588516746411483,20.029027576197386,77.2133526850508,2.7576197387518144,21.9376026272578,55.27093596059113,22.79146141215107,45.31490015360985,34.86943164362519,19.815668202764986,12.849944008958564,21.09256449165402,13.039934800325995,17.008310249307478,6.0,30.828381684725624,69.6520618556701,40.52835051546392,5.412371134020621,9.729381443298973,40256.0,0.4268,22385.0,62.97764960346071,4.8082427017744696,75.50607287449392,59.14786967418546,13.663967611336036,100.0,14.827935222672064,0.0,4.327833378414931,3.2222222222222223,30.05139302136868,19.15066269948607,34.81200973762511,23.42439816067081,4.408980254260211,3.3222222222222224,5.24271418060153,1.9204919583793072,"Webster County, NE",Nebraska
413,2169,2.806050362353744,2.547492515254987,test,40089,33143,49.06013336149413,50.93986663850587,65.54626919711552,8.321515855535107,99.41197224508996,54.71010231682936,44.701869928260614,0.5880277549100318,13.998510796723751,83.71804417969719,2.283445023579052,24.704573357888275,49.136740331491715,26.158686310620013,60.55696202531646,26.03912543153049,13.403912543153048,25.339922040453025,52.31077147016011,28.578256944075626,20.08861726508785,6.0,28.41823056300268,68.54663774403471,37.387666563371546,9.521227145955997,24.147815308335915,32324.0,0.4649,17898.0,54.86575795125982,8.093051268538732,48.91229555920182,46.21026894865526,21.08188217858466,98.36373895053602,33.25570317048642,1.1284558961820574,5.319373623389553,16.444444444444443,32.74296231481761,25.184805237908453,32.558911384002656,16.534411489605652,26.13221494734936,16.544444444444444,12.77503039387183,-3.769414050572614,"McCurtain County, OK",Oklahoma
414,2322,2.049841071903545,2.180020125135832,test,45025,46192,48.85045029442328,51.149549705576725,63.863872532040176,33.20055420852096,98.72522564436586,55.95049781334325,42.774727831022616,1.2747743556341304,13.916690772345964,83.87908591264102,2.2042233150130173,29.027599486521183,44.573705605477116,26.39869490800171,63.29969565913823,24.87906455229857,11.821239788563194,26.21459491529148,56.20200826934436,30.30551721565263,16.441052332320076,6.0,20.714810835265514,68.23881922095218,36.3722117412052,8.977915880590391,23.998446343358122,32083.0,0.4658,17840.0,56.177683583457444,10.25235788937038,57.24640255818085,50.06645990252547,21.318173743116006,99.06956136464329,24.84633149760171,0.3987594151528577,3.959560096986491,7.666666666666668,30.399203325251133,25.452459300311748,35.800571527537244,15.342483546934535,2.935573259438864,7.766666666666667,8.846484293627435,1.0798176269607689,"Chesterfield County, SC",South Carolina
415,3014,3.385895720912755,3.4693634025184865,test,54059,25931,48.922139524121704,51.07786047587829,96.08962245960431,1.4152944352319616,99.43701618578469,68.10344827586206,31.33356790992259,0.5629838142153413,14.4831013916501,82.25149105367792,3.265407554671968,18.87221248993892,54.6849107523318,26.442876757729273,67.36433684900814,22.427455052188645,10.208208098803212,25.83576004659289,57.879977565900155,29.54618603154168,29.655279142647125,6.0,21.584442575090307,57.37735153080046,46.68019181113979,13.518996680191812,28.44891184064921,33221.0,0.484,20417.0,45.5552795031056,13.787085514834207,51.77483851122732,60.72351421188631,37.23777299292526,99.14728682170542,18.861888649646264,0.0,0.3972079750106051,29.44444444444445,27.361073618448962,26.31984882958621,36.49300065558597,15.120897767151284,2.495083105163704,29.54444444444445,32.11629078587672,2.57184634143227,"Mingo County, WV",West Virginia
416,2779,2.5640942911418034,2.358794250307991,test,49019,9388,51.48061354921176,48.51938645078824,92.82062207072859,0.2876011930123562,100.0,61.92965779467681,38.070342205323186,0.0,18.77357172789496,78.87973180611817,2.3466964659868697,27.14950166112957,44.06644518272424,28.78405315614618,34.02109124254929,42.27418615314076,23.70472260430995,18.70565469791443,25.639500297442,22.258119367454515,11.283921484500695,6.0,27.13007570543703,80.07389812615465,31.221958300343104,3.4309844286091318,9.501187648456057,41312.0,0.4277,22635.0,69.5138888888889,6.733266733266734,57.75200409346751,72.02692595362753,13.406106089032914,99.10246821241587,31.34913866621184,0.0,10.066041755432467,12.888888888888893,27.17298679164892,29.250106518960376,33.670643374520665,14.465274818917766,6.891776736259054,12.98888888888889,10.578189111622368,-2.4106997772665224,"Grand County, UT",Utah
417,2781,2.743703304335216,1.9348786120390284,test,49023,10400,51.96153846153846,48.03846153846154,94.57692307692308,0.10576923076923077,100.0,78.61413043478261,21.38586956521739,0.0,8.189457601222308,89.99236058059587,1.8181818181818181,26.633986928104573,58.2516339869281,15.11437908496732,43.869731800766274,40.29954719609892,15.830721003134794,14.310850439882698,24.590723055934514,12.73568735001714,10.51964512040558,3.0,25.87287376902417,81.9703799098519,30.521571152607866,4.088860270444301,10.688989053444946,54761.0,0.3633,18447.0,67.40155085905428,3.6092939318745767,73.13377679231337,71.15879828326179,10.753880266075386,97.25321888412016,19.955654101995567,0.0,4.384615384615385,15.444444444444445,45.10576923076921,27.163461538461537,25.846153846153847,11.432692307692307,5.317307692307693,15.544444444444444,6.923203610799676,-8.62124083364477,"Juab County, UT",Utah
418,118,1.6925528191446069,1.7243077892848462,test,5019,22751,47.40890510307239,52.59109489692761,73.33743571711133,23.91543228869061,99.52702702702706,61.75675675675675,37.770270270270274,0.472972972972973,18.938064599986998,74.4264638980958,6.635471501917204,39.59380234505864,41.35259631490789,19.053601340033506,46.73797602791686,29.38097405553027,23.881049916552872,23.710407239819002,48.27239181482725,26.876076437300092,17.99562714738298,5.0,28.21059537477448,72.80267250316784,37.05794263333717,6.174403870521831,14.433820988365396,35031.0,0.4856,19555.0,58.37554974113457,7.228685866870112,71.4177771671933,68.37004405286342,14.727297705728807,97.65051395007343,18.30608600082429,0.0,4.325084611665421,5.333333333333333,30.40745461737945,36.108302931739274,28.82950199991209,15.45866115775131,2.7471319941980563,5.433333333333333,5.608637326822823,0.17530399348949022,"Clark County, AR",Arkansas
419,3064,1.928295602354331,1.4939965143941578,test,55049,23769,49.99789641970634,50.00210358029366,96.97084437712988,0.4123017375573226,98.16725978647686,77.91814946619216,20.249110320284696,1.832740213523132,13.990736090183606,83.19102628494895,2.818237624867459,24.94757810861816,57.38100230656322,17.671419584818622,43.188528047237455,33.92781828041213,22.88365367235043,10.43389310374222,13.439635535307515,11.115230151374734,12.493111195896391,3.0,26.07257086136539,81.05067602435751,31.045515533078753,4.231602848591185,12.044586644648573,55188.0,0.4102,27664.0,70.96109967165673,4.5800329385930505,79.12805391743892,72.53691275167785,14.855377702892447,98.97986577181207,8.810727323785454,0.0,1.6660355925785686,6.777777777777778,29.530060162396406,23.480163237830787,36.64016155496656,16.235432706466405,2.6168538853128025,6.877777777777777,4.4548639172934585,-2.422913860484319,"Iowa County, WI",Wisconsin
420,2273,2.1959892467282267,2.0210560990001465,test,42071,530216,48.92779546448994,51.07220453551006,88.55258988789473,4.031375892089262,99.42128639322964,74.87885128460421,24.54243510862548,0.5787136067703269,12.083373082684668,83.6804203719508,4.236206545364539,29.157841296827588,53.2542296839396,17.587929019232813,53.64033900719322,21.13211309735774,25.22754789544904,10.735647382492822,18.449750035041816,10.081779337276098,11.332734466084366,3.0,24.462184748321896,79.45886448574207,31.826652331951056,4.922438949470127,10.236522807556444,57721.0,0.418,27158.0,68.48010906501582,5.732660847169749,75.85839299920445,66.12961419311496,12.735401750198884,95.44521442701271,14.399045346062053,2.1299625514761686,9.574399867223924,8.888888888888891,31.247453867857622,27.584607028079123,32.153499705780284,15.99555652790561,7.4160342200159945,8.988888888888889,7.546290356484332,-1.4425985324045572,"Lancaster County, PA",Pennsylvania
421,2480,2.4462043207689623,2.3970608906642497,test,47119,84089,48.235797785679466,51.764202214320534,84.05855700507793,11.723293177466733,99.27887039838629,63.42914775592536,35.849722642460925,0.7211296016137166,13.443179295251989,83.58019601002252,2.9766246947254915,26.20913186339375,49.144352428671255,24.646515707935,49.12387760439369,31.70255426728271,19.173568128323602,15.302559889824467,30.643009605122728,14.646757864944306,14.759199623692876,2.0,28.500633138962282,78.38903434467889,31.606345294933003,5.513630063144925,17.890035422762974,47692.0,0.4344,24155.0,65.8978139217831,7.409367557554909,69.75012153621779,68.37680164722032,16.855614973262032,97.4605353466026,17.085075352455036,0.5061770761839396,5.176658064669577,11.444444444444445,29.56510364019075,27.605275363008236,34.250615419377084,14.366920762525421,4.218149817455315,11.544444444444444,10.990825624524426,-0.5536188199200183,"Maury County, TN",Tennessee
422,520,1.0570183913692728,2.180344703730105,test,13283,6762,48.74297545104999,51.25702454895002,70.14196983141082,29.11860396332445,97.34386216798279,53.9124192390524,43.431442928930366,2.656137832017229,18.024691358024693,80.10288065843622,1.872427983539095,27.829181494661928,38.02491103202847,34.145907473309606,64.40251572327044,20.817610062893078,14.779874213836475,19.62705436156764,45.96340150699678,19.60548472456098,22.639434406912798,6.0,20.450735704972995,63.26608298439285,45.03235629996193,6.090597639893415,25.466311381804342,38596.0,0.4791,21127.0,57.11987127916331,5.457746478873238,54.264589384737256,59.324894514767934,22.946923686295214,100.0,25.87800369685767,0.0,1.1682934043182491,2.7777777777777777,26.82638272700385,25.140490979000287,35.72907423839101,18.53002070393375,0.7394262052647146,2.877777777777778,8.84935613910829,5.971578361330511,"Treutlen County, GA",Georgia
423,1771,2.8455551700866035,2.30203300141879,test,34007,511998,48.31464185406974,51.68535814593026,63.28325501271489,19.409841444693143,99.48110020105284,59.68682478372222,39.7942754173306,0.5188997989471841,13.242096896939534,83.12706002748001,3.630843075580444,37.19775746944868,42.60856503241687,20.19367749813445,43.394308649639775,26.442400704560875,30.163290645799346,13.226521152890447,24.87831544421433,12.571400261120957,13.34127303897171,2.0,20.67342940129107,77.60678341330781,30.45926674225286,6.125705933874617,13.55984116151982,62185.0,0.4601,30822.0,68.9594306049822,9.970650272854881,70.89273238798361,65.61238321503009,16.2817922622307,95.79063971199116,15.577185727862641,0.9692605926336196,15.354552166219401,17.11111111111111,29.966132680205774,28.51534576306939,34.134508337923194,13.857866632291534,17.306903542591964,17.211111111111112,9.994480607992553,-7.216630503118559,"Camden County, NJ",New Jersey
424,2334,1.8082887711792655,1.7351131159529258,test,45049,20473,51.5850144092219,48.4149855907781,42.51941581595272,53.84164509353783,98.124191461837,45.66623544631307,52.457956015523926,1.8758085381630007,16.55808150817854,80.84280565566955,2.5991128361519267,33.019486323818604,39.27060365889994,27.70991001728145,63.96842482956584,25.45389307499103,10.577682095443127,20.849116161616163,45.27156549520768,21.36802349979018,16.659683670262908,6.0,23.758058399696626,67.33067729083665,41.30146082337317,4.727755644090307,20.318725099601593,31410.0,0.48100000000000004,20046.0,59.88516878804649,10.546378653113088,59.437751004016064,47.468354430379755,24.445608521040693,98.83411059293805,19.67871485943775,0.0,3.8587407805402236,6.0,30.005372930200764,27.60709226786499,34.37209983881209,15.327504518145853,3.638939090509451,6.1,5.669569086244528,-0.4304309137554716,"Hampton County, SC",South Carolina
425,2296,1.7326383462202575,2.271640172996573,test,42117,42284,49.64998581023555,50.35001418976445,97.11474789518492,0.7189480654621133,99.20634920634922,69.54513148542999,29.661217720919215,0.7936507936507936,13.636642532826116,81.95790894588293,4.405448521290956,27.68446395694661,50.42628522872115,21.889250814332247,56.184372016909855,24.181780990045,19.633846993045136,14.358486887003995,24.574868322046648,14.94454583742805,15.67194478278522,6.0,33.20800521049204,71.22990789236049,39.64842574197821,5.225453013063633,11.81145024381434,46494.0,0.4285,23980.0,58.28496200107714,7.171457905544147,70.98869282835791,71.52486328373394,17.387221722289606,98.42299376828184,15.403576039751165,0.40696935012081903,1.3030933686500803,5.5555555555555545,27.35313593794343,26.376407151641285,34.412543751773725,19.09942294957904,2.166304039352947,5.655555555555554,9.69528973263669,4.039734177081136,"Tioga County, PA",Pennsylvania
426,657,2.0059743897979634,2.0247556096354975,test,17137,35129,50.55936690483647,49.440633095163534,91.17538216288536,5.986506874661959,98.65194320952244,62.08231751039725,36.569625699125204,1.3480567904775562,16.909892064518736,79.06779318429884,4.022314751182439,30.0444900752909,46.78986995208762,23.165639972621488,50.880106276984385,26.83909000332116,22.280803719694454,14.335346959216249,22.720746590093327,15.203927145937516,13.931600875221054,5.0,32.51421826376221,75.64556962025316,33.822784810126585,4.940325497287523,14.820976491862568,45978.0,0.4309,24586.0,65.43523610847714,7.842568977509853,73.17428696370439,67.46196403872753,18.094358874690247,96.99170124481329,12.24916184830669,0.3630705394190871,2.27162743032822,7.333333333333332,27.891485667112647,28.230237126021237,33.44245495174927,17.9253608130035,2.8381109624526744,7.433333333333334,7.574259642351009,0.14092630901767578,"Morgan County, IL",Illinois
427,1372,1.6507930981160142,1.4651220848913395,test,27129,15171,50.85360226748401,49.14639773251599,94.04785445916552,0.75802517961901,99.19642857142857,71.75595238095238,27.440476190476193,0.8035714285714285,16.91259931895573,80.3632236095346,2.724177071509648,24.395356336665593,55.5788455336988,20.025798129635607,48.04150696456952,36.28120033654296,15.677292698887534,11.108861442937169,21.47058823529412,10.161707013682902,11.498655913978494,6.0,28.486646884273,75.09856489512696,34.96293959943227,3.1856174105030752,7.112442832360827,52149.0,0.4434,28698.0,68.15220224133438,5.047801147227533,79.04390691275937,74.21090387374461,15.086552791470824,98.78048780487805,10.38633497649891,0.07173601147776185,7.540702656383891,5.111111111111111,28.54129589348099,22.734163865269267,35.12622767121482,19.899808845824264,5.194120361215476,5.21111111111111,4.328071600198757,-0.8830395109123534,"Renville County, MN",Minnesota
428,449,2.2442495159810822,2.037758559863642,test,13139,187916,49.88718363524128,50.11281636475872,82.72845313863641,7.546456927563379,99.65881139411249,72.05228913750695,27.60652225660557,0.3411886058874871,9.883059091379488,84.92630209488328,5.19063881373723,28.7112818577848,49.54687339210373,21.74184475011148,50.09794196834181,27.219531712359018,22.68252631929915,18.402260910836407,38.18388321006122,17.65385049438768,10.477435812241092,4.0,23.70006987306393,79.99096657633244,30.19905794296039,3.8021034972254486,14.330881404052136,51202.0,0.4554,24292.0,65.9425717852684,7.2154041472704185,65.64898424895037,63.42185350398133,9.122594332474616,97.06924584149748,27.538040523073906,1.05056905823988,27.09348858000383,9.333333333333334,33.755507780071945,28.819259669213906,31.29909108324997,13.013261244385786,9.725089933800211,9.433333333333334,7.673390463339041,-1.7599428699942923,"Hall County, GA",Georgia
429,832,1.928295602354331,2.0020042760518324,test,19099,36726,50.94755758862932,49.052442411370684,96.16620377933887,1.4757937156238088,96.55552831576368,70.32360872762932,26.231919588134346,3.4444716842363325,14.293213348331461,83.65204349456317,2.054743157105362,23.766008537886872,52.45797758804696,23.776013874066173,47.34942564420987,34.48851288419745,18.162061471592672,9.619757635070954,12.541112541112545,10.099975415881339,14.81597807155298,5.0,28.270160442794083,76.13077509177806,35.57525801759368,4.349934196855303,14.379718778139505,55033.0,0.4053,26138.0,66.28067170570057,5.168248974776699,77.03928950670914,75.15882065482977,16.11642050390964,98.07786284411142,10.932522444251378,0.1791822772438508,1.742634645755051,6.777777777777778,28.16533246201601,24.952349833905128,35.152208244840175,17.660512988073847,2.3580025050373035,6.877777777777777,7.40388065840748,0.5261028806297023,"Jasper County, IA",Iowa
430,1890,2.2082744135228043,2.2631082038827968,test,37013,47561,47.6125396858771,52.3874603141229,70.06581022266143,26.437627467883352,99.06033630069237,60.31651829871414,38.74381800197824,0.9396636993076164,15.906632045872552,80.95044898842367,3.1429189657037764,27.12050718339384,46.60258704432742,26.276905772278752,49.7369906980891,32.928170227941386,17.33483907396951,18.403604216252976,34.93975903614458,19.60398593956593,18.79316920208484,5.0,28.716414721435825,64.86822207820263,44.18340894361632,7.658241520846835,20.749621948585006,40391.0,0.4515,22356.0,56.44413287316653,11.402503104996654,61.74452554744525,66.54624277456648,21.576642335766426,99.0916597853014,20.208029197080293,0.5264244426094137,7.37158596328925,9.0,26.80767856016484,22.705578099703537,35.11700763230378,20.901579024831268,3.4965623094552263,9.1,9.6129217005028,0.5129217005028011,"Beaufort County, NC",North Carolina
431,2140,2.1959892467282267,2.266733164823836,test,40031,125531,51.858106762473014,48.14189323752698,64.4581816443747,16.877902669460134,98.71837111228257,59.034001054296255,39.684370057986285,1.2816288877174489,14.584861931216006,78.76151543738281,6.653622631401186,31.88104074264048,40.72856007804564,27.39039917931389,43.891344572368425,35.297594572368425,20.811060855263158,17.635844482975767,32.06117021276596,18.11736310152361,17.63133270953081,4.0,56.6321874049285,80.0023126734505,25.568917668825165,6.563367252543943,16.329787234042556,46241.0,0.4468,23264.0,65.37225135369684,8.430716302376457,66.26341746446185,73.44053445195371,19.4473455178416,97.87151402159559,22.01334493762692,0.6680649421269323,12.387378416486769,8.888888888888891,31.88853749273088,36.34879033864145,28.396173056854483,10.739976579490323,18.663915686165172,8.988888888888889,9.647831401119882,0.6589425122309933,"Comanche County, OK",Oklahoma
432,1254,2.145281299175379,2.1603114772829564,test,26059,46178,49.746632595608304,50.253367404391696,97.14582701719436,0.6345012776646888,99.24491771539205,72.94288480154889,26.302032913843174,0.7550822846079379,14.331163713843727,81.49207553778348,4.176760748372786,26.25707227667543,52.609769702765156,21.133158020559407,53.44429478545314,31.01148098261817,15.544224231928675,20.14850041499361,47.69905040175311,19.883834168057877,14.934142985081149,5.0,29.79241953105303,70.60078607523863,37.832678270634474,7.057832678270633,16.676024705221785,41961.0,0.4295,21291.0,58.89312438232387,8.79321091240351,68.11724834150561,71.66297695012372,19.534179405826364,98.20289100143248,16.440726853187197,0.3646308113035551,2.0334358352462214,8.444444444444445,30.029451253843824,24.736887695439385,35.529906015851715,17.03625102862835,2.219671705140976,8.544444444444444,8.67383894153377,0.1293944970893257,"Hillsdale County, MI",Michigan
433,2389,0.09531017980432493,0.778179954082135,test,46069,1413,49.68152866242039,50.31847133757961,88.32271762208069,0.0,98.7878787878788,74.84848484848486,23.93939393939393,1.2121212121212122,17.208413001912046,80.78393881453155,2.0076481835564053,28.680851063829788,50.46808510638298,20.851063829787236,55.64435564435565,28.271728271728268,16.083916083916083,12.209302325581396,27.90697674418605,10.105263157894736,9.229651162790695,6.0,25.207756232686982,77.43119266055047,34.86238532110092,3.669724770642202,6.238532110091742,51776.0,0.4048,26239.0,71.22370936902486,1.8791946308724832,79.38144329896906,56.2962962962963,8.376288659793811,95.92592592592592,14.432989690721648,0.0,0.7077140835102618,1.0,31.847133757961775,21.514508138711964,33.404104741684364,21.726822363765038,11.67728237791932,1.1,2.177505496752093,1.0775054967520927,"Hyde County, SD",South Dakota
434,1895,3.0171675542740557,2.7298204386091545,test,37023,89548,49.69290213070086,50.30709786929914,84.81149774422656,5.92866395676062,98.46995139195757,58.15841802916483,40.31153336279275,1.5300486080424216,14.454557407705009,81.21959415038934,4.325848441905651,28.25589639995184,45.20461812198158,26.539485478066602,50.650714353899524,32.17615426225857,17.17313138384192,19.931473662352047,44.071405175237466,20.7979997552148,20.074148894653472,3.0,25.733462788636075,69.1193680514921,42.29666471620831,6.691047396138092,18.651258045640727,39360.0,0.4408,20263.0,59.391164495703954,11.232007806782146,60.8487057423386,57.94895348074274,20.509149062778935,98.832097631389,22.21437072299911,0.0,5.7779068209228575,20.33333333333333,27.513735650154103,25.74373520346629,36.04323937999732,17.65421896636441,9.25983829901282,20.433333333333326,15.330134072557149,-5.103199260776178,"Burke County, NC",North Carolina
435,1944,3.033349137125298,2.5498353930040283,test,37121,15330,49.00195694716243,50.99804305283757,96.59491193737769,0.8741030658838878,99.3704092339979,69.5697796432319,29.800629590766004,0.6295907660020986,14.8068669527897,82.85737867282931,2.335754374380984,24.227241193247515,53.303013952054265,22.46974485469822,52.644252207259434,30.518148577543933,16.837599215196647,19.45707408397968,44.04517453798768,20.32085561497326,21.13398671314872,6.0,21.529949482800088,64.70680958385876,42.5126103404792,6.510088272383355,17.812105926860024,37391.0,0.4688,21429.0,52.0252754374595,8.564310183743382,65.71270105379922,62.81165515169721,15.38546866333888,99.78972664463804,22.540210759844705,0.0,4.559686888454012,20.666666666666668,24.951076320939336,23.431180691454664,35.472928897586435,22.44618395303327,2.5309849967384217,20.766666666666673,12.804995817279954,-7.961670849386719,"Mitchell County, NC",North Carolina
436,2657,1.513905485712537,1.6416323280543181,test,48283,7191,55.91711862049786,44.082881379502155,80.0027812543457,1.0012515644555695,97.69230769230772,60.04807692307693,37.644230769230774,2.307692307692308,14.014251781472685,82.04275534441805,3.9429928741092635,36.96803652968036,37.29680365296804,25.735159817351605,71.24579124579125,13.82716049382716,14.927048260381591,15.571932073053508,40.81774081774082,10.007839038411287,17.806041335453102,6.0,8.687145372725494,63.92694063926941,42.31354642313546,8.52359208523592,21.055301877219684,37292.0,0.5986,22127.0,58.88361045130641,8.229124647035093,45.51083591331268,61.122448979591844,14.3343653250774,99.6938775510204,42.47678018575851,0.0,83.24294256709777,4.4444444444444455,37.07412042831317,30.496453900709227,26.95035460992908,13.628146293978586,18.99596718119872,4.544444444444445,5.163591311754092,0.619146867309647,"La Salle County, TX",Texas
437,2691,2.677209095579635,2.201911535490849,test,48351,14231,51.62673037734522,48.373269622654774,76.95875202023751,20.90506640432858,100.0,55.170178282009715,44.82982171799029,0.0,14.496519721577725,79.87935034802784,5.624129930394432,30.420628801507753,39.43287929409749,30.14649190439476,62.44673110903233,31.10903232512213,6.444236565845546,12.93525179856115,20.665634674922604,13.280100861525533,21.529479602133485,3.0,36.36691620817175,63.129533678756474,43.564766839378244,8.26943005181347,15.233160621761654,38144.0,0.4276,20428.0,51.49683897359614,12.186315219353675,56.20071684587814,67.93797150041911,18.98446833930705,98.15590947191951,29.247311827956988,0.0,3.3799451900779984,14.444444444444445,29.604384793760104,26.168224299065415,34.86754268849695,17.054318038085867,2.136181575433912,14.544444444444444,9.042281632109816,-5.502162812334628,"Newton County, TX",Texas
438,2002,0.43466426280042675,1.1236038108285522,test,38037,2362,49.53429297205758,50.46570702794242,97.4597798475868,0.3386960203217612,96.89737470167064,86.87350835322195,10.023866348448689,3.1026252983293565,20.639078051335773,77.10843373493977,2.252488213724463,18.756121449559256,61.26346718903037,19.980411361410386,49.32468935710428,33.54943273905997,17.125877903835768,14.881720430107524,18.51851851851852,17.26044226044226,12.526904864399484,6.0,30.18575851393189,71.91901408450704,42.86971830985916,2.112676056338028,6.778169014084507,44559.0,0.5161,32412.0,64.07563025210085,3.4426229508196724,77.90788446526152,74.79935794542536,10.304449648711943,98.2343499197432,16.003122560499612,0.3210272873194221,0.8467400508044031,1.4444444444444444,24.005080440304823,16.342082980524975,38.230313293818796,27.688399661303983,2.2015241320914485,1.5444444444444445,3.075919284312563,1.5314748398681186,"Grant County, ND",North Dakota
439,1819,3.090537275272301,2.8770341061519717,test,35057,15853,52.09108686053114,47.90891313946887,89.53510376584873,1.2678988204125403,100.0,65.2463768115942,34.7536231884058,0.0,15.31585732703051,78.58186506231198,6.1022776106575,25.736588352337947,44.623861636182745,29.639550011479297,51.08229062014797,32.36825280847566,16.549456571376382,32.31046931407942,85.44232922732363,39.657033217412156,16.83227344992051,3.0,37.902120454728696,60.16759776536313,40.093109869646185,10.409683426443204,21.620111731843576,32083.0,0.4948,18300.0,50.99605014597287,11.230846943929954,45.50016728002677,46.09929078014184,31.91702910672466,95.33407988055245,26.764804282368694,0.2986188876446435,40.64845770516622,21.88888888888889,28.625496751403517,24.98580710275657,36.35274080615656,16.899009651170125,9.196997413738725,21.98888888888889,17.76151621083942,-4.22737267804947,"Torrance County, NM",New Mexico
440,1792,2.5292778938193967,2.377072411823338,test,35006,27382,50.46015630706304,49.53984369293696,43.37886202614857,1.0152655028851072,98.98653758886705,42.883073665103616,56.10346392376342,1.0134624111329602,12.977423638778221,83.31474103585656,3.707835325365206,38.78213926251258,32.070637752767865,29.14722298471955,55.05370421371523,32.95510878545856,11.991187000826221,29.32263116679718,83.57283741899127,31.18880154461453,21.871586831018877,5.0,27.408013870159888,72.20203914215399,37.677253017695996,6.703386851048869,24.704090003515763,34565.0,0.44299999999999995,16072.0,58.47568988173456,14.624719101123596,44.39937189217481,50.681635926222924,29.795864956817585,95.7497995188452,30.836168542266424,1.6305800588078054,37.4954349572712,12.444444444444445,30.64421882988825,30.027025052954496,31.615659922576874,14.18815280111022,55.60587247096633,12.54444444444444,10.773316816086675,-1.7711276283577657,"Cibola County, NM",New Mexico
441,443,2.345005808877998,2.255727645824657,test,13127,81743,47.27866606314914,52.72133393685086,66.78247678700315,25.66213620738167,99.63109354413702,54.83530961791831,44.79578392621871,0.3689064558629776,14.794440285146965,81.15946746525178,4.0460922496012515,28.963539532978288,45.923801720606306,25.11265874641541,40.93222465144617,31.808895738503995,27.25887961004981,18.66814539745044,39.195453865709574,18.767102169807686,15.107325889430815,4.0,33.740901545141114,75.75748197208382,36.72433536566494,5.366593420197455,18.792361734393857,45918.0,0.4802,26541.0,64.07633414803904,9.086316214919039,62.74513851616366,65.88949696379038,14.799141241071794,97.88589849314043,26.111638660666365,0.3073693680185921,6.5999535128390185,10.333333333333334,29.512007144342643,25.966749446435777,33.85488665696145,16.868722704084753,7.555387005615159,10.433333333333334,9.542234151441617,-0.8910991818917164,"Glynn County, GA",Georgia
442,2349,2.049841071903545,1.948352898801012,test,45079,397899,48.55654324338589,51.44345675661411,46.89255313534339,45.85636053370328,99.35637636439002,56.00331598581495,43.35306037857505,0.6436236356100032,16.439908081468698,75.0440472744297,8.516044644101598,42.512926258771394,35.696786901391114,21.790286839837496,32.409176651768796,31.17674140045386,36.41408194777734,17.050554454151325,28.92072559781064,18.202315251043206,11.371543575305363,3.0,32.671345828975944,81.16137837856469,25.529230917701234,4.260731100372926,14.683357574671366,49131.0,0.4635,26026.0,68.78535657575598,9.259719636125642,73.22398564556146,70.14469223055251,15.114259205519428,96.98438469987106,16.566869530742288,0.8165799149992837,4.9675922784425195,7.666666666666668,30.731919406683605,37.07800220659011,29.92292013802497,10.899499621763313,7.251086330953332,7.766666666666667,7.017120149827678,-0.749546516838989,"Richland County, SC",South Carolina
443,167,1.9600947840472698,2.1286029479038397,test,5117,8402,49.23827660080934,50.76172339919067,86.12235182099501,12.318495596286596,99.4279176201373,66.70480549199085,32.72311212814645,0.5720823798627002,15.808034345292851,82.87335173259738,1.3186139221097823,19.024460020025746,55.857531111428976,25.11800886854527,62.56587615283268,27.108036890645586,10.326086956521738,21.387913285696982,43.98340248962656,23.382519863791146,23.63063499757634,6.0,32.730560578661844,68.84474647151072,40.695243073706216,9.409304756926296,18.400418191322533,35833.0,0.4204,19329.0,56.68819188191881,5.343097369134799,60.68893528183716,42.94049008168028,21.127348643006265,99.70828471411902,21.37787056367432,0.29171528588098017,1.1068793144489406,7.0,26.660318971673412,21.81623422994525,35.955724827422046,21.423470602237565,1.5591525827184003,7.1000000000000005,8.403119012176825,1.3031190121768246,"Prairie County, AR",Arkansas
444,2890,2.1709566505156093,2.241832949374179,test,51163,22444,49.505435751203,50.494564248797005,93.75334165032973,2.869363749777224,100.0,73.34669338677355,26.653306613226448,0.0,13.606710158434296,81.79924346252947,4.594046379036239,22.255285826155053,53.58914121639259,24.15557295745236,50.53545930509282,23.98857686815802,25.475963826749158,13.89326728214366,26.48666023786564,14.123305640577176,16.487761059959578,6.0,32.92623351245725,73.00139499946347,43.642021676145504,4.260113746110099,11.181457237901062,48901.0,0.4342,26767.0,55.134099616858244,4.080214434627221,71.03590842967613,66.3083125359954,11.3314447592068,94.72067575350357,20.04440701324554,1.2094451910155501,1.5015148814828017,8.666666666666666,23.008376403493127,21.471217251826765,37.15915166636963,23.453929780787746,3.377294599893068,8.766666666666667,9.410564577196496,0.6438979105298284,"Rockbridge County, VA",Virginia
445,34,1.9909138641722421,2.2157008746946794,test,1069,103534,47.87123070682095,52.12876929317906,69.70656982247377,26.42513570421311,99.08940062325468,56.42478449148086,42.664616131773855,0.9105993767453154,14.724280998317301,81.40678989351453,3.8689291081681683,28.73951200694377,44.99469572764973,26.2657922654065,48.4247374562427,30.985855366138267,20.589407177619034,18.28806680714899,42.62917933130699,17.183795948987242,17.704537926465715,4.0,34.41133813388972,73.06681633798505,34.63530372222364,7.156159910197209,15.587927647524044,41571.0,0.4815,23925.0,60.94565984474242,7.981388690050108,67.68275928948943,64.82818725099602,16.72673789012623,98.21339641434263,19.68935365518579,0.4295318725099601,3.2240616609036645,7.222222222222222,30.085768926149864,27.20072633144668,33.22000502250468,15.660555952633915,3.868294473313114,7.322222222222222,9.167832362106664,1.8456101398844416,"Houston County, AL",Alabama
446,2135,2.7578980068297776,2.5890973010017806,test,40021,48097,49.4084870158222,50.59151298417781,52.64153689419299,1.336881718194482,99.772665272347,59.97999454396654,39.79267072838047,0.2273347276529963,13.675680335641827,79.22354090634789,7.1007787580102875,31.698287829708466,42.69885341148645,25.60285875880508,45.54442127917143,30.04909543345215,24.406483287376428,22.608695652173914,42.20443985544657,25.61110912279447,16.858164983164986,5.0,30.507372072853432,70.10536633178143,34.6483704974271,7.884097035040432,16.932124479294288,38694.0,0.4617,19509.0,56.816369186766046,7.526985817319328,55.11771243811256,56.52173913043478,17.392475834427938,97.76611694152923,32.110740628473266,0.5847076461769116,6.56381894920681,15.666666666666664,31.29093290641828,32.39495186809988,29.67960579661933,14.691144977857249,46.02158138761254,15.766666666666667,13.31774426107464,-2.448922405592027,"Cherokee County, OK",Oklahoma
447,2357,1.513905485712537,1.4857199973879578,test,46005,18168,49.933949801849394,50.066050198150606,87.89630118890356,0.2531924262439454,99.80167474658441,73.09387395328338,26.70780079330101,0.1983252534156016,19.02077380492702,77.52722217931887,3.4520040157541123,24.77322269882568,53.688207580338926,21.538569720835387,49.45370902817711,30.838741477039356,19.70754949478354,20.81976417742841,51.84433164128596,19.520947340091507,13.022787077991154,5.0,27.94041737335005,83.0403172504957,29.95373430270985,3.740912095175149,17.144745538664903,46267.0,0.4233,24662.0,70.08931922239735,2.72006853715999,76.47783251231526,69.4253704372967,11.026904130352406,99.3133357426816,15.119363395225465,0.0,8.927785116688684,4.4444444444444455,31.29128137384412,25.561426684280054,32.898502862175256,16.20981946279172,11.850506384852489,4.544444444444445,4.418145320969127,-0.12629912347531835,"Beadle County, SD",South Dakota
448,536,1.6072132174119893,1.9493614086754414,test,13315,8972,58.53767275969682,41.462327240303175,59.54079358002675,37.695051270619715,99.88358556461004,60.186263096623975,39.697322467986034,0.11641443538998834,17.752161383285305,80.40345821325649,1.8443804034582127,37.662165740005285,33.82314005824728,28.51469420174742,72.26550327204738,19.27391710813337,8.460579619819256,23.06360882734747,39.641109298531816,27.093476144109047,19.46966421674593,6.0,21.257237386269647,62.326768781911014,37.96498905908096,8.570386579139315,22.720641867250183,32043.0,0.4562,13521.0,49.89465619613101,6.257197696737044,58.699950568462675,45.61702127659574,18.14137419673752,97.95744680851065,24.49332674246169,1.8723404255319152,2.117699509585377,4.888888888888889,25.256353098528763,31.95497102095408,33.604547481052165,15.292019616584936,2.7641551493535443,4.988888888888889,7.024200554517741,2.0353116656288517,"Wilcox County, GA",Georgia
449,1679,0.36000273403140703,1.284050269095624,test,31063,2573,50.75787019043918,49.24212980956082,98.25106879129422,0.0,97.42647058823529,72.24264705882352,25.183823529411764,2.5735294117647056,16.332982086406744,82.29715489989464,1.3698630136986298,23.971962616822427,58.5981308411215,17.429906542056074,39.89547038327525,41.81184668989547,18.29268292682927,12.598099958694752,24.228028503562946,11.976401179941005,12.714508580343216,6.0,31.78905864958108,75.18450184501846,38.56088560885609,4.612546125461255,6.734317343173433,49634.0,0.4247,25837.0,64.60396039603961,2.0689655172413794,80.4054054054054,74.62962962962962,7.635135135135133,97.96296296296295,15.202702702702705,0.0,0.388651379712398,1.3333333333333333,29.73183054799845,23.28021764477264,34.58997279440342,20.987174504469486,1.7489312087057909,1.4333333333333333,3.6112366250284507,2.1779032916951175,"Frontier County, NE",Nebraska
450,828,1.2335316065674804,1.5707285406874176,test,19091,9674,48.80090965474468,51.19909034525533,97.96361381021296,0.13438081455447592,97.12897526501769,60.291519434628974,36.83745583038869,2.871024734982332,16.184733452103604,81.26627381115526,2.5489927367411265,20.37774637029423,57.25298727996916,22.36926634973661,45.17992003553976,37.213090478305936,17.6069894861543,12.163016006739682,23.747889701744512,11.166971358927483,11.90750235429528,6.0,35.36321901161221,75.1073985680191,33.93794749403341,3.24582338902148,10.906921241050119,47252.0,0.4427,27814.0,65.8165364047717,4.8125,82.26045135035146,76.89454160042395,14.557898631150572,96.50238473767885,8.5275619681835,0.0,3.7419888360554063,3.333333333333333,29.139962786851353,22.420922059127555,33.646888567293765,20.529253669629934,1.9020053752325818,3.433333333333333,4.810151308480298,1.3768179751469645,"Humboldt County, IA",Iowa
451,630,2.48398029492787,2.1621199613576154,test,17083,22625,48.87513812154697,51.124861878453046,97.25524861878452,0.4243093922651934,99.02419190892458,71.09168530189064,27.932506607033954,0.975808091075422,12.606697307944849,86.06816689548141,1.325135796573748,25.324884545161638,54.301363978090436,20.373751476747934,46.79466529218478,35.78377681850397,17.421557889311256,7.336994139633611,8.936170212765957,7.626793032786884,12.10448364077016,2.0,37.93903059781687,73.72593431483578,32.74065685164213,4.235560588901471,10.996602491506223,53271.0,0.3981,25901.0,64.75060476903582,7.427504002846469,75.33430232558139,67.29594669627984,13.546511627906975,97.36257634647421,13.597383720930235,0.1110494169905608,1.2154696132596683,11.888888888888893,28.85303867403315,24.990055248618784,36.172375690607744,16.98563535911602,2.3204419889502756,11.988888888888894,8.689539634072657,-3.299349254816237,"Jersey County, IL",Illinois
452,1748,2.6848194823870495,2.1457256799234976,test,32015,5946,54.33905146316852,45.66094853683149,88.4460141271443,0.13454423141607805,98.24561403508771,72.1113127646703,26.134301270417428,1.7543859649122806,10.436835891381346,87.81582054309327,1.7473435655253835,21.341055914457566,52.14969926486969,26.509244820672755,56.53200419727179,35.91290661070305,7.555089192025182,11.473183978275628,25.92307692307692,8.65679264555669,10.511171293161814,6.0,36.26834381551362,81.74077578051087,28.14569536423841,4.588457899716178,7.663197729422895,78190.0,0.3506,29390.0,69.75323149236192,12.095687331536384,73.12013828867762,64.28571428571429,8.239700374531834,99.74489795918369,22.78882166522616,0.2551020408163265,27.12748065926673,14.555555555555555,32.727884291960976,25.36158762193071,33.097880928355195,13.74032963336697,11.419441641439624,14.655555555555555,8.548242274837783,-6.107313280717772,"Lander County, NV",Nevada
453,2103,2.1709566505156093,2.23270456774123,test,39133,161897,48.862548410409076,51.1374515895909,91.43344225031966,3.9037165605292254,99.06110657539408,68.39791496577277,30.663191609621304,0.9388934246059158,12.774873353596758,79.03059777102331,8.194528875379941,35.52609362726747,45.4849105497684,18.98899582296416,46.385005615149275,27.57328737946791,26.0417070053828,15.614785013829515,26.67871485943775,16.583635265700483,12.086586760829565,3.0,26.787776152721115,78.78634018507903,30.04831709114732,4.02096470395545,12.90148227008435,52552.0,0.433,26042.0,67.860162425051,8.201312209953594,77.50009374179758,68.26253090582155,13.736923019235814,96.41267700606878,11.723349206944391,0.12137559002022927,1.5546921808310223,8.666666666666666,28.56013391230227,32.81716152862623,33.36318770576354,14.086116481466613,4.662841189151127,8.766666666666667,9.325052240767178,0.5583855741005106,"Portage County, OH",Ohio
454,487,2.0780516873907815,2.0166218436178998,test,13217,102645,47.528861610404796,52.471138389595204,53.90910419406693,41.73315797164986,99.06568617002381,58.20455433585564,40.86113183416817,0.9343138299761982,11.264597565817395,84.81990060649206,3.915501827690538,33.185490457223985,42.226940908919566,24.58756863385644,47.707229678595155,32.13430738103696,20.15846294036789,17.13093302668623,31.45421732522796,17.042165688610307,14.7779328785168,2.0,31.55919114184617,79.00464767183395,28.39987298288156,7.372766375104645,21.286914350047628,49179.0,0.4187,21717.0,66.24986408611504,11.449614311505005,65.2119319370885,61.39478048354717,17.134854070413233,96.60469581914988,21.82102094367263,0.7069913589945012,4.893565200448147,7.8888888888888875,35.5565297871304,28.85284232061961,32.291879779823674,11.378050562618736,4.357737834283209,7.988888888888888,7.5129022582403735,-0.47598663064851454,"Newton County, GA",Georgia
455,958,0.36000273403140703,1.4720723527224162,test,20153,2545,50.80550098231828,49.19449901768172,97.40667976424362,0.35363457760314343,98.10126582278481,90.71729957805908,7.3839662447257375,1.89873417721519,22.46305418719212,76.1576354679803,1.3793103448275863,17.712691771269174,60.06508600650861,22.222222222222214,38.73497124934658,36.22582331416624,25.039205436487194,9.984025559105431,20.610687022900766,9.081139172487909,17.052715654952078,6.0,34.91067117334621,77.72277227722772,42.904290429042895,4.867986798679868,5.693069306930694,41579.0,0.4408,27559.0,62.019704433497544,2.38284352660842,82.09920920201294,67.91862284820031,10.999281092739036,99.21752738654148,12.149532710280376,0.6259780907668232,4.597249508840863,1.3333333333333333,24.086444007858553,22.043222003929273,32.612966601178776,26.71905697445973,2.2396856581532414,1.4333333333333333,4.358257636014704,2.9249243026813705,"Rawlins County, KS",Kansas
456,1193,3.0171675542740557,2.415803300559954,test,24015,101960,49.670459003530794,50.32954099646921,88.8828952530404,6.758532757944293,99.65835185642544,69.74149995883757,29.91685189758789,0.34164814357454515,11.160162922086458,84.3213769544081,4.518460123505453,27.614639790512147,50.30631508434321,22.079045125144628,49.923282626802866,28.061023190565955,22.015694182631183,10.118390838875136,16.639937794625066,9.671692223988089,11.393346690206506,2.0,29.59740109061376,79.37268568939228,29.59867131343934,4.8518841211065125,10.286429971683726,66396.0,0.4009,29538.0,68.14677364555837,7.317353787152443,75.87249114521842,70.47919390816091,16.48012593467139,96.50796092608265,10.350255804801261,0.8768556264902699,3.9074146724205567,20.33333333333333,30.82875637504904,26.0690466849745,36.88211063162024,13.206159278148293,4.358571989015299,20.433333333333326,11.198762717647078,-9.234570615686248,"Cecil County, MD",Maryland
457,2367,0.9766538816012459,1.4560390282460338,test,46025,3625,50.92413793103449,49.07586206896551,94.89655172413794,0.9655172413793104,98.87359198998749,85.85732165206508,13.016270337922403,1.1264080100125156,21.59775190686471,76.91690084303492,1.4853472501003613,26.331967213114748,54.13251366120218,19.53551912568306,47.63042612504978,31.023496614894466,21.346077260055754,15.907813378302414,32.125984251968504,15.358506576156133,16.06290367874193,6.0,26.41034854473589,76.14247311827957,35.282258064516135,3.5618279569892475,5.712365591397848,49600.0,0.41700000000000004,25250.0,67.3777123942626,2.6746724890829694,81.76412289395441,60.34236804564907,9.217046580773042,96.86162624821684,13.528245787908821,0.0,2.5379310344827584,2.5555555555555562,29.131034482758622,23.14482758620689,32.52413793103449,21.103448275862068,4.137931034482758,2.6555555555555563,4.2889374784644225,1.6333819229088662,"Clark County, SD",South Dakota
458,2104,2.54683760751849,2.2621788109946968,test,39135,41682,49.52497480927019,50.475025190729816,97.37056763111177,0.6213713353485917,98.27444535743632,70.79909613804438,27.47534921939195,1.725554642563681,12.566989059774851,83.71650547011258,3.7165054701125735,23.03863474757051,54.49454847120172,22.46681678122778,57.89785602231132,30.33292661669862,11.769217360990064,13.348769193273215,23.70876593507689,13.144145433724587,16.189877397044953,6.0,32.567181963563385,73.95187298437112,36.03324237161994,6.2763582237658175,14.568345323741006,47818.0,0.4084,23414.0,64.65825347123382,7.034192633175169,71.7998229946094,63.54490309217339,18.70222865878188,97.91389258766092,13.822511867406867,0.0,0.6837483805959407,12.666666666666664,30.168897845592824,24.13271915934936,35.71325752123219,16.664267549541773,2.0080610335396583,12.766666666666662,9.603991669836779,-3.1626749968298835,"Preble County, OH",Ohio
459,479,2.232401036136941,2.1552133987073896,test,13199,21297,47.823637131990424,52.176362868009576,57.566793445086155,38.31056017279429,97.7195945945946,59.16385135135135,38.55574324324324,2.2804054054054053,12.321954813359527,84.9398330058939,2.7382121807465616,27.82448462512957,45.445122653460786,26.73039272140965,65.37311404104933,25.336414299306774,9.290471659643876,22.688269977469922,45.63169860344268,25.503870028354665,20.144564652525162,2.0,21.42338855968074,69.5958705778673,37.353644718620174,12.33790759159008,25.468966385496675,35832.0,0.4599,18059.0,53.53295599780902,12.528422010004547,55.86754758533901,52.865213882163026,18.963347490954853,98.25127791229488,27.568035236746894,0.0,2.028454711931258,9.222222222222221,28.825656195708323,24.923698173451662,34.986148283795835,17.74428323238015,4.122646382119547,9.32222222222222,8.6297315560472,-0.6924906661750185,"Meriwether County, GA",Georgia
460,2133,2.25595925165399,2.2381139854832943,test,40017,126193,49.58278192926707,50.41721807073293,82.15511161474883,2.2964823722393484,99.49666428401241,73.55849416249703,25.93817012151537,0.5033357159876103,10.48271291284657,86.4022975809124,3.1149895062410247,24.20191357332817,52.27173148836878,23.52635493830305,37.633043057571356,36.83115626511853,25.53580067731011,7.258656724848898,10.024539063536276,7.044945145688334,12.947545388000036,2.0,30.60502456018869,84.03501846132411,26.254557276548308,2.94452314051506,8.241413742656109,64505.0,0.3892,28246.0,71.42195920256555,4.286441697912326,79.5418227543028,69.42688433483849,9.253922929819506,97.25599166377216,14.07146412385718,0.7919416464050018,7.7849009057554674,9.444444444444443,33.419444818650796,29.350280918909927,32.293391868011696,11.714595896761313,15.548406013011816,9.54444444444444,9.375632024054713,-0.16881242038972744,"Canadian County, OK",Oklahoma
461,2949,2.5292778938193967,2.106844252483251,test,53007,74267,49.85659848923479,50.14340151076521,90.1019295245533,0.4578076400016158,99.80605120248256,73.81137094092874,25.994680261553803,0.1939487975174554,13.302777323075244,82.15565377130281,4.541568905621942,28.06937625482952,49.633041453662,22.297582291508494,46.65859075307894,28.845144356955384,24.496264889965683,14.260992791835287,24.84437294537316,14.218730720190845,11.668521182185795,4.0,29.555096075006237,73.91320419931981,33.79047759869881,4.291734437379861,11.392872985361526,51837.0,0.4449,25564.0,63.49352051835854,7.404257731666527,63.24011260325811,72.78677794141711,15.275278046979553,96.21174930453282,26.194102173612073,0.3518245786287024,27.19781329527246,12.444444444444445,31.18747222858067,25.976544090915212,32.859816607645385,16.73825521429437,9.440262835445084,12.54444444444444,8.222252945560983,-4.322191498883457,"Chelan County, WA",Washington
462,1148,1.0570183913692728,1.8148907549861997,test,22083,20777,48.4285508013669,51.5714491986331,62.463300765269295,36.12648601819319,99.80721033352613,56.198187777135146,43.609022556390975,0.192789666473877,13.263128914584625,84.8922843967238,1.8445866886915825,30.51648884578079,47.46605237633366,22.017458777885548,62.21576462041409,23.327279331638213,14.456956047947696,20.902732350425197,44.75465313028765,21.08765300254662,13.309244203553147,6.0,20.34618106942925,73.7892111825699,31.552697204357532,8.596928730804567,14.765717285733034,36421.0,0.4736,19699.0,59.81251273690646,9.40374787052811,50.59014710913446,59.92076592934961,16.318850496065686,96.33542423241992,36.85425932261375,1.5846814130075932,2.031092072965298,2.7777777777777777,32.04504981469895,27.159840207922226,32.75737594455407,14.973287770130431,1.4102132165375174,2.877777777777778,6.140405332137105,3.2626275543593266,"Richland Parish, LA",Louisiana
463,1641,1.9120085973796321,1.9399813423259797,test,30099,6074,49.57194599934145,50.42805400065854,95.22555153111624,0.08231807704972012,97.35376044568243,81.40668523676881,15.947075208913649,2.6462395543175488,16.409666283084007,80.02301495972381,3.567318757192175,22.80057154521331,56.1134925494999,21.085935905286792,41.791399382276076,34.948918983131385,23.259681634592546,12.12680308621268,18.578767123287676,12.429378531073446,15.453788509575356,6.0,37.98701298701299,75.32411408815905,39.10976663785653,4.4079515989628355,8.556611927398443,46360.0,0.414,24443.0,61.588969139855536,5.081734186211798,65.40212443095601,68.21036106750392,15.963581183611536,99.9215070643642,23.429438543247343,0.07849293563579278,1.4817253868949618,6.666666666666668,30.32597958511689,21.073427724728347,33.58577543628581,21.699045110306226,4.6921303918340485,6.7666666666666675,6.958621137741267,0.19195447107459973,"Teton County, MT",Montana
464,53,2.0640458562018624,2.0306402032992983,test,1107,19856,48.635173247381154,51.364826752618846,56.17949234488317,42.365028203062046,100.0,53.894736842105246,46.105263157894754,0.0,17.81713289058832,80.19051452337827,1.992352586033408,30.802125969821,41.0409921192498,28.156881910929194,63.52337596647157,26.584290772454647,9.892333261073775,24.97658932473208,54.43959243085881,28.313201404951602,24.30663758180119,4.0,26.745827984595646,61.015175300889595,40.39769754055468,9.837781266352692,21.768707482993197,30330.0,0.478,17957.0,51.70917345439979,13.582956746287927,61.848812095032386,59.35938877461064,24.345572354211665,99.03026741110784,20.241900647948164,0.0,1.636784850926672,7.777777777777778,27.82030620467365,25.90149073327961,34.81567284448026,17.747784045124902,1.455479452054795,7.877777777777777,7.618962482676767,-0.25881529510101053,"Pickens County, AL",Alabama
465,1514,1.9756230463738251,1.9450559909442815,test,29075,6785,48.26823876197496,51.73176123802504,97.45025792188652,1.0611643330876934,99.20343137254902,75.67401960784314,23.529411764705877,0.7965686274509803,16.768541157294212,81.41809290953546,1.8133659331703345,21.56030984876429,57.488011803762454,20.951678347473266,54.600694444444436,26.844618055555557,18.5546875,17.031963470319635,25.41567695961995,19.05444126074499,16.523183809092277,6.0,31.096849474912485,70.59679767103349,39.155749636098975,8.442503639010189,13.573508005822413,41912.0,0.4154,20687.0,61.836039286430136,5.8022690437601305,67.19251336898395,67.8142514011209,18.449197860962567,97.8382706164932,18.71657754010695,0.0,0.899042004421518,7.1111111111111125,30.375829034635224,24.347826086956523,31.56963890935888,19.955784819454685,1.4885777450257922,7.211111111111112,6.994023446047162,-0.21708766506394994,"Gentry County, MO",Missouri
466,3072,1.4637696732881809,1.3921617186054205,test,55065,16835,50.614790614790614,49.38520938520938,96.81021681021682,0.3861003861003861,98.77580412866058,74.1718674987998,24.603936629860787,1.2241958713394143,14.228744616366244,82.82022651140531,2.9510288722284246,26.103847590586486,56.26447515875982,17.631677250653716,51.843054455881045,30.694114542095537,17.462831002023403,10.82771896053898,19.366197183098592,9.985984583041343,10.75590080669256,6.0,24.753022998498373,79.20553716521215,32.62112548901595,3.9121275955461927,10.758350887752032,51445.0,0.406,25258.0,70.43844990849048,3.6488929055580654,75.5389130654792,68.83842144452717,14.421617245218096,98.43633655994043,12.74162534156462,0.18615040953090092,3.5343035343035343,4.2222222222222205,31.309771309771318,23.979803979803986,34.87377487377488,16.346896346896347,2.803682803682804,4.322222222222221,4.023538416566913,-0.2986838056553083,"Lafayette County, WI",Wisconsin
467,473,2.2902875651836396,2.256506539478271,test,13187,30921,49.079913327512045,50.92008667248796,94.64441641602795,2.2638336405678987,99.76658886295431,68.73957985995331,31.027009003000998,0.2334111370456819,12.402439544504626,76.15046701070499,11.447093444790378,33.65786346736173,44.54751044501514,21.79462608762314,43.61414404487629,28.298106781528602,28.08774917359511,18.84023588422693,26.72723431227551,22.3482877068804,15.048336883499921,6.0,28.7043028146231,74.57153166155511,35.09832220819051,4.194479523723615,16.218654158397978,43804.0,0.449,21963.0,62.487253742301256,7.578328981723239,70.23253477976998,56.66521927920104,11.214906333182665,98.06773773339123,21.274672291698057,0.0,4.6182206267585135,9.777777777777779,28.514601726981674,34.4426118172116,31.04686135635975,15.10300443064584,3.091749943404159,9.877777777777778,9.54966943233412,-0.32810834544365797,"Lumpkin County, GA",Georgia
468,174,2.638263363714082,2.6928185075558337,test,5131,127273,48.99310930048007,51.00689069951992,81.40768269782279,6.285700816355394,97.96577642731488,63.76779146009915,34.19798496721574,2.0342235726851112,15.853115254884493,79.63045461295319,4.516430132162329,26.490820012866827,48.23971890928886,25.26946107784431,49.735405492575815,31.099112443706474,19.1654820637177,23.187791097808862,57.69731023359865,23.29928871055991,17.87698868815943,3.0,27.896260227165858,73.51701325157829,32.525867806934386,7.309546380524013,16.513039795074526,38575.0,0.4982,23182.0,60.77645743929314,5.740705400669662,63.41541866090268,59.373722030729674,18.4190211517678,98.55114798153879,22.807626987803,0.0876321785359584,13.177971761489086,13.888888888888893,31.372718487031808,28.72800986855028,32.596073008414976,13.965255788737595,12.306616485821815,13.98888888888889,14.773255829452447,0.7843669405635563,"Sebastian County, AR",Arkansas
469,1626,0.09531017980432493,1.5082104015662443,test,30069,443,52.37020316027088,47.62979683972912,100.0,0.0,96.3855421686747,74.69879518072288,21.686746987951807,3.6144578313253017,16.38888888888889,83.05555555555556,0.5555555555555556,16.879795396419436,59.846547314578,23.273657289002557,55.65217391304348,23.768115942028984,20.57971014492753,6.772009029345372,9.210526315789473,6.824925816023739,7.6749435665914225,6.0,47.5,80.20833333333334,40.625,0.0,4.166666666666666,43750.0,0.3873,25378.0,72.77777777777777,6.870229007633588,54.44839857651246,41.77215189873418,3.558718861209965,100.0,41.99288256227758,0.0,1.3544018058690743,1.0,25.733634311512414,13.318284424379232,50.11286681715576,17.832957110609485,0.0,1.1,4.518637008448107,3.418637008448107,"Petroleum County, MT",Montana
470,1515,2.932082246477535,2.6428845157319723,test,29077,283206,48.702711100753525,51.297288899246475,91.03797235934263,3.1422356870970245,98.6709502874535,66.12614135948597,32.54480892796753,1.3290497125464995,17.359368391371774,74.1886366840547,8.451994924573523,31.29618979768761,45.837446246019404,22.866363956292968,37.413749041656025,33.13341779447668,29.452833163867307,18.979239327791753,32.261079700893674,21.22457785903274,13.464677414736116,3.0,28.677448088483448,75.97339720721638,30.954201066829746,4.7642102402065705,12.400197057724323,41227.0,0.4584,24097.0,65.15877199360186,6.621057109581495,71.16970534480454,61.69950738916257,12.41586056256408,98.15270935960592,19.260687380198817,0.2980295566502463,3.3452681087265104,18.666666666666668,27.60111014597149,33.79836585383078,30.194981744737053,14.95625092688714,5.819791953560307,18.76666666666667,14.053683268036588,-4.712983398630081,"Greene County, MO",Missouri
471,1800,1.4637696732881809,1.9979470547239055,test,35021,565,51.68141592920354,48.31858407079646,92.92035398230087,0.0,100.0,61.855670103092784,38.14432989690722,0.0,14.102564102564099,80.12820512820514,5.769230769230767,22.839506172839503,45.679012345679006,31.48148148148148,50.58548009367682,23.88758782201405,25.52693208430913,10.442477876106192,5.434782608695652,13.043478260869565,21.98581560283688,6.0,50.74946466809421,62.43386243386243,58.20105820105821,3.7037037037037033,8.994708994708995,33393.0,0.5255,22946.0,46.680942184154176,5.963302752293577,69.23076923076923,66.19718309859155,24.30769230769231,100.0,13.538461538461535,0.0,38.58407079646018,4.2222222222222205,21.94690265486725,15.398230088495573,42.30088495575222,25.13274336283186,7.079646017699116,4.322222222222221,7.373902331367556,3.0516801091453347,"Harding County, NM",New Mexico
472,359,2.5203810379816605,2.3696788214994875,test,12091,192237,50.506406154902535,49.493593845097465,79.33280273828659,9.144961687916476,99.08405172413794,65.05106821589204,34.03298350824588,0.9159482758620688,14.475655430711608,80.14495769177417,5.379386877514218,27.537085151860328,48.64458409594143,23.81833075219823,34.93240698755735,36.22508972693807,28.842503285504584,13.176786996260462,28.18333586280164,11.857738122899145,13.83063313785906,4.0,66.78203146054665,77.80166657764008,29.880882431494044,3.812563431440629,10.688531595534426,55880.0,0.4318,28902.0,64.77655529370942,6.682439067940363,70.6359395342109,77.60585731804083,14.065890351511646,97.04248719613359,20.739910313901344,0.5193681021423934,8.143593585001847,12.333333333333336,28.17823832040658,31.3592076447302,31.601096563096586,14.695402029786148,11.522235573796928,12.433333333333337,10.693957063386899,-1.7393762699464386,"Okaloosa County, FL",Florida
473,2860,1.9909138641722421,1.8240079522322439,test,51097,7106,51.5902054601745,48.4097945398255,68.81508584294961,26.540951308753172,100.0,55.66787003610109,44.33212996389893,0.0,13.808774689739554,82.6778535221115,3.5133717881489246,22.47683235046335,49.40185341196293,28.121314237573714,56.26799769629487,25.628719523900948,18.103282779804186,13.354911342527444,46.405919661733606,9.786989061600464,11.441035744441312,6.0,37.70319874147876,74.94816862474084,41.81064270905321,6.012439530062197,10.539046302695233,48292.0,0.3736,25498.0,61.090718405873105,5.236051502145923,72.02408522464103,62.4376336421953,10.14358499305234,96.86386315039202,20.704029643353408,0.0,3.3070644525752884,7.222222222222222,23.895299746692928,21.334083872783566,39.43146636645089,19.743878412609057,4.643962848297214,7.322222222222222,6.196644601410801,-1.1255776208114208,"King and Queen County, VA",Virginia
474,310,2.4069451083182885,1.9612881351441775,test,10001,169509,48.2074698098626,51.7925301901374,67.20882077057854,24.311983434507894,99.239468124767,61.91127128122281,37.32819684354418,0.7605318752330061,11.637069743457522,83.21354905246874,5.14938120407374,31.428171442465693,46.235236039169166,22.33659251836515,47.16057204923968,30.30322230267921,22.5362056480811,13.452127756820829,24.51383871069084,12.951501070897011,13.538887717924785,4.0,45.07285866603483,77.14582886199666,33.78514470621254,5.175744168001189,16.915685724191448,54976.0,0.4151,25404.0,64.57894192604141,8.047987387298615,70.89521165857045,74.1559016459415,23.30722712402102,97.77858263914041,10.828789531079607,0.6398647832910781,6.5459651109970585,11.0,30.843200066073194,29.87746963288085,31.25084803756733,15.017491696606081,8.479195794913545,11.1,7.108477850307928,-3.991522149692072,"Kent County, DE",Delaware
475,1446,0.9339123332239747,1.1982818702091154,test,28103,11143,47.97630799605133,52.02369200394866,27.766310688324513,71.93753926231715,97.42160278745644,44.11149825783972,53.310104529616716,2.578397212543554,13.475352984889767,84.29526876393362,2.229378251176616,40.00682904620989,37.18415661279308,22.809014340997038,65.20962199312713,22.927835051546392,11.862542955326461,36.359455481972034,88.16408876933424,48.637702503681886,21.59693038552896,6.0,14.036996735582154,67.66658470617163,35.45611015490533,16.179001721170398,35.8249323825916,26677.0,0.4618,14450.0,56.762447361902396,18.9613790093825,47.91956689868522,43.2566811684276,27.59474091260634,100.0,29.63650425367363,0.0,1.3820335636722607,2.4444444444444446,32.693170600376924,27.33554698016692,31.95728259894104,14.933141882796376,0.29615004935834155,2.5444444444444447,3.3144174285797865,0.7699729841353418,"Noxubee County, MS",Mississippi
476,200,3.1775907601845423,2.9950961219196044,test,6033,64158,50.10442968920478,49.89557031079522,79.60971351974813,2.2475762960192025,99.29706601466991,54.15647921760392,45.14058679706602,0.7029339853300733,16.696284168280652,75.58452968072999,7.719186150989358,28.75994384651381,41.76696303228825,29.473093121197945,43.95056374674762,40.091066782307024,15.958369470945359,24.653831562974204,48.84042921426098,29.138461538461538,21.21474712462581,5.0,35.62051804537796,64.22405808913422,44.78568517763865,9.17274849034935,14.455599599896267,35578.0,0.4611,21407.0,53.31387499007227,14.59163532084466,47.37467018469657,58.68100128369704,33.45118733509236,97.69736842105264,23.870712401055414,0.4573170731707317,18.54640107235263,23.88888888888889,26.417594064652885,23.38133981732597,36.40076062221391,19.768384301256273,18.14271018423268,23.98888888888889,19.987281013343278,-4.001607875545613,"Lake County, CA",California
477,609,1.6072132174119893,1.771346181316064,test,17041,19826,49.04166246343186,50.958337536568145,96.44406335115505,0.4842126500554827,99.40851735015774,73.87618296529969,25.53233438485805,0.5914826498422713,13.562113932738507,83.75428963623884,2.6835964310226488,24.09190091130792,56.00051341291233,19.907585675779746,52.29100288271886,29.93475952055833,17.774237596722802,10.282134854349154,17.303213786679088,9.57742250243939,10.518556176919166,6.0,27.901301518438178,77.69755841428196,31.25492255185088,4.751903386715674,9.621948017852457,51810.0,0.4183,25455.0,67.18043567612003,5.8121749770572055,68.5269023158628,74.48586118251926,14.826745603343198,94.31233933161951,20.41615880201985,3.3097686375321342,6.915161908604863,4.888888888888889,31.75627963280541,26.667002925451428,31.625138706748714,16.120246141430442,3.0717239987894684,4.988888888888889,5.8787619164672655,0.8898730275783766,"Douglas County, IL",Illinois
478,2904,2.3968846612924475,1.9598156153689439,test,51193,17557,48.880788289571115,51.119211710428885,67.81340775758956,28.222361451273,100.0,64.903988183161,35.096011816838995,0.0,15.581180155171188,79.94875080076874,4.470069044060075,26.87892866903525,45.784367313473645,27.336704017491122,55.24266498859435,26.41390702430583,18.34342798709982,13.278838458900195,16.31813507027768,15.07262934551983,17.04878469229443,6.0,38.28607972713707,70.63652073732719,40.221774193548384,5.486751152073734,13.248847926267278,47911.0,0.4283,25992.0,58.593861527480364,9.574856864417104,65.91985787603633,70.01031459515215,13.955783655744176,97.62764311500773,24.417686537702327,1.2119649303764828,6.094435267984282,10.888888888888893,23.420857777524628,24.178390385601183,34.06048869396822,22.435495813635587,3.964230791137438,10.988888888888894,7.098018179027928,-3.890870709860966,"Westmoreland County, VA",Virginia
479,2820,2.049841071903545,2.1598021458403753,test,51015,74053,50.55838386020822,49.44161613979178,93.09818643404049,4.045751016164099,99.87174294586201,75.15863372485488,24.713109221007155,0.12825705413797758,11.641823326904705,86.32144337701195,2.036733296083344,23.83226576743736,55.404249826554135,20.76348440600849,54.16815138500778,23.83863768496465,21.99321093002757,9.525164705380137,15.799826894326856,9.210991862247909,13.983654174735165,4.0,31.31129738351376,76.61811722912967,38.7246891651865,3.38898756660746,8.47246891651865,54558.0,0.4329,27000.0,63.98303555314925,4.507375962541957,76.73314339981006,72.80662151993981,11.092117758784426,96.44093303235516,15.830959164292496,0.601956358164033,2.3618219383414583,7.666666666666668,26.323038904568353,23.874792378431664,37.61225068531998,18.299056081455177,2.8560625497954173,7.766666666666667,8.6694222075192,0.9027555408525325,"Augusta County, VA",Virginia
480,699,1.6072132174119893,2.118349642168168,test,18017,38476,50.01299511383721,49.987004886162794,85.72356793845512,1.3956752261149807,98.94439003155944,70.15997388181522,28.78441614974425,1.0556099684405271,15.025171949230659,82.39027157342409,2.5845564773452456,26.517188866928038,51.10974305803065,22.37306807504131,57.94566142890317,27.893025775988857,14.16131279510798,15.628154050464804,31.08597941133826,15.038803329446301,14.30988894764675,5.0,29.9876254640451,75.32119546547578,34.53795946410168,4.2184816214359335,12.710408794228787,42290.0,0.4237,22125.0,65.31967700213235,8.642834207428022,68.41896885447828,68.47659574468085,12.093084638395213,97.63404255319149,22.166989266232623,0.8851063829787235,13.566898846033892,4.888888888888889,31.357209689156882,25.52500259902277,34.27331323422393,15.81765256263645,12.880756835429876,4.988888888888889,8.317399469128242,3.328510580239353,"Cass County, IN",Indiana
481,126,1.9756230463738251,1.88491994779029,test,5035,49765,47.18577313372853,52.814226866271476,45.56817040088416,50.850999698583344,99.09469751401063,45.05676102888346,54.03793648512718,0.9053024859893664,13.798012585063068,82.6656416389055,3.536345776031433,35.7994913876727,37.923078939779245,26.277429672548042,55.255139677346925,28.336380255941506,16.408480066711572,24.077852129916764,54.54545454545454,24.549883499258627,16.783188358670024,2.0,27.53469410549242,75.23435796817091,29.371048615652928,9.913887072160453,23.217789404839763,38004.0,0.4533,19682.0,63.460556910338575,9.660411081322607,59.69851624024065,49.92076069730586,22.861391827491804,99.01391089980629,20.901071416500493,0.1408698714562423,2.25057771526173,7.1111111111111125,35.23560735456647,28.658695870591785,31.421681904953278,11.911986335778158,3.5808299005325033,7.211111111111112,6.585827210891342,-0.6252839002197703,"Crittenden County, AR",Arkansas
482,698,2.0354316006833932,2.100615123157386,test,18015,20014,49.70020985310283,50.29979014689717,97.80653542520236,0.3397621664834616,98.22146940503916,76.37095066694897,21.8505187380902,1.77853059496083,13.52758916210693,82.05550794383282,4.416902894060255,23.67006487488416,55.93450725980846,20.395427865307386,53.331393657259255,29.633401221995925,17.035205120744838,10.846961437512617,14.465564058257222,11.482515427563916,15.282174983667517,4.0,32.13865271419228,77.26164506608495,35.442063390222,3.0283587835236747,7.224432182728091,52005.0,0.3966,25365.0,64.85667215815486,7.742328794960374,73.61040285568588,72.74860662951012,8.371579126296108,98.29862129656792,20.72921978582356,0.32267527134056906,3.9872089537323863,7.555555555555554,30.58858798840811,24.302987908464075,34.76066753272709,17.332866993104822,1.85370240831418,7.655555555555553,8.171194658048234,0.5156391024926812,"Carroll County, IN",Indiana
483,301,1.3552622518721622,1.815910099059381,test,8125,10185,47.37358861070201,52.62641138929799,94.14825724104072,1.1978399607265589,100.0,76.52650822669105,23.473491773308957,0.0,19.549488054607508,75.3447098976109,5.1058020477815695,21.391392662181033,49.99365240573822,28.614954932080746,43.271221532091104,35.19668737060041,21.532091097308488,14.466600199401796,28.93231649189704,13.022681684925166,10.994920824619062,6.0,26.443278159063386,77.38680465717981,32.3156532988357,6.908150064683053,7.917205692108668,43105.0,0.4328,23246.0,67.1776621954558,2.567237163814181,67.78999645264278,56.4148681055156,14.827953174884712,99.16067146282974,21.106775452288044,0.3597122302158274,21.610211094747186,3.7777777777777777,32.724594992636234,25.900834560628372,29.965635738831626,17.280314187530685,4.653902798232696,3.877777777777778,6.1466677091355395,2.2688899313577613,"Yuma County, CO",Colorado
484,2011,1.3261904370501851,1.1193678988244564,test,38055,9451,50.608401227383354,49.391598772616646,91.0803089620146,0.08464712728811767,99.14786967418543,77.84461152882206,21.303258145363408,0.8521303258145364,17.20415224913495,81.49480968858131,1.301038062283737,20.22715671260848,62.77437468095968,16.998468606431853,42.606042998256825,38.378849506101105,19.01510749564207,11.626898047722342,20.566502463054192,11.312078479460453,10.052910052910052,6.0,31.42587855123199,77.27916863486065,34.67170524326877,2.6688710439300896,5.077940481813887,55686.0,0.44,31777.0,61.76632681179388,1.3830024537140309,80.500093300989,76.82991047919958,11.420041052435154,97.94628751974724,12.129128568762829,1.369141653501843,2.17966352766903,3.6666666666666665,27.17172785948577,20.960744894720136,36.32419849751349,21.52153211300392,8.835043910697278,3.7666666666666666,3.0629175175033967,-0.7037491491632699,"McLean County, ND",North Dakota
485,747,1.9909138641722421,2.1210613614620097,test,18113,47546,50.111470996508636,49.888529003491364,96.477095865057,0.4795356076220922,98.47172278522392,66.13272311212815,32.33899967309578,1.5282772147760706,12.98298501405838,85.20246963680106,1.8145453491405548,24.248,54.45066666666667,21.30133333333333,56.77413164459797,28.922791530736266,14.303076824665773,12.194071937490586,22.339878688187518,11.240946402704008,12.551629678772445,5.0,25.479008771182837,77.22225291420365,33.47881332523065,4.038450914314127,11.203800894978178,49331.0,0.4089,23477.0,67.20013916673915,7.822072655103978,74.96109224674589,62.06785656858016,11.435342388228635,98.63322077504421,17.236134691567624,0.30551535616658626,9.954570310856854,7.222222222222222,32.747234257350776,27.11479409414041,33.23518277036975,13.914945526437554,3.0433685273209106,7.322222222222222,8.339984530076244,1.0177623078540217,"Noble County, IN",Indiana
486,3041,2.3014733641413554,2.1179096602680882,test,55003,15993,49.9968736322141,50.0031263677859,84.96217094979053,0.5252297880322642,99.64038727524205,65.33886583679114,34.3015214384509,0.3596127247579529,20.127551020408163,75.8078231292517,4.0646258503401365,31.53160079963093,44.60249115792711,23.86590804244195,42.6827012025902,34.107308048103604,23.209990749306197,15.659896819695685,29.780219780219774,15.562101129111438,15.109785505774846,6.0,33.12019425333873,71.94105388508486,37.36231021137243,5.3289669544507285,20.139922596010717,39381.0,0.431,22196.0,65.10918829831067,7.340842931274523,67.53571801022005,62.2152395915161,23.29752841797893,98.86095836606441,14.746063197413704,0.15710919088766695,2.301006690427062,9.888888888888893,29.906834239979982,25.2235352966923,35.040330144438194,16.98868254861502,14.5125992621772,9.98888888888889,8.313740768846067,-1.6751481200428238,"Ashland County, WI",Wisconsin
487,1341,1.2335316065674804,1.5063541472677804,test,27067,42444,50.26858919988693,49.7314108001131,90.427386674206,2.9167844689473186,99.6803835397523,70.74510587295245,28.93527766679984,0.31961646024770274,14.320759525933475,81.98993245826429,3.6893080158022165,26.3881948322996,55.38375613627679,18.228049031423613,39.192498775453075,38.625708487859505,22.181792736687427,11.668580725428267,21.287731256085685,10.897815559349198,11.766112067316884,5.0,23.69935044849985,78.12705825998442,31.07598347404347,3.5207472606430747,11.891503502784266,52632.0,0.43799999999999994,27560.0,70.47583129046451,4.695861576881913,73.23020346164608,74.22437876782827,18.903145860814647,97.94147919423617,10.81264739976816,0.3675930010292604,11.565827914428425,3.333333333333333,29.62020544717746,26.4112713222128,32.85505607388559,16.935255866553582,6.655828856846668,3.433333333333333,4.510257049151931,1.0769237158185976,"Kandiyohi County, MN",Minnesota
488,2557,2.0918640616783932,2.1674318716547036,test,48083,8536,49.47282099343955,50.52717900656045,93.40440487347703,2.3664479850046862,99.89159891598915,59.02439024390244,40.86720867208672,0.10840108401084013,12.989752863170585,84.44846292947557,2.561784207353828,19.47204087425489,58.118081180811814,22.409877944933296,58.85752022453361,29.32144626052501,11.821033514941387,22.635294117647057,69.70534069981585,21.25683060109289,13.742793269796447,6.0,29.60526315789473,68.07635829662262,42.23201174743025,6.255506607929517,15.477239353891337,35156.0,0.4649,20085.0,52.720168319807634,8.20980615735462,43.79194630872483,68.61081654294803,18.12080536912752,98.8335100742312,41.82046979865772,0.0,17.279756326148078,8.0,29.533739456419873,21.77835051546392,34.137769447047795,22.46954076850984,4.229147141518276,8.100000000000001,8.73582050021335,0.6358205002133488,"Coleman County, TX",Texas
489,3121,2.0354316006833932,1.2281663086345709,test,56019,8600,52.61627906976744,47.38372093023256,97.36046511627909,0.04651162790697674,98.26264690853348,75.62595809913131,22.636688809402145,1.7373530914665305,20.015197568389056,77.73556231003039,2.249240121580548,22.86743515850144,52.564841498559076,24.56772334293948,41.68181067239385,32.991904840574925,25.32628448703123,6.263929618768327,0.8320332813312533,8.536585365853659,14.579920430610812,6.0,45.768072289156635,75.50013702384216,36.0372704850644,2.247191011235955,6.44012058098109,54065.0,0.4259,30144.0,67.37017916793198,3.583502366463827,80.04885993485344,77.29988052568699,7.186482084690554,98.26762246117084,16.42915309446254,0.0,4.3604651162790695,7.555555555555554,28.465116279069772,21.779069767441854,35.45348837209303,19.976744186046513,2.593023255813954,7.655555555555553,3.4149618055279483,-4.240593750027605,"Johnson County, WY",Wyoming
490,2721,1.7711787615280343,2.0158995795702195,test,48411,5893,54.82776175123028,45.17223824876972,90.98930935007635,3.3599185474291535,97.17948717948721,68.63247863247864,28.547008547008552,2.8205128205128207,15.687732342007434,79.10780669144981,5.204460966542751,26.742532005689906,42.836821784190214,30.42064621011989,52.79296410743998,32.65985262657476,14.547183265985264,15.239561285356936,31.25720876585929,14.725833804409273,17.232824427480914,6.0,28.12299807815503,69.23800564440263,44.590780809031045,5.973659454374412,9.501411100658514,39040.0,0.4084,19743.0,59.74377925597438,4.948453608247423,64.16490486257929,72.23587223587224,10.747004933051443,98.85339885339886,25.828047921071178,0.0,28.898693365009326,5.777777777777778,26.35330052604785,26.387239097234,31.325301204819283,21.75462413032411,5.650772102494486,5.877777777777778,7.50747791818422,1.6297001404064417,"San Saba County, TX",Texas
491,176,2.832559535598797,2.7006119554531463,test,5135,17055,48.677807094693634,51.322192905306366,95.69041336851365,0.4045734388742305,95.88774659627674,66.32397888302306,29.56376771325368,4.1122534037232565,17.826119797567788,79.07696955963442,3.0969106427977944,17.501414827391056,52.03027730616865,30.46830786644029,62.71794036174028,27.43197001792407,9.850089620335668,23.61535237410933,48.99825783972126,26.94771054392505,21.48486105350477,6.0,41.02869035231158,58.55374226223972,54.473832301631965,7.9065841305571185,17.740574001125488,30691.0,0.4047,16848.0,46.708841693026066,8.73911641405998,50.66170841080609,59.63724304715841,27.376134747894568,99.80652962515116,25.97615662255277,0.09673518742442563,1.9583699794781588,16.88888888888889,27.317502198768693,20.985048372911173,32.893579595426566,25.019055995309294,3.9050131926121368,16.988888888888887,14.888840244563116,-2.1000486443257707,"Sharp County, AR",Arkansas
492,2453,2.47466924069478,2.4596648793129194,test,47065,348121,48.20507811938953,51.794921880610474,75.14456180465987,19.832759299209183,99.46062713982937,63.878321830335295,35.582305309494046,0.5393728601706429,15.176145600054564,80.11602835911953,4.707826040825916,30.97384086526369,45.71280847377099,23.31335066096532,39.87441980617151,31.38838195711774,28.737198236710743,15.963367799113731,30.909221824203915,16.104512234012347,14.198929040201644,3.0,27.457363605507968,76.18820560596834,33.07389285426096,4.983898062632502,15.830515188638413,48248.0,0.47700000000000004,27518.0,64.57129557108868,7.821305763278197,71.52897645892247,64.7623192793884,15.258547871754384,98.12466883657558,16.63575599544603,0.3217016122927863,4.923000910602923,11.777777777777779,27.41948920059405,29.54805943910307,33.64261276969789,15.581938463924901,5.0226788961309445,11.877777777777776,11.700889672681564,-0.17688810509621256,"Hamilton County, TN",Tennessee
493,2769,1.8786165133213217,1.6447171769835796,test,48507,12060,49.56882255389718,50.43117744610282,91.1608623548922,0.4560530679933665,100.0,43.14045096441185,56.85954903558815,0.0,10.867692307692304,88.4676923076923,0.6646153846153846,37.66175814368585,37.33824185631415,25.0,66.82154784376362,24.219544068534926,8.958908087701467,33.39827206505167,84.6038114343029,38.439257113647976,23.928510926647462,6.0,14.858575008950947,69.01020126826577,40.556934105321204,12.379376895505926,38.79239040529363,26672.0,0.4964,13813.0,59.27384615384616,12.271594684385382,42.527522244005425,27.108433734939762,22.560699743628412,99.3975903614458,36.163474589051425,0.6024096385542169,93.00165837479271,6.4444444444444455,38.615257048092865,29.70149253731343,27.388059701492534,12.388059701492535,8.38308457711443,6.544444444444445,5.1795448052905195,-1.3648996391539256,"Zavala County, TX",Texas
494,3027,2.0208114572284313,2.54281556440732,test,54085,10140,49.45759368836292,50.54240631163708,98.23471400394476,0.4733727810650888,98.80439980870396,65.0884744141559,33.715925394548066,1.1956001912960306,16.23653219744425,80.54372337759959,3.2197444249561515,25.228324042225122,47.930257383465786,26.841418574309092,66.47034652787289,23.051636762087394,10.47801671003972,20.70171931227509,40.807799442896936,22.85670309373557,19.51752208875211,6.0,34.21543048825941,64.5611364789447,46.321664129883295,8.701166920345003,16.539827498731608,37636.0,0.4126,19632.0,51.70383362565772,10.128422582990066,56.83845391476709,66.96058091286308,27.02345556656757,99.48132780082987,20.64750578130162,0.0,0.5029585798816568,7.444444444444445,26.33136094674556,22.19921104536489,37.59368836291914,19.585798816568047,1.291913214990138,7.544444444444446,12.715421706748135,5.170977262303689,"Ritchie County, WV",West Virginia
495,1208,2.376454941560501,1.9978716873842217,test,24045,101182,47.635943151944026,52.364056848055974,68.69403648870353,24.14362238342788,99.05046120455778,59.40495568818954,39.64550551636824,0.9495387954422138,12.423421379282727,79.09854116893344,8.478037451783832,36.88983050847458,42.77602905569008,20.33414043583535,43.987772815103426,27.54125882986474,28.47096835503183,15.935037952810974,24.938666058081807,17.32236862598511,11.229057552299787,3.0,27.51968953315832,79.71288761523697,29.63313417502501,4.714915245072858,16.44813322879775,52278.0,0.4525,26241.0,66.85988097998299,8.50961353215428,70.70662942911082,68.5621445978879,18.381102460487106,96.20412081825566,14.237124178927493,0.8714275164315782,4.934672174892767,10.666666666666666,30.574608131881167,33.046391650688854,31.01440967761064,13.95603961178866,7.162341127868594,10.766666666666664,7.373346600907979,-3.393320065758685,"Wicomico County, MD",Maryland
496,2862,1.895451927785184,1.86754310924669,test,51101,16097,48.82897434304529,51.17102565695472,76.52357582158166,19.54401441262347,100.0,70.07299270072993,29.927007299270077,0.0,10.083688874302592,88.07843780767969,1.8378733180177225,23.113977157951986,57.11288944137984,19.77313340066817,51.750380517503785,29.886292416509985,18.363327065986205,11.841448189762795,27.605727605727605,9.60431654676259,10.955231325601693,2.0,26.161508940965128,81.70974155069581,28.412856196156397,3.164347249834328,8.66467859509609,62031.0,0.3694,28300.0,68.63308171972432,5.11655708308428,79.00988122567124,68.74135546334716,8.733406527597563,99.1701244813278,14.063279768439966,0.13831258644536654,0.7827545505373672,6.5555555555555545,29.62663850406908,24.83692613530471,37.460396347145426,13.785177362241411,3.9324097657948687,6.655555555555554,6.472374930522175,-0.18318062503337895,"King William County, VA",Virginia
497,1744,2.158201375540483,2.1424218655666794,test,32007,51562,52.26911291261006,47.73088708738994,88.1366122338156,1.2897094759706762,99.89653031661724,75.40870524936193,24.487825067255287,0.10346968338276884,10.346160216419149,85.03560978302876,4.6182300005520895,26.420339668418933,54.26860088960778,19.31105944197331,43.35762331838565,38.496512207274534,18.14586447433981,10.975465679517978,18.347120976328934,10.102111929218557,11.412979466844645,5.0,27.72619304685813,88.04249547920435,19.252938517179025,1.9891500904159127,6.679475587703436,71799.0,0.3875,29988.0,73.75830086164315,5.290375385989061,75.50158064415162,60.87246828399733,7.931390653854581,94.30224794124192,19.039719553037653,1.6247496105052304,23.95368682362981,8.555555555555555,35.62701214072379,30.40029479073736,32.48516349249447,8.98529925138668,10.573678290213724,8.655555555555555,8.520047070790904,-0.13550848476465127,"Elko County, NV",Nevada
498,1704,0.09531017980432493,0.7564923906421022,test,31113,851,48.413631022326676,51.58636897767333,97.2972972972973,0.2350176263219741,90.45454545454544,79.0909090909091,11.363636363636365,9.545454545454547,17.9080824088748,79.2393026941363,2.8526148969889067,17.404580152671755,69.16030534351145,13.435114503816795,37.06293706293707,40.90909090909091,22.02797202797203,10.963855421686747,19.87951807228916,10.122164048865619,12.588235294117649,5.0,26.190476190476193,83.28767123287672,35.61643835616439,6.027397260273973,4.10958904109589,48281.0,0.4193,25920.0,70.31746031746032,0.2257336343115124,80.6741573033708,75.13513513513513,8.089887640449438,97.83783783783785,13.033707865168536,1.0810810810810811,1.8801410105757927,1.0,30.43478260869565,19.271445358401877,33.13748531139836,21.73913043478261,2.4676850763807288,1.1,2.130789121401807,1.0307891214018068,"Logan County, NE",Nebraska
499,725,2.3014733641413554,2.0910434519009913,test,18069,36863,49.14412825868757,50.85587174131243,96.95629764262269,0.7432927325502536,97.62047830789568,71.89039778872731,25.73008051916837,2.3795216921043147,13.813747228381374,82.70140428677014,3.4848484848484853,26.52728843980589,53.72930931330187,19.743402246892238,53.64812054308853,28.346964264131174,18.004915192780302,12.018249829970527,19.64948759839596,12.001316114172905,14.440840114361118,5.0,27.51077926175202,76.96823204419887,33.61187845303867,4.475138121546961,11.139502762430938,46945.0,0.3851,22606.0,67.77757975405454,6.784117801735473,75.71491810535636,65.2516010978957,12.47011952191235,99.17657822506862,15.037627268702964,0.1463860933211345,1.9992946857282368,9.888888888888893,29.76968776279739,27.642893958711987,34.243007894094355,15.541328703578111,2.3004096248270622,9.98888888888889,8.093355787328838,-1.8955331015600532,"Huntington County, IN",Indiana
500,2059,2.0640458562018624,2.402547564431816,test,39045,149112,49.71296743387521,50.28703256612479,89.44015236868931,6.4327485380116975,99.35774617481178,73.12518552500201,26.232560649809766,0.6422538251882236,11.455482430045128,85.6126829536197,2.9318346163351614,25.817106070411054,53.8899207476447,20.292973181944248,42.765499627968715,31.256661371086132,25.977839000945163,10.340391169264883,16.084404251943518,10.091355865770193,13.363369513277357,2.0,30.347200500469192,77.74385811891264,30.66034307312109,5.226050298008432,15.033071667393514,60567.0,0.4201,28130.0,67.03371012400281,6.550158812383276,76.5367568051576,65.5283986261138,15.85892729226361,97.02822440141372,10.784160100286536,0.4828513116630992,1.9689897526691345,7.777777777777778,32.12685766403777,26.506250335318423,34.70545630130372,13.90230162562369,4.127099093298996,7.877777777777777,11.051294433783221,3.173516656005444,"Fairfield County, OH",Ohio
501,1196,2.1835512754360096,2.169897384490281,test,24021,241373,49.31703214526894,50.682967854731075,81.43951477588628,9.007635485327688,99.16156965157032,73.84028589100407,25.32128376056628,0.8384303484296612,11.030642227508046,84.3710647824262,4.598292990065762,28.529948179032914,52.73390475895242,18.736147062014663,32.722844798279176,28.21000970435707,39.06714549736376,6.841576382966148,10.297574680350898,6.425893689957758,10.24478580719092,2.0,28.714859437751013,84.10061699098243,25.129387303094,2.825050285895089,7.4886432978507,83700.0,0.4009,37449.0,73.55293727182209,5.577991862765003,84.10053973547029,75.23675057681051,9.635497327683355,95.7712042425703,9.304670458214986,0.7989255828368745,8.099083161745515,8.777777777777779,31.235059430839407,26.900688975154637,36.45726738284729,12.44049665869836,9.55284973878603,8.877777777777778,8.757385351070269,-0.12039242670750916,"Frederick County, MD",Maryland
502,1696,1.9909138641722421,1.6439298505272875,test,31097,5167,59.415521579252946,40.58447842074705,87.38145926069286,7.122121153473969,98.98580121703856,69.3711967545639,29.614604462474645,1.0141987829614605,19.616908850726553,79.16116248348743,1.2219286657859971,26.91867124856816,44.39862542955326,28.682703321878577,52.91455948895396,32.392866648922016,14.692573862124036,11.763236763236765,17.874396135265698,11.940850277264323,12.680617837568512,6.0,25.615881368093767,76.51113467656415,37.06256627783669,3.923647932131495,8.589607635206786,45429.0,0.447,21488.0,68.49405548216643,3.278688524590164,78.78787878787878,62.668298653610755,7.869742198100407,98.77600979192171,15.422885572139304,0.0,9.92839171666344,7.222222222222222,23.08883297851752,27.44339074898393,36.28798142055352,17.185988000774145,5.496419585833172,7.322222222222222,5.175468417568288,-2.146753804653934,"Johnson County, NE",Nebraska
503,2990,3.2404198544329166,2.8967163996740615,test,54011,96824,48.66871849954556,51.33128150045442,91.0693629678592,4.8180203255391225,97.64687467390169,57.22633830741938,40.42053636648231,2.353125326098299,18.79728813559322,74.90847457627119,6.294237288135593,31.8352106386146,41.08817545774823,27.07661390363717,44.96905338869253,28.11897081294664,26.911975798360828,21.65672316870921,37.75141825683342,25.324883819180396,20.051155184703767,3.0,27.709226082916004,67.52808145498211,37.798013659219976,7.570109824131287,18.41993345508218,38344.0,0.5033,23908.0,55.99873959509493,6.8039013410859965,63.991480790503395,65.48695261909342,23.117436312304967,98.53176892992242,16.906338225825092,0.4552157466179393,1.312691068330166,25.44444444444445,26.613236387672483,32.015822523341306,31.410600677517966,16.629141535156574,4.112616706601669,25.544444444444448,18.114566609733366,-7.429877834711082,"Cabell County, WV",West Virginia
504,2519,2.89591193827178,2.6235454133977525,test,48007,24292,49.52659311707558,50.47340688292442,88.66293429935781,1.683681870574675,97.4561403508772,64.62719298245614,32.82894736842105,2.543859649122807,13.855171698308954,79.92530345471522,6.219524846975827,21.36735488897545,53.25282430853135,25.37982080249318,46.62902504472272,33.82714669051878,19.543828264758503,18.978071467654363,57.34982332155477,17.576126674786845,22.948965054889804,3.0,38.87311086317071,66.57715348068582,50.66102045032018,6.052468498244164,13.18942367279488,41690.0,0.5134,28472.0,51.31565316481923,6.227919652770767,58.010296789824345,55.72318793046901,15.634463961235616,97.81895703509346,29.186856450635986,1.4266972777959988,26.11147702947473,18.0,25.045282397497118,20.55820846369175,34.6698501564301,25.942697184258183,9.653383830067511,18.1,13.784508834340098,-4.315491165659903,"Aransas County, TX",Texas
505,2999,3.0225905610568597,2.542942254671706,test,54029,30201,48.3957484851495,51.6042515148505,95.71537366312374,2.238336478924539,98.23685961410513,60.91151031270792,37.3253493013972,1.763140385894877,17.125918503674015,80.24799599198397,2.6260855043420173,22.86176424175477,50.20119930566514,26.937036452580088,55.90607958898554,26.27878678624544,17.815133624769032,16.230823458323542,41.14797771857593,15.058823529411766,19.33073099122544,4.0,32.86617884162222,69.03986350240422,40.964789824724676,7.344501318442688,14.727780362959516,39959.0,0.4414,23845.0,58.87483827886983,6.72715673070107,70.15721196130167,75.33368001386722,18.546613896218126,97.59057028947822,16.062005277044857,0.5893569076096377,1.1920135094864408,20.444444444444443,25.56537862984669,22.072116817323927,38.2073441276779,19.813913446574613,2.046289857951724,20.544444444444444,12.7170327289342,-7.8274117155102445,"Hancock County, WV",West Virginia
506,1647,2.366081404553173,2.331727706950284,test,30111,153692,49.10730552013117,50.89269447986883,90.69112250474977,0.6968482419384223,97.85367208107729,68.75190892683604,29.10176315424129,2.1463279189226707,16.160934253325028,77.93247354439369,5.906592202281275,28.094774423888346,48.283024991885746,23.622200584225894,38.5776771668649,32.943252887234785,28.47906994590032,11.507978865346642,16.816039301599947,11.884510339445965,13.181034425807136,4.0,33.48839591317634,79.56609485368314,28.921584583835163,5.440903616418737,10.538393932489177,52802.0,0.4613,29576.0,69.97424580085153,3.90234834872049,72.45187349604673,69.17195160347231,11.752320385012032,97.54419106733236,19.06153317291165,0.18890837943597355,5.164875204955365,10.555555555555557,29.658667985321287,28.64365093824012,32.76683236603076,15.004684694063453,8.612029253311817,10.655555555555555,10.295714152582955,-0.3598414029726005,"Yellowstone County, MT",Montana
507,2431,2.819392788437584,2.53916578769912,test,47021,39422,49.59920856374613,50.40079143625387,94.82015118461771,1.6158490183146468,99.14040114613181,69.58505783720683,29.55534330892497,0.8595988538681949,10.41434880819932,85.32416304237887,4.2614881494218,23.816142789448747,52.8447322697836,23.33912494076765,52.61252519220722,28.073449279689484,19.314025528103308,13.826679649464461,22.94024743353514,14.032728948985865,14.671508579904357,2.0,28.41398657449153,79.83309193737499,29.719290985585214,5.683150562107732,15.049313745775569,51857.0,0.3952,23922.0,67.18813216453135,7.772982737856282,70.72590081910988,52.08119745745336,15.086954767380867,97.8470371129793,17.746035588911756,0.5536190280910396,2.6102176449698136,16.666666666666668,30.56922530566689,26.29242554918573,36.943838465831256,12.782202830906598,3.563999797067627,16.766666666666666,12.66909784406826,-4.097568822598406,"Cheatham County, TN",Tennessee
508,1031,2.926143986747276,2.819988618924728,test,21089,36477,48.54840036187186,51.45159963812813,97.01455711818407,0.7785727992981879,99.34120571783716,67.08514605344935,32.25605966438782,0.658794282162834,12.01928227102303,85.93465452597748,2.0460632029994645,20.334439194396968,54.63288763781375,25.032673167789284,51.57686489002676,31.482990030645087,16.940145079328133,17.700963734610887,32.82853777553425,18.6578546009151,18.866668515796192,3.0,27.043472144063028,64.64084507042253,43.80985915492958,7.056338028169013,16.323943661971832,45370.0,0.4604,23649.0,53.188374750071404,9.78049271665436,64.16507700181454,63.26937835763622,22.33750523426232,98.23484267075978,18.931745219373752,0.429777436684574,1.0115963483839132,18.555555555555557,27.855909203059458,23.83693834471037,35.647120103078656,18.46094799462675,2.2068700825177507,18.655555555555562,16.776659734626083,-1.878895820929479,"Greenup County, KY",Kentucky
509,1437,1.7127964254212538,1.9484160674155737,test,28085,34765,47.90162519775637,52.09837480224364,68.23529411764707,30.795340140946355,99.65552876334827,56.50476518544036,43.150763577907924,0.3444712366517396,12.18135900876016,86.46515665693316,1.3534843343066845,29.469946741060106,47.04901996304483,23.481033295895077,51.35633394785358,33.43867965938021,15.204986392766216,26.59586917090867,68.55041610218694,27.85083316603092,14.85134027859066,5.0,20.298495980305415,70.17624874932656,35.018856307242366,5.903178634649428,13.46109443546525,36473.0,0.4567,18844.0,55.70042807210461,7.332722273143903,61.89500390320064,56.009663780954284,17.344847775175644,98.49003422589088,23.87782982045277,0.0,1.0988062706745292,5.4444444444444455,31.940169710916148,27.3205810441536,32.41190852869265,15.089889256436072,0.9693657414065872,5.544444444444445,7.017563425586166,1.4731189811417211,"Lincoln County, MS",Mississippi
510,827,1.0570183913692728,1.3721200714405406,test,19089,9494,49.526016431430385,50.473983568569615,98.25152728038765,0.32652201390351804,98.74739039665971,73.11064718162841,25.63674321503132,1.2526096033402925,17.735354124162054,80.00582920431361,2.258816671524337,23.865006026516674,55.644837284049814,20.490156689433512,55.45045743526128,31.7413552488758,12.808187315862925,11.668825561312607,16.284860557768926,12.210526315789473,12.210300429184553,6.0,27.69556025369979,75.97620894750453,34.755624515128005,3.801396431342127,8.714765968450996,49869.0,0.4215,25804.0,67.2202166064982,3.3727175080558536,78.97990726429677,72.09834190966265,13.040958268933535,98.39908519153799,10.838485316846986,0.4574042309891366,1.4851485148514851,2.7777777777777777,31.251316621023804,22.772277227722768,32.29408047187697,19.70718348430588,1.4219507057088687,2.877777777777778,3.9437027704579353,1.065924992680157,"Howard County, IA",Iowa
511,2607,2.0780516873907815,2.244467822300601,test,48183,123178,48.97627823150238,51.02372176849762,74.6724252707464,20.144831057494034,99.61300555114988,59.23235527359239,40.38065027755749,0.38699444885011897,14.967496795458707,80.22798022340231,4.8045229811389865,28.890870074536352,43.9629702580264,27.146159667437267,44.076496083948,35.46498365143335,20.45852026461866,18.228634589941553,36.816269284712476,17.86415810361185,14.730887531026065,4.0,27.474687899341394,78.45587268183611,30.080231487570696,6.942435003726599,14.816519794817836,47639.0,0.4592,24364.0,64.63864759079809,5.458372149190905,61.22185358424888,62.455835864377356,13.353910584140108,96.60943407921651,28.253834439247257,0.5826566664600509,17.717449544561532,7.8888888888888875,32.450599944795336,29.9460942700807,30.52168406696001,13.86448878858238,5.1827436717595665,7.988888888888888,9.435392914415731,1.4465040255268429,"Gregg County, TX",Texas
512,1625,2.5555031730094866,2.1803751590966076,test,30067,15708,50.26737967914438,49.73262032085562,96.27578304048893,0.5474917239623122,99.52909519004372,76.99293642785065,22.536158762193068,0.4709048099562731,20.143655227454108,72.03511572226655,7.82122905027933,25.749134166541186,49.13416654118354,25.116699292275253,37.313052345343316,27.64276002719239,35.04418762746431,12.297236648073346,10.330578512396695,14.913315784696383,13.516455372006659,6.0,32.96599496221663,74.22346533195937,35.46297659355219,3.562490799352274,7.301634035036068,43932.0,0.4439,27045.0,63.78096067104534,5.5334987593052105,69.22839188214691,63.071672354948795,9.992788709178944,95.42662116040957,22.262284949005874,1.6382252559726962,2.661064425770308,12.777777777777779,24.388846447669977,21.84873949579832,40.33613445378151,18.837535014005606,3.176725235548765,12.877777777777776,8.849625653596878,-4.028152124180899,"Park County, MT",Montana
513,2099,1.8082887711792655,2.148256227756157,test,39125,19165,49.72606313592486,50.27393686407514,94.90738325071743,1.0174797808505087,99.393545592376,76.97639159627464,22.41715399610136,0.6064544076239983,14.521817301708042,82.78127377083192,2.696908927460065,22.785797893094028,56.53531018337885,20.67889192352712,60.46989051094891,26.802007299270077,12.72810218978102,12.835915270312992,19.592268996558108,13.286329808068938,16.749724597387615,6.0,32.24385880410101,70.54162878295881,35.29029744122614,6.156643719963633,14.144694116118975,45550.0,0.4296,23836.0,62.979371452305145,6.35304462519235,72.7000879507476,71.68400520156047,19.63060686015832,97.3992197659298,12.480211081794195,1.1053315994798438,4.482128880772241,6.0,30.55570049569528,24.3986433602922,35.168275502217575,16.342290633968172,4.075136968432037,6.1,8.569901403972404,2.469901403972404,"Paulding County, OH",Ohio
514,1298,2.707309185877491,2.465779954056181,test,26147,160429,49.60761458339826,50.39238541660174,93.62646404328396,2.2028436255290504,98.953465595881,69.13003329882194,29.823432297059068,1.0465344041189804,13.991608937457313,82.33811428757278,3.6702767749699152,26.2962596853543,52.333229414582604,21.37051090006311,45.683795175320604,36.9025199533674,17.41368487131199,14.57340894770006,25.802649905360518,14.78372423794517,16.446347942401047,2.0,28.94969179401567,72.29159845969163,36.35782548368489,6.674149946213928,18.18904634956269,49730.0,0.4285,25429.0,62.00667487525112,9.89078462623782,72.18061180876397,78.41315225160828,18.790833045000305,98.47113017234531,13.703620784401519,0.2263521563021205,3.10293026821834,14.888888888888893,28.97605794463595,24.135287261031362,37.42777178689638,16.114916879117864,4.170692331187005,14.988888888888894,11.772660706559758,-3.216228182329136,"St. Clair County, MI",Michigan
515,3117,1.7326383462202575,1.1871090588642061,test,56011,7229,51.40406695255222,48.59593304744778,98.93484576013279,0.19366440724858208,99.94008388256441,80.46734571599761,19.47273816656681,0.05991611743559017,13.001634283639008,85.69093880515706,1.3074269112039223,18.655692729766805,65.60356652949245,15.74074074074074,41.69464744222793,39.48252024491409,18.822832312857987,5.041782729805013,5.904761904761906,5.13065039099752,12.520891364902505,6.0,27.84673502428494,82.75862068965517,31.203515889114264,2.366463826910074,2.265043948613928,60445.0,0.4113,32083.0,70.05988023952095,4.16990416990417,75.08796622097115,76.20192307692307,9.688013136289001,93.26923076923076,18.977246070842128,0.4807692307692308,2.5314704661778946,5.5555555555555545,28.565500069165854,23.15672983815189,36.0354129201826,17.72029326324526,0.8714898326186196,5.655555555555554,3.277592171834352,-2.377963383721202,"Crook County, WY",Wyoming
516,1404,1.789905900578732,1.9940859805080897,test,28019,8354,48.659324874311714,51.340675125688286,67.76394541536989,31.074934163275074,98.58712715855572,64.73050758765044,33.85661957090528,1.4128728414442702,18.3015873015873,80.50793650793649,1.1904761904761905,28.967961021703825,44.20493134504651,26.827107633249675,54.42904753552008,32.117172425890196,13.453780038589725,26.18931446694316,56.80473372781065,30.29991783073131,24.76375090865035,6.0,28.313346830711733,62.306993642143496,46.10959733575539,12.594610959733574,22.615803814713892,30692.0,0.4435,17464.0,52.64070629039887,12.518718179095535,56.938690969345494,46.79867986798679,26.53272576636289,98.6138613861386,20.381110190555095,0.0,0.5626047402441944,5.8888888888888875,30.201101268853243,23.29423030883409,34.845582954273404,18.721570505147234,1.1611204213550397,5.988888888888888,7.3454860412108305,1.3565971523219424,"Choctaw County, MS",Mississippi
517,1523,2.89591193827178,2.464738334430267,test,29093,10322,49.4574694826584,50.5425305173416,95.04940902925787,2.606084092230188,97.14795008912657,57.62032085561497,39.527629233511576,2.8520499108734403,14.424824720851724,81.4853284861075,4.089846793040769,23.018599691979624,48.987086838052356,27.994313469968013,59.81514691681611,28.169402676231204,12.015450406952686,23.36220071319409,59.509202453987726,24.396912190414923,26.2350936967632,6.0,35.327033076349174,67.35046959960455,36.0850222441918,10.405338606030648,24.49332674246169,36239.0,0.4462,19559.0,55.48804137039431,11.230195712954332,53.97296406198482,50.6291192330737,26.26112759643917,95.38645895745957,24.56313880646225,0.659077291791492,0.8234838209649292,18.0,28.163146677000583,24.316992830846733,35.51637279596977,18.077891881418328,2.3445068785119165,18.1,11.760404456402071,-6.33959554359793,"Iron County, MO",Missouri
518,3126,2.267533454935127,1.846650355921838,test,56029,28985,49.094359151285154,50.905640848714846,94.78005865102641,0.8142142487493531,99.39688390015075,74.88691573127826,24.509968168872515,0.603116099849221,15.43424317617866,80.81209113467179,3.7536656891495603,25.80859732269061,54.011806768105096,20.17959590920429,35.2863176505255,36.29800608977507,28.41567625969944,7.160546239298098,10.613691475470995,6.968057085388629,12.267140220759776,6.0,33.55675487465181,78.53155134495009,34.46117408221959,3.8318389443410585,5.489764845203856,56363.0,0.3905,29411.0,68.05329580933116,3.5861979839751874,74.25338846772341,70.74498029649091,9.861015391683896,99.23062488271721,18.659545141281875,0.0,5.7650508883905465,9.555555555555557,27.35897878212869,25.99275487321028,34.34880110401932,18.971882007935136,4.405727100224254,9.655555555555557,6.338552029950484,-3.317003525605073,"Park County, WY",Wyoming
519,1542,2.145281299175379,2.407904582117652,test,29131,24956,49.174547203077424,50.8254527969226,96.17326494630552,0.4407757653470107,99.1213247718824,59.04021628928692,40.081108482595475,0.8786752281176073,14.881683670744085,82.05224079910262,3.066075530153304,23.78655261587428,50.92997811816193,25.283469265963788,56.2828447973841,27.344388648838024,16.372766553777886,20.10823127314156,42.61489309412632,20.60901965822948,18.571197017586513,6.0,30.422668489117864,70.10156580617858,38.49978840457046,6.972069403300889,17.096910706728735,38094.0,0.4553,21268.0,61.50647689109229,7.826313052522099,64.54041475600576,58.582449373191906,19.38950106084457,98.04725168756028,19.82068304701937,0.0,1.7350536945023238,8.444444444444445,30.121012982849823,24.49911844846931,34.484693059785215,17.298445263664046,3.3859592883474914,8.544444444444444,11.110655270081743,2.566210825637299,"Miller County, MO",Missouri
520,2420,2.132192107065365,1.5388514618973725,test,46137,2833,49.09989410518886,50.900105894811155,24.920578891634307,0.4235792446170138,99.41577409931841,45.76436222005842,53.651411879259975,0.5842259006815969,7.313019390581718,90.0831024930748,2.6038781163434903,45.7185778668002,33.95092638958437,20.330495743615426,53.998678122934564,32.12161269001983,13.879709187045606,39.54822517031194,89.23076923076924,54.80274442538593,9.601129544652313,6.0,18.94736842105264,79.87654320987654,20.246913580246915,9.382716049382717,44.814814814814824,35119.0,0.4604,12877.0,71.6343490304709,26.682134570765662,38.495024875621894,45.17766497461929,25.49751243781095,97.46192893401016,37.624378109452735,1.5228426395939088,3.6710201200141204,8.333333333333334,47.19378750441229,28.168019767031414,28.59159901164843,6.953759265795974,74.65584186374869,8.433333333333334,4.659235886774492,-3.7740974465588417,"Ziebach County, SD",South Dakota
521,434,1.9120085973796321,1.835148832943881,test,13109,10814,46.45829480303311,53.541705196966895,58.396523025707424,30.16460144257444,99.21958141184817,55.622561191912034,43.59702021993615,0.7804185881518269,13.441145281018029,85.2067868504772,1.3520678685047718,29.508196721311478,44.33409118104585,26.157712097642694,63.53464352316741,21.05867163964998,15.406684837182613,27.662664601084426,73.45794392523366,28.6055233549267,17.65730880929332,6.0,29.63009562154001,72.09944751381217,35.73581115017579,6.8809643395278774,23.17930688096434,37865.0,0.4719,19625.0,58.7405139129277,10.108794197642792,58.6276829474396,59.5357590966123,15.751225283082645,95.42032622333751,28.663173905695448,2.132998745294856,11.891991862400591,6.666666666666668,32.3284631033845,30.432772332162013,28.62955428148696,14.740151655261698,11.438875531718145,6.7666666666666675,6.266066673188093,-0.5005999934785743,"Evans County, GA",Georgia
522,199,2.0640458562018624,2.0232283912437214,test,6031,150998,55.60206095444973,44.39793904555027,68.40421727440098,6.223261235248147,99.31982599081886,61.71557670584277,37.60424928497609,0.6801740091811473,8.01670146137787,86.55642237116803,5.426876167454126,36.76289211077857,37.81685828381187,25.420249605409555,52.6095829443564,33.997307917761226,13.393109137882373,22.606131629682828,47.2415774728827,22.472256887135515,11.296897989210393,4.0,31.348048764264878,81.19555277470279,23.63430716657843,6.0379265534003945,17.885161476632817,46481.0,0.4504,18707.0,65.39616825478967,12.721486323757098,58.636089792283315,59.77662544874352,23.558687167666392,95.4607100119665,20.974670613196427,2.7762265656162737,52.617915469079065,7.777777777777778,34.71238029642777,35.455436495847614,28.22355262983616,8.753758327924873,25.372521490350863,7.877777777777777,7.562700922312663,-0.3150768554651142,"Kings County, CA",California
523,2654,2.0354316006833932,2.2651889705737576,test,48277,49566,48.53528628495339,51.46471371504661,80.97889682443609,12.506556914013641,100.0,60.43552519214346,39.564474807856534,0.0,13.601838086227868,83.53020678470064,2.867955129071496,24.76505525900309,50.3120066160439,24.922938124953014,49.599735163115426,34.185024677982426,16.21524015890213,18.612854271769,38.15213533656689,18.73339096468479,17.74437627811861,5.0,28.281679712291087,71.58099442867655,36.59728792179124,8.37275307473983,19.026595185535587,40748.0,0.4692,22344.0,60.214648842025994,7.066916823014384,60.203796761585714,58.080037554277666,15.141680625348963,97.688064781129,27.680067001675038,1.5491139537612957,7.184360246943469,7.555555555555554,30.440221119315662,26.08037767824718,32.308437235201545,17.959891861356574,6.5145462615502545,7.655555555555553,9.632944772226061,1.9773892166705078,"Lamar County, TX",Texas
524,1780,2.2442495159810822,2.230450730629582,test,34025,629185,48.66613158292076,51.33386841707925,82.60289104158555,7.286251261552644,99.63792060969948,77.6783328880577,21.959587721641803,0.3620793903004907,12.580765394618213,84.23234613710805,3.1868884682737497,30.60444954173025,51.2774208597782,18.118129598491553,32.890737445221575,24.585339384826213,42.52392316995222,7.465008774901693,10.976663785652551,7.2426102971470065,9.747925513701368,2.0,19.577015426109266,79.88374337744794,30.548894275112076,3.859634070483259,6.326762617704468,85242.0,0.4695,43469.0,68.10181031571226,7.762074998098424,81.00068480326654,70.27067831338294,8.540804784902525,96.64617707322334,12.902001318310411,0.7591933570581257,10.273448985592475,9.333333333333334,29.557125487734126,24.23230051574656,38.02490523454946,15.110976898686395,10.110857696861814,9.433333333333334,9.304058758790129,-0.12927457454320468,"Monmouth County, NJ",New Jersey
525,30,1.789905900578732,2.3964476731326325,test,1061,26815,49.12921872086518,50.87078127913482,86.50009323140034,8.901734104046243,99.5965030262273,58.338937457969074,41.257565568258244,0.4034969737726967,13.35822342901474,83.50465477114042,3.1371217998448406,22.84618545404739,50.42231657763778,26.731497968314844,58.04818249653554,29.60238780513805,12.349429698326404,23.23094941252031,67.24928366762177,22.59061200237671,21.687566097597824,4.0,32.11963589076723,67.67714338850661,40.68253673051888,9.298865538404314,17.723637716198624,36024.0,0.4567,20224.0,56.678682774746676,10.941125913192954,60.19355660257226,57.05101617586065,19.6676429390042,98.69348817917877,24.602062905895835,1.0783907092492742,3.628566101062838,5.8888888888888875,28.264031325750512,24.232705575237738,35.0363602461309,18.54931941077755,4.598172664553422,5.988888888888888,10.984087923613817,4.995199034724929,"Geneva County, AL",Alabama
526,559,2.2442495159810822,1.5510656710834205,test,16029,6808,50.36721504112809,49.632784958871916,98.38425381903645,0.1028202115158637,98.08389435525629,86.12118073537027,11.962713619886069,1.916105644743656,13.205962628595419,85.28238505143817,1.5116523199664076,16.872825666795517,64.41824507151141,18.708929261693076,44.11164057181756,36.578171091445434,19.310188336737006,8.286960445179727,5.100896860986548,10.662957811775613,12.890741292051205,6.0,24.856085526315788,76.63085188027628,35.37989255564083,3.607060629316962,8.135072908672294,58021.0,0.3872,25172.0,65.41684122329283,1.5049631764329172,81.93231441048034,72.43243243243244,8.160480349344981,98.1981981981982,13.100436681222705,0.990990990990991,5.3319623971797885,9.333333333333334,34.37132784958872,25.02937720329025,29.72972972972973,16.686251468860164,1.5129259694477086,9.433333333333334,4.716493736377311,-4.716839596956023,"Caribou County, ID",Idaho
527,1966,2.3867219722002453,2.200484947912307,test,37165,35932,49.46565735277747,50.53434264722253,46.05365690749194,38.45318935767561,99.38635827236251,43.214538588624016,56.1718196837385,0.6136417276374794,14.707633678694773,82.44214203485372,2.8502242864515104,36.66666666666666,36.435233160621756,26.898100172711572,55.2976366010869,28.870539663815986,15.831823735097108,31.23123123123123,88.18120654855349,35.20085698982325,20.20388434836101,5.0,28.55421686746988,61.88827331486611,41.151123422591574,8.725761772853186,27.800861803631893,30958.0,0.47,15849.0,50.89156814546021,14.812543126581307,52.77805045646412,56.70789724072314,27.51055266516148,99.6384395813511,23.937371159320694,0.019029495718363463,2.6717132361126565,10.777777777777779,30.76644773460982,27.46855170878325,33.613492151842365,15.217633307358346,15.493153734832461,10.877777777777778,9.0293912222872,-1.8483865554905776,"Scotland County, NC",North Carolina
528,949,1.0570183913692728,1.177011679541151,test,20135,3077,50.73123171920702,49.26876828079298,96.88007799805006,0.5199870003249919,99.54337899543378,63.47031963470321,36.0730593607306,0.45662100456621,18.197206940330087,80.8294540837918,0.9733389758781208,19.220272904483434,61.20857699805068,19.571150097465885,44.90153172866521,35.31728665207877,19.781181619256014,11.73351010938018,31.062124248497,9.195933456561924,14.337748344370857,6.0,32.35537190082645,74.69269703543023,39.69631236442516,1.735357917570499,5.42299349240781,44904.0,0.4575,29968.0,65.55226407109606,2.775984506132989,87.43872549019608,69.76744186046511,6.311274509803921,98.22161422708618,8.63970588235294,1.3679890560875512,9.197270068248294,2.7777777777777777,27.55931101722457,20.24699382515437,33.344166395840105,25.05687357816055,2.599935001624959,2.877777777777778,3.2446636062920144,0.36688582851423623,"Ness County, KS",Kansas
529,2419,1.513905485712537,1.6680562007465556,test,46135,22636,52.111680508923854,47.88831949107618,92.29545856158329,2.102845025622901,99.17184265010351,71.38716356107659,27.784679089026927,0.8281573498964804,16.894316107509287,79.77591741675583,3.3297664757348784,28.96784928345232,49.020449787987786,22.01170092855993,43.51728933560907,29.755357481509577,26.72735318288135,14.237465512320426,21.923076923076927,15.131998018260315,13.179797597654405,5.0,29.180512531681213,79.51455219687605,30.83492527250253,4.045398359366222,15.35003933026183,48176.0,0.4717,27044.0,70.22554547683254,3.1768196893000527,77.05969798920272,69.92927864214992,12.941084422189189,97.5106082036775,14.959705813316646,1.2446958981612446,3.260293338045591,4.4444444444444455,27.672733698533314,27.63297402367909,34.233080049478716,16.743240855274784,5.601696412793781,4.544444444444445,5.301852038512884,0.7574075940684386,"Yankton County, SD",South Dakota
530,1796,2.6998686753609076,2.061212435544866,test,35013,213963,49.22393124044811,50.77606875955189,89.05792122937143,1.7302056897687916,99.57156343039722,60.621959189601355,38.94960424079589,0.4284365696027885,11.726879457500296,82.46813983397638,5.804980708523325,35.67035743656365,43.78150960037185,20.548132963064493,43.72463278876424,28.532175633346164,27.743191577889604,28.16635794048525,68.68587274688029,31.077519511655986,11.071542190757015,4.0,28.839644527833066,76.58034830528878,29.591236189508038,6.1100559107568015,20.816725074235574,38853.0,0.48200000000000004,20129.0,63.971359276390714,11.224972093444226,54.37221587101353,56.9001677852349,23.425710568849286,95.46280760626398,25.404659597114357,2.4923098434004483,66.50448909390876,14.777777777777779,34.19656669611101,33.001967629917324,27.60150119413169,13.561223202142427,9.211873080859776,14.87777777777778,7.855488312119368,-7.022289465658412,"Dona Ana County, NM",New Mexico
531,1859,1.8786165133213217,2.4214188165761366,test,36075,121183,50.08210722626111,49.91789277373889,95.61489647887905,0.9093684757763052,98.71475953565506,60.17262173978592,38.54213779586914,1.2852404643449422,12.693749930455875,81.61920975620612,5.687040313338008,32.758326045216485,44.75104798094032,22.490625973843198,53.53642682134107,28.89769488474424,17.565878293914693,18.619816343056012,38.86572589266625,18.932724416931745,14.49181471606907,3.0,27.702380574007567,73.54746136865342,34.95805739514349,7.467991169977925,17.43708609271523,47860.0,0.4216,23466.0,60.67204845744511,9.215382992934227,68.40361484613699,64.52110589977784,26.60083280692029,98.15477659837076,10.359808686459797,0.006171315724512466,2.324583481181353,6.4444444444444455,30.01493608839524,28.91989800549582,35.3597451787792,13.744502116633525,3.4757350453446434,6.544444444444445,11.26182645103088,4.717382006586434,"Oswego County, NY",New York
532,1930,2.049841071903545,1.9655475841514438,test,37093,51075,49.343122858541356,50.656877141458644,46.48262359275574,34.14782183064121,99.64973730297724,63.404283982217436,36.2454533207598,0.3502626970227671,11.1689054015433,85.77022006287508,3.0608745355815947,29.986126017643517,47.00138739823564,23.01248658412084,42.581072973570365,38.13192712115949,19.28699990527014,22.192980693894768,44.51213520683895,22.8242216229468,14.618485889204125,3.0,45.89268469338485,80.08828722778105,22.813419658622717,6.951147733961152,21.453796350794583,41542.0,0.4233,18421.0,60.944232810841186,12.747207705707552,63.7624466571835,51.84331797235024,22.76315789473684,95.92933947772656,21.205547652916074,1.0496671786994367,12.338717572197748,7.666666666666668,35.45570239843368,34.59618208516887,28.454233969652478,7.831620166421929,19.369554576603036,7.766666666666667,7.1388206251060975,-0.6278460415605691,"Hoke County, NC",North Carolina
533,86,2.4267673628924595,2.173121768792515,test,2220,8943,51.2579671251258,48.74203287487421,64.85519400648552,1.0846472101084648,99.01185770750988,72.67786561264822,26.333992094861657,0.9881422924901186,16.906311487815948,76.9486907825034,6.144997729680643,29.617834394904452,47.00913874273054,23.373026862365,29.28883849019925,39.54317187753119,31.16798963226956,9.047619047619047,10.532089961601756,9.775770285529923,10.663317730334514,6.0,31.324241091069073,84.79262672811059,25.288018433179715,5.126728110599078,11.981566820276495,70376.0,0.3876,33890.0,72.50185597624349,3.7681753020684017,69.02654867256636,69.40092165898616,12.778761061946902,94.65437788018434,21.38053097345133,3.5023041474654377,6.0382422006038245,11.222222222222221,29.106563792910656,28.950016772895,35.70390249357039,12.512579671251256,34.06015878340602,11.32222222222222,8.785668099646314,-2.5365541225759056,"Sitka Borough, AK",Alaska
534,3039,3.4300367594122387,3.4881987872365823,test,54109,22866,49.54080293886119,50.4591970611388,97.72588122102684,0.7828216566080644,99.57081545064379,69.22133660331086,30.34947884733292,0.4291845493562232,13.428331936295054,84.54316848281644,2.0284995808885165,20.92110150156524,54.10410144850639,24.97479704992837,70.78693164338891,21.269919399495482,7.943148957115609,21.765406502271823,44.055522027761015,24.089868941127524,33.30700368615061,6.0,27.99198798197296,52.48396564844005,53.407979128166104,12.283943906946408,22.23067724752691,33730.0,0.455,19009.0,39.83794355965353,9.917239444522373,56.35021995175252,61.3522757169166,36.73903788846318,99.34227834780322,15.346956151553853,0.2104709287029729,0.3367445115017931,30.777777777777786,27.22819907285927,25.229598530569405,36.53459284527246,16.837225575089654,1.4912971223650833,30.87777777777778,32.72694639167492,1.8491686138971417,"Wyoming County, WV",West Virginia
535,1067,2.5203810379816605,2.2297224142701655,test,21161,17296,48.976641998149866,51.02335800185013,89.89939870490286,6.805041628122108,99.32268988872762,64.94920174165458,34.37348814707305,0.6773101112723754,13.72183372183372,84.52991452991455,1.7482517482517483,26.061084026383714,50.215084599942635,23.723831373673647,55.1249144421629,28.892881587953447,15.98220396988364,18.191997171312394,33.30081300813008,19.089479041362086,17.823297427747367,5.0,25.876625846200646,72.04572446555821,33.684679334916865,8.3729216152019,18.76484560570071,38824.0,0.5235,23773.0,58.607545702061465,6.278205468542607,66.46823460525032,62.38496932515337,23.197033278032595,97.62269938650309,14.999512052307992,0.0,0.3758094357076781,12.333333333333336,31.174838112858467,24.15009250693802,36.12974098057353,15.818686401480115,3.2955596669750236,12.433333333333337,9.297284927632584,-3.1360484057007536,"Mason County, KY",Kentucky
536,2681,1.9443215863701753,2.2413815726580495,test,48331,24344,49.650837988826815,50.34916201117319,82.3159710811699,8.445612882024317,99.96708360763658,63.643844634628046,36.323238973008564,0.03291639236339697,16.90591005943703,81.22687002355052,1.8672199170124484,25.606608156943732,49.664429530201346,24.72896231285493,56.09501595875275,27.252639332187577,16.652344709059662,17.412602051496755,35.94697820714446,16.752864157119475,21.607367099204687,6.0,32.79806423229212,69.13117911405949,39.28953563021613,8.880804622298307,20.918039803124326,38929.0,0.4727,22130.0,56.40507466037947,9.34514331210191,64.49070631970261,73.57928505957837,18.68401486988848,96.86067827681026,23.71747211895911,0.5499541704857929,25.0,6.8888888888888875,32.332402234636874,23.77587906671048,32.0982582977325,18.904042063752875,9.238416036805784,6.988888888888887,9.40631782597513,2.4174289370862425,"Milam County, TX",Texas
537,3063,1.8263398028248343,1.720464222865535,test,55047,18966,50.47980596857534,49.52019403142464,96.11409891384581,0.5378044922492882,98.95929694727104,74.81498612395929,24.14431082331175,1.0407030527289547,16.897987508674532,81.10340041637751,1.9986120749479528,22.84421460892049,55.52036199095022,21.635423400129284,54.338919925512116,28.77467411545624,16.88640595903166,12.170841361592808,25.44431279620853,10.85622218812337,11.887888314594765,6.0,27.934641416558428,73.32157702481422,38.85879833732208,3.8166015871016494,13.389595666960574,46780.0,0.4156,25466.0,64.82032818666482,5.575731681264687,70.76263285474549,69.43771859026097,18.28267760581764,98.65482916330372,14.917024053701287,0.645682001614205,4.55024781187388,6.1111111111111125,29.247073710851,20.3153010650638,36.470526204787504,20.36802699567648,3.3480965939048826,6.211111111111112,5.587121531916479,-0.6239895791946335,"Green Lake County, WI",Wisconsin
538,3032,2.1709566505156093,2.5425197876606616,test,54095,9033,49.41879774161409,50.58120225838592,98.737960810362,0.16605778811026234,99.61685823754787,73.78215654077724,25.834701696770658,0.3831417624521072,15.302541064158358,82.90046328794047,1.7969956479011653,23.49827996824557,51.56125959248479,24.940460439269646,62.82698485543827,25.85283769313141,11.32017745143032,19.767051181543287,42.16772151898734,20.88135593220339,19.321352829556872,6.0,31.09908409658618,63.46792035398229,41.84181415929204,8.545353982300885,18.169247787610622,38854.0,0.4587,21018.0,51.808749298934366,10.933694181326118,60.857512474588795,67.22835560720512,23.96969136943264,99.5932597327135,22.454259841064506,0.0,0.6420901140263479,8.666666666666666,26.237130521421452,22.68349385586184,37.42942544005314,19.661242112255067,1.0959814015277316,8.766666666666667,12.711661336825728,3.94499467015906,"Tyler County, WV",West Virginia
539,457,1.67189092708065,2.1797025180699947,test,13155,9408,50.99914965986394,49.000850340136054,68.56930272108843,28.47576530612245,99.57904583723106,57.43685687558467,42.1421889616464,0.420954162768943,14.462501863724468,79.67794841210676,5.8595497241687795,35.86842105263157,44.44736842105264,19.684210526315788,59.1374495811356,30.22029165373875,10.642258765125659,25.99163747316081,55.63689604685212,29.712521705575924,21.20460184976314,6.0,30.805230557467308,61.587982832618025,36.94052728387492,6.223175965665237,17.841814837522993,34156.0,0.4957,17576.0,50.39416926967128,6.78866587957497,51.40151515151516,45.46084546084546,23.143939393939394,100.0,29.22348484848485,0.0,1.0097789115646258,5.222222222222221,29.20918367346939,28.305697278911573,32.59991496598639,16.315901360544213,2.954931972789116,5.322222222222221,8.84367503385195,3.521452811629729,"Irwin County, GA",Georgia
540,1383,1.4891517465595983,1.4502423335905734,test,27151,9525,50.425196850393704,49.574803149606296,95.91601049868768,1.6377952755905514,99.46911196911196,66.6988416988417,32.770270270270274,0.5308880308880308,18.74143131340828,79.94241842610364,1.3161502604880724,24.53555413196669,56.066623959000644,19.397821909032672,50.044457617071714,33.7729697688204,16.182572614107887,12.450656139976529,26.196319018404907,11.253041362530414,14.859394972305072,6.0,28.619347913591838,75.8685889860553,37.81611912077523,3.9234223587804298,9.264949184589927,49035.0,0.4115,27202.0,67.93329688354291,3.782696177062375,77.21844571008634,69.19380672717566,16.99430461142752,98.34490122797651,8.543082858717616,0.0,4.125984251968505,4.333333333333333,27.65354330708661,23.73753280839895,33.60629921259842,20.90288713910761,2.446194225721785,4.433333333333333,4.264147736203329,-0.1691855971300038,"Swift County, MN",Minnesota
541,2408,0.6875761355104899,1.2966677519270202,test,46107,2307,47.59427828348505,52.40572171651496,93.23797139141745,0.0,94.6236559139785,63.44086021505376,31.182795698924732,5.376344086021504,22.430437251561614,76.66098807495742,0.9085746734809768,17.85158277114686,56.77218474312403,25.37623248572911,50.485991995425955,29.045168667810177,20.468839336763864,11.58564288959564,23.249299719887954,10.824417872876024,16.315553563424473,6.0,34.69055374592834,73.95833333333334,39.20454545454545,3.125,4.924242424242424,46081.0,0.4588,29158.0,62.967157417893546,0.3597122302158274,82.71604938271605,69.50998185117967,9.300411522633745,98.18511796733213,12.098765432098766,0.3629764065335753,0.8669267446900737,1.8888888888888888,25.05418292154313,18.162115301257046,34.93714781100997,26.744690073688773,6.762028608582575,1.988888888888889,3.6570900099701933,1.6682011210813044,"Potter County, SD",South Dakota
542,852,1.5846897427449065,1.66986515573955,test,19139,42913,49.896301819961316,50.10369818003869,91.9395055111505,1.5473166639479876,98.02414928649836,67.75521405049396,30.268935236004392,1.9758507135016463,13.407803449812233,83.79479345681371,2.7974030933740686,25.784003079747706,54.0969528265569,20.119044093695397,48.84360456917218,32.37202087152729,18.78437455930052,12.386965086749106,23.461806361736716,11.300353356890461,11.062927174169221,5.0,23.83602764141209,79.70633221168552,29.868461303150806,3.5240134597736312,11.924135821352095,53676.0,0.4104,25503.0,68.9154866975681,4.523886303957249,76.86138847393663,77.06270627062706,15.319600597531252,97.75577557755777,11.872002515921064,0.033003300330032986,16.917950271479505,4.777777777777779,32.01826952205625,26.768112227064055,32.90145177452054,14.855638151609073,6.513177824901545,4.877777777777779,5.311451530136505,0.4336737523587262,"Muscatine County, IA",Iowa
543,2540,2.5292778938193967,2.2470157306180703,test,48049,37833,49.607485528506864,50.392514471493136,91.5576348690297,4.305764808500515,97.88421297372706,65.44989537316903,32.43431760055801,2.11578702627296,13.097280525643365,81.10969154955283,5.793027924803798,23.42879483921415,48.62020656175675,27.950998599029088,52.42175273865415,29.64397496087637,17.934272300469484,18.341183356093754,43.351109581971436,17.290415974794563,13.675887180044565,5.0,32.17340524200474,68.80030086498684,38.7514103046258,7.273411056788268,15.095900714554345,41962.0,0.4629,21916.0,55.14648506774489,4.1741703112940565,63.12706308986936,62.51308900523561,14.277744200102287,98.99775617053105,26.096052815100656,0.014958863126402397,20.698860782914387,12.444444444444445,30.690138239103433,25.95088943514921,32.31041683186636,18.716464462241962,4.136600322469802,12.54444444444444,9.459464083044168,-3.084980361400273,"Brown County, TX",Texas
544,1960,2.7856968781925207,2.28816106197847,test,37153,46046,48.77513790557269,51.224862094427316,62.70903010033445,31.69439256395778,98.52442489231052,50.9852442489231,47.539180643387404,1.4755751076894876,16.745178206381656,81.14834236956716,2.106479424051196,32.600415980119394,41.13611193646849,26.263472083412115,55.829939729597655,31.33409350057013,12.835966769832218,25.748422305567413,63.87402537838251,27.47633950454357,19.087535765379123,5.0,29.498195566248498,66.52944044201288,36.20063918530957,7.0310384052868224,25.394073993824826,32687.0,0.4598,18059.0,56.84447205703973,13.495367960861866,52.49656095475331,47.75492468134415,24.52689891065918,98.49362688296641,27.092240770346137,0.4779837775202781,6.204664900317074,16.11111111111111,30.439126091300007,26.28892846284151,34.459019241627935,15.464969812795902,5.596577335707772,16.211111111111112,9.856794969584868,-6.354316141526244,"Richmond County, NC",North Carolina
545,572,2.2204104848050292,2.4810871360099327,test,16055,145046,49.44500365401321,50.554996345986794,94.37488796657613,0.3647118845056051,98.86700366044971,69.96397652663994,28.903027133809772,1.1329963395502876,12.81140423344532,81.42038883075398,5.768206935800703,24.559912797933244,53.17866982516672,22.261417376900035,36.22958165302049,40.50266813312151,23.267750213857997,13.016842119969544,19.708648610423587,13.570664089695232,13.441110794209509,4.0,35.23058087335056,75.33187997376865,34.224845358997534,4.52845571684302,13.434714024919801,49403.0,0.441,25744.0,63.68653724704137,7.489005777356214,69.43670150987225,73.45942911430669,12.305458768873406,98.53176145441984,21.927990708478518,0.13386880856760375,4.1786743515850135,9.111111111111107,30.365539208251175,26.841140052121396,33.021248431532065,16.294830605463094,5.260400148918273,9.211111111111105,11.954253255439157,2.7431421443280524,"Kootenai County, ID",Idaho
546,1057,2.2902875651836396,2.487261813707711,test,21141,26851,49.46929350862165,50.53070649137835,90.51059550854715,6.413168969498343,99.98457504241863,64.41462285978714,35.56995218263149,0.015424957581366652,15.837983260263051,80.60980470306895,3.552212036667996,21.785531993874997,49.66358869658021,28.5508793095448,61.99452054794522,24.756164383561643,13.24931506849315,19.27551560021153,37.81967923710447,20.03938652503432,16.151241534988717,6.0,25.01719901719901,69.12603495860165,40.947562097516105,6.145354185832566,16.881324747010122,38570.0,0.4202,19126.0,55.07289645220679,7.146729309721723,63.584329687102525,62.54287674365424,20.083948104807934,98.9480905556826,21.02518443144238,0.5030871255431054,2.7112584261293806,9.777777777777779,30.77725224386429,25.004655320099808,34.17749804476556,16.67349446947972,3.07623552195449,9.877777777777778,12.028295273961685,2.150517496183907,"Logan County, KY",Kentucky
547,1687,1.2006339030604214,1.8671352874286067,test,31079,60792,50.05592841163311,49.94407158836689,92.75233583366231,2.1976575865245427,98.92787524366473,64.48586744639377,34.44200779727096,1.0721247563352825,14.005660247118106,79.38841720162905,6.605922551252848,27.225309233356754,48.11266526154437,24.662025505098892,49.66186792356166,32.002151749577344,18.335980326861005,15.262203719868396,28.05991669336751,14.709443099273608,11.720403232525205,4.0,28.1237317942012,81.89720501047563,28.253020104310608,3.610752017117639,13.328578433557706,49252.0,0.4251,23995.0,73.77538143856832,5.616544860830354,69.23356948839293,69.21513843027685,12.25112710369354,96.32969265938532,21.788804570020442,1.5494030988061978,25.528030003947894,3.2222222222222223,33.946900908014214,28.54322937228584,30.597776023160943,13.819252533228054,5.050006579813133,3.3222222222222224,6.469735892975814,3.147513670753592,"Hall County, NE",Nebraska
548,2184,2.267533454935127,1.992237628942884,test,40119,79423,51.11365725293679,48.88634274706321,80.74235422988303,3.7256210417637208,99.58680396143505,68.49216239260181,31.094641568833215,0.4131960385649636,16.924532005639133,66.42218534182773,16.653282652533147,44.1169382775552,39.324336536434004,16.558725186010786,36.05296580271885,27.03325650312809,36.91377769415307,25.92067988668555,32.75575391616347,35.607305053628366,11.180195592778897,5.0,18.809393773894048,79.52857711178889,24.903858904654555,3.434557750961411,11.11589974804403,37667.0,0.5094,21469.0,61.58423382681963,6.1193991394192375,75.1650723391802,71.14278869190224,10.047006749218076,97.28078581696215,17.394326267078814,0.33540967896502155,4.360197927552472,9.555555555555557,29.17290961056621,46.427357314631784,23.499490072145342,10.794102464021757,15.53202472835325,9.655555555555557,7.3319215404342994,-2.3236340151212573,"Payne County, OK",Oklahoma
549,363,2.89591193827178,2.6859615103303724,test,12099,1378806,48.34450966996082,51.65549033003918,74.98799686105224,17.972434120536175,99.39262855233343,61.64049045060792,37.75213810172553,0.6073714476665406,15.31472340926742,78.17410364284845,6.511172947884115,30.18826743208142,43.43255258834157,26.37917997957701,37.72482438653232,28.707256013217936,33.567919600249745,14.510432820313726,28.45821394233057,14.440246369493352,11.884941085525545,2.0,24.963725114161853,70.2239971567793,39.33128197454195,3.5882567503109772,10.915909877386103,53363.0,0.5152,33650.0,61.793079227806,9.1706036279246,65.10638567339598,56.136447416925584,11.202664707819347,95.91803149191635,25.756224828389783,1.561101163831692,20.370668534949807,18.0,25.554719083032712,25.158941867093702,32.645709403643444,22.394085897508425,7.039569018411584,18.1,14.672302170255776,-3.4276978297442255,"Palm Beach County, FL",Florida
550,41,1.7127964254212538,2.3954357308998473,test,1083,88805,50.25167501829851,49.74832498170148,81.05399470750521,12.866392658071055,99.744578313253,71.60481927710845,28.13975903614457,0.25542168674698795,12.559437506820698,85.40292783312286,2.037634660056437,25.53167752102305,52.59179717461336,21.876525304363593,48.95908465018688,27.79981640548161,23.24109894433152,14.250141616314199,22.75709854450012,14.777179455069144,13.95200754672484,3.0,29.48495199952883,75.6030174153292,32.37823239064973,5.780275044236799,14.071958526060907,49570.0,0.4604,25569.0,62.991179455155724,7.454955513147786,72.41188797866259,69.29528750540422,11.781291674604685,97.94206658019888,19.38845494379882,0.06917423259835713,5.784584201340015,5.4444444444444455,29.880074320139627,27.695512640054048,35.546421935701815,13.350599628399301,6.079612634423738,5.544444444444445,10.972978283260465,5.42853383881602,"Limestone County, AL",Alabama
551,1403,1.895451927785184,1.639361196242554,test,28017,17391,48.11109194410903,51.88890805589098,54.75245816801794,43.40750963141854,99.77298524404085,44.49489216799093,55.27809307604994,0.2270147559591373,14.326330753435473,82.964776496604,2.7088927499605115,33.55129322871258,41.97907585004359,24.46963092124383,65.06619593998235,24.2188879082083,10.714916151809355,26.314864706571388,63.07977736549165,28.252073639490188,15.995551913847597,6.0,16.790009250693807,68.41455891425046,35.394818013571864,10.641579272054287,21.97717458359037,30926.0,0.4866,17538.0,58.11109357740256,12.152070604209097,57.92424987702903,56.476683937823836,22.252828332513527,97.48903945795138,26.17806197737334,1.1558389796731765,4.0480708412397215,6.5555555555555545,32.58582025185441,26.887470530734287,32.6893220631361,15.042263239606696,1.8400322005635101,6.655555555555554,5.151877422191689,-1.5036781333638647,"Chickasaw County, MS",Mississippi
552,2142,2.4169053500233435,2.3778394226211974,test,40035,14744,51.17335865436787,48.826641345632105,65.97938144329896,3.228431904503527,99.69343960760271,66.89147762109135,32.801961986511344,0.30656039239730226,15.332115735845427,82.08209170431606,2.5857925598385085,26.576091458868362,46.94722889570043,26.4766796454312,55.706203667577064,30.384315255559894,13.90948107686305,19.02002861230329,35.481171548117146,20.277684469824205,22.222222222222214,6.0,32.0066190559136,69.78589885566629,38.962716869693615,4.761904761904762,12.255444813584347,38876.0,0.4245,19623.0,56.805064233848455,6.06358570960341,59.78354445947608,64.76445806204521,19.23502644201205,97.2041363462275,26.8478661911204,0.4212945231711988,3.1199131850244166,11.111111111111107,28.384427563754745,25.284861638632666,34.081660336408035,18.509224091155726,30.7921866521975,11.211111111111107,10.78158323622486,-0.4295278748862472,"Craig County, OK",Oklahoma
553,3055,1.9909138641722421,2.170117073267459,test,55031,43799,49.918947921185406,50.08105207881458,92.94732756455628,1.102764903308295,98.60715069094101,60.616363237552086,37.990787453388904,1.3928493090590042,17.978439085913337,77.13882465992012,4.882736254166542,31.88861317893576,45.712710228839256,22.398676592224973,39.859201047806145,37.64243614931237,22.498362802881466,15.84151406456485,26.084507042253517,17.018520463536742,14.278439995370906,3.0,35.311940901483226,74.75916258543674,33.93789354717185,5.38184166621818,15.64501372369625,47095.0,0.4148,25191.0,66.27736369505253,6.822810590631366,68.12831504759137,69.0018315018315,22.42243696868416,98.73321123321124,13.68524304294122,0.1221001221001221,1.3424964040274892,7.222222222222222,27.258613210347267,28.59882645722505,34.88207493321765,15.680723304185028,5.9499075321354375,7.322222222222222,8.759309461694338,1.437087239472116,"Douglas County, WI",Wisconsin
554,628,1.9120085973796321,1.7875224388405895,test,17079,9635,49.870264660093405,50.129735339906595,97.73741567202906,0.3425012973533991,98.52398523985241,84.50184501845018,14.022140221402216,1.4760147601476017,13.878378378378384,83.35135135135134,2.7702702702702706,22.99847016828149,58.47781744008161,18.523712391636924,49.51241134751773,32.860520094562645,17.62706855791962,9.24255140579102,11.116937598321972,9.919928825622776,15.963226076055165,6.0,27.51407884151247,74.0015868817773,33.721237767786306,4.231684739486909,10.314731552499339,54209.0,0.3871,25303.0,65.88330632090762,5.473554735547356,75.63478260869564,60.64087061668681,17.09565217391304,95.46553808948003,11.91304347826087,1.2091898428053205,1.276595744680851,6.666666666666668,28.240788790866638,23.217436429683445,36.63725998962117,17.644006227296316,1.9200830306175405,6.7666666666666675,5.974631598970247,-0.7920350676964203,"Jasper County, IL",Illinois
555,2967,2.4069451083182885,2.413842680858026,test,53043,10363,50.29431631766863,49.70568368233137,94.10402393129402,0.27019202933513464,99.86737400530504,77.14412024756851,22.723253757736515,0.1326259946949602,15.423197492163007,82.14420062695925,2.4326018808777428,19.302352803464824,56.04588552030903,24.651761676226148,42.04530223830586,37.314032971451546,20.640664790242592,15.273296176786936,29.438982070561018,15.18166089965398,20.256009380496387,6.0,41.66872988363456,64.8741418764302,46.933638443935926,4.668192219679634,13.203661327231126,46069.0,0.4131,24951.0,52.84226377211696,4.606981714557112,66.70210880737196,57.73860705073087,21.105794790005323,98.96818572656922,16.95906432748538,0.1289767841788478,2.8659654540191064,11.0,28.071021904853808,19.366978674129108,35.75219531023835,23.024220785486822,5.625784039370839,11.1,11.176827712953386,0.07682771295338675,"Lincoln County, WA",Washington
556,1845,2.25595925165399,2.129310040112614,test,36047,2595259,47.355620383167924,52.644379616832076,43.391083510354854,33.54058304007423,99.72757236152007,61.49656234102173,38.23101002049836,0.2724276384799068,13.81086981688982,78.1524343828727,8.036695800237483,43.85791291771464,35.50875787844128,20.633329203844074,46.912304172449815,20.24616756748348,32.8415282600667,23.20778010950394,49.029473412339705,25.410239110796013,9.904148781763434,1.0,6.778821618063168,77.97283925708264,23.09843676552341,8.769610189464103,24.962706029066762,48201.0,0.517,26774.0,65.31326060204037,9.858462596008405,56.79880930614957,36.53674218020695,28.973032528981644,93.80103080584298,17.082823966358475,1.8344794036051908,19.62204928294248,9.444444444444443,29.32705367749423,34.76138605048667,29.908382939814487,11.91645997567102,23.06833344957093,9.54444444444444,8.40906289334812,-1.1353815510963212,"Kings County, NY",New York
557,1949,1.895451927785184,1.8487395122146684,test,37131,21011,48.374660891913756,51.625339108086244,39.955261529674935,56.81309790109943,97.98228346456692,24.33562992125984,73.64665354330708,2.017716535433071,16.457418516915084,80.7718473622364,2.770734120848537,33.517911628432586,36.95897841564019,29.52310995592723,59.615384615384606,29.10958904109589,11.275026343519494,28.14645308924485,105.66334556895649,29.05798835447077,23.090217767023848,5.0,25.96221959858324,61.01969872537661,47.40440324449594,12.004634994206256,31.471610660486675,30429.0,0.469,18180.0,52.441285537700864,16.028285209192696,55.790011061005686,53.557714027558184,23.023908789245297,99.57081545064379,24.98936441759551,0.3614185678789248,1.860929989053353,6.5555555555555545,25.34862690971396,21.617248108133836,36.90923801818095,22.09794869354148,3.231640569225643,6.655555555555554,6.351808097988845,-0.3037474575667094,"Northampton County, NC",North Carolina
558,2218,2.4069451083182885,2.952602789285592,test,41033,83409,48.95634763634619,51.04365236365381,92.95879341557863,0.3416897457108945,98.94949001404751,61.92512062541989,37.02436938862761,1.050509985952483,15.321257066439733,78.94200960427938,5.736733329280895,23.54747047820313,48.90551597104222,27.54701355075464,43.03563240977271,40.220737538481686,16.743630051745598,20.141732283464567,43.14608726373432,21.50510063918243,19.238346164537532,4.0,42.7091430963344,59.509948735772,48.00301213543026,5.8504938164335165,24.033365192458078,37665.0,0.4715,22470.0,48.45318860244233,11.963657861165562,55.12220265452515,69.20781060299474,29.513337055968385,98.3963982193444,20.490958292169573,0.030352084176446782,6.87096116726013,11.0,25.565586447505666,21.226726132671534,34.929084391372626,24.057355920823888,6.69951683871045,11.1,19.155747272828116,8.055747272828116,"Josephine County, OR",Oregon
559,2388,0.43466426280042675,0.9366908061308055,test,46067,7226,49.626349294215316,50.373650705784684,96.31884860226955,0.1937448104068641,100.0,77.5212636695018,22.47873633049818,0.0,18.831168831168828,80.35714285714286,0.8116883116883116,27.056019070321806,55.355014473012105,17.5889664566661,45.49220753600316,27.835865062142435,26.67192740185441,13.348709816923742,18.168389955686852,14.601674898003006,15.222683660317914,6.0,27.390833634067125,77.0224337185588,34.39836845683209,3.569000679809653,8.66757307953773,45075.0,0.475,27880.0,70.84504403222785,2.724147051044697,80.18348623853211,70.43363994743758,10.563564875491481,98.68593955321943,12.660550458715598,0.0,1.882092443952394,1.4444444444444444,29.905895377802377,21.035150844173817,31.760309991696648,23.899806255189592,3.4874065873235534,1.5444444444444445,2.551523944942007,1.0070795004975623,"Hutchinson County, SD",South Dakota
560,103,2.743703304335216,2.801113078352727,test,4017,107656,50.14490599687896,49.85509400312104,48.4004607267593,0.6697257932674444,99.7859025032938,54.78919631093544,44.99670619235837,0.21409749670619235,11.467472715600257,85.239674727156,3.2928525572437404,35.49307055653989,40.67741074245771,23.82951870100241,48.018165574746895,37.24538415723645,14.736450268016677,30.61280859494057,67.92113688704151,36.42094172358669,17.727423560085327,5.0,27.412252298925015,66.1314424682821,37.55750241729907,9.341029622901344,27.393126080459428,35921.0,0.4766,16486.0,52.24200615269879,19.264301009483024,40.54655011457184,50.61827624582664,38.14817958075193,96.24088042537407,24.76958329797165,1.8115494002720416,11.058371107973548,15.444444444444445,35.93947387976518,26.34130935572564,30.22869138738203,15.156609942780712,50.92981347997325,15.544444444444444,16.462961142210343,0.9185166977658987,"Navajo County, AZ",Arizona
561,401,2.1054882506179364,1.877572641356595,test,13043,11031,48.42715982231893,51.57284017768107,66.76638564046777,24.3586256912338,100.0,49.86004198740378,50.13995801259622,0.0,12.043610547667342,80.7555780933063,7.2008113590263685,27.500000000000004,40.99537037037037,31.504629629629626,61.05633802816901,23.56338028169014,15.380281690140846,31.822438658924888,87.7523553162853,36.1408353469106,18.62434847356664,6.0,32.0156651572635,71.47608083908928,32.335635712458426,9.235098490662573,23.970324891276544,30185.0,0.519,16897.0,56.98706568602586,8.05518469069871,47.10375556970083,57.553058676654175,19.12794398472311,95.44319600499377,37.810311903246344,2.5593008739076155,11.231982594506393,8.11111111111111,33.60529417097271,27.44084851781344,30.622790318194173,16.027558698214126,8.874988668298432,8.211111111111109,6.537616446761877,-1.6734946643492314,"Candler County, GA",Georgia
562,1751,3.027984317391179,2.480686897365481,test,32021,4566,53.28515111695138,46.71484888304862,66.688567674113,1.314060446780552,99.74587039390087,38.881829733163904,60.86404066073698,0.25412960609911056,21.091205211726386,72.8827361563518,6.026058631921824,30.70063694267516,36.71337579617835,32.5859872611465,43.81956649091974,44.84475688342121,11.335676625659053,20.23650156180277,59.877800407331975,19.876783398184177,24.93309545049064,6.0,57.462090981644046,68.39195979899498,46.03015075376885,3.2160804020100504,18.040201005025125,38923.0,0.4221,24146.0,58.831484987827956,15.448275862068966,61.58718330849479,59.23000987166831,23.09985096870343,93.97828232971372,23.397913561847982,0.7897334649555774,12.374069207183533,20.555555555555557,22.514235654840125,23.3245729303548,36.39947437582129,22.60183968462549,31.997371879106442,20.65555555555556,11.949469658674767,-8.706085896880792,"Mineral County, NV",Nevada
563,1820,2.158201375540483,2.277361119569191,test,35059,4339,55.81931320580779,44.18068679419221,79.09656602903895,2.834754551740032,100.0,73.4207389749702,26.5792610250298,0.0,19.389524800554977,79.11897329171002,1.4915019077349982,29.663774403470715,40.64533622559653,29.690889370932755,55.231065468549424,27.663671373555843,17.105263157894736,13.441295546558704,18.61471861471861,14.677804295942721,16.389038151531437,6.0,30.942857142857147,68.120590121873,37.84477228992944,4.425914047466325,11.674150096215525,36070.0,0.4856,21705.0,59.20915712799167,2.10896309314587,52.9128550794415,54.46650124069479,18.873375060182948,97.64267990074444,29.658160808858927,1.8610421836228288,40.81585618806177,8.555555555555555,24.314358147038487,30.12214796035953,31.458861488822308,19.082737958054853,18.068679419221017,8.655555555555555,9.750914929879842,1.0953593743242873,"Union County, NM",New Mexico
564,2616,2.3014733641413554,2.2746640256969863,test,48201,4356362,49.73707419172236,50.26292580827764,63.12172863503997,18.86174748563136,99.42138299143733,63.84565275573189,35.57573023570543,0.5786170085626899,12.517039518893199,82.52022758369951,4.962732897407307,35.54874657625137,43.57811365428972,20.87313976945889,43.73928009016976,26.80648537630586,29.454234533524374,17.962229987264053,36.66317183982314,17.142592391241397,9.293835483901471,1.0,16.291283628930554,86.41632567047766,19.481863626421113,4.235399405679654,13.672368905415572,54457.0,0.4985,29047.0,70.81746526876208,7.26258086375845,59.942132205653245,49.61207751145246,11.227835892870393,92.3928582608968,30.79308554047036,3.5458254635765045,41.564957182162544,9.888888888888893,34.24933465125258,33.30026292580828,30.437507259497718,8.939362706772302,18.016523879328663,9.98888888888889,9.724651230725966,-0.26423765816292466,"Harris County, TX",Texas
565,1460,2.376454941560501,2.06342748057656,test,28131,17978,50.83991545221937,49.16008454778062,78.69062187117586,19.190121259316946,100.0,60.102614219398966,39.89738578060103,0.0,7.993326255119065,88.41195207037771,3.594721674503261,27.998902003842982,46.973648092231684,25.027449903925337,50.81307771311194,35.74118452584732,13.44573776104074,17.94886626561777,30.22508038585209,19.53047404063205,17.379571682838606,6.0,34.122502172024326,74.67036780013879,30.98542678695351,6.7661346287300494,22.6058292852186,45025.0,0.4048,19484.0,56.67217051936355,9.852999602701633,59.023373799601366,62.59842519685039,19.46910672223229,94.66316710411199,25.19478166334481,2.712160979877515,1.6742685504505508,10.666666666666666,31.227055289798642,30.598509289131158,33.279563911447326,13.216153075981754,2.119256869507176,10.766666666666664,7.87290785789351,-2.8937588087731543,"Stone County, MS",Mississippi
566,2916,2.3555991282796627,1.9025858347188904,test,51595,5672,45.927362482369524,54.07263751763046,39.174894217207324,55.14809590973203,100.0,46.00760456273763,53.99239543726235,0.0,22.56497449599223,75.75904785037648,1.675977653631285,31.72113289760349,35.66448801742919,32.614379084967325,57.91348600508906,23.994910941475826,18.091603053435115,34.945940993219715,111.07544141252006,41.51007857874957,21.78852849551035,6.0,25.476245122790914,67.91378609190728,40.26026840178936,9.272061813745424,32.370882472549816,28601.0,0.5269,20417.0,60.67117334620957,18.066056506167925,50.07671064743786,70.78142695356739,27.278306228904572,99.32049830124576,28.56704510586069,0.0,3.0148095909732016,10.444444444444443,28.63187588152327,23.483779971791254,34.76727785613541,18.56488011283498,5.677009873060649,10.544444444444443,6.7032054322885575,-3.841239012155885,"Emporia city, VA",Virginia
567,2484,2.3555991282796627,1.8931431483110603,test,47127,6351,48.38608093213667,51.61391906786332,94.36309242638956,3.857660210990397,95.88189588189587,71.17327117327117,24.70862470862471,4.118104118104118,11.84528605962933,84.18614020950847,3.968573730862208,21.986481411941423,56.36500187758168,21.648516710476905,53.032928942807615,29.397746967071058,17.569324090121313,10.767246937459703,30.30623020063358,8.302462410111135,15.694422247083269,5.0,39.98815165876777,77.66911165444172,35.49307253463733,5.745721271393642,8.720456397718012,49427.0,0.4788,28841.0,64.46680080482898,6.647940074906367,78.13591189900619,69.84763432237371,13.1614289551437,100.0,13.537469782433526,0.0,0.3778932451582428,10.444444444444443,26.32656274602425,22.97276019524484,36.02582270508581,20.736891828058575,1.7792473626200602,10.544444444444443,6.640207070451558,-3.904237373992885,"Moore County, TN",Tennessee
568,779,2.7578980068297776,2.634216783903298,test,18177,67866,48.513246692010725,51.48675330798928,90.02888044086878,4.805057024135797,98.68368831856066,58.076465140891656,40.60722317766901,1.316311681439344,16.077388923310615,80.21106069993805,3.711550376751344,26.553345388788422,46.65461121157324,26.792043399638338,54.5919357970358,28.00465989256359,17.40340431040062,21.06684258165473,49.252683318286685,21.26705559037655,17.53334332384235,5.0,31.969362931427703,70.75235571260306,38.94655477031802,5.418138987043581,17.097320376914016,38494.0,0.4736,22093.0,59.82785026074482,8.703541686918765,62.47951125018626,61.915702041177,17.568171658471165,98.7099054519749,23.14607857745989,0.04418132013784572,2.6861756991718977,15.666666666666664,29.38437509209324,26.155954380691362,33.89768072377921,17.512451006394958,5.166062534995432,15.766666666666667,13.93239611188942,-1.8342705547772482,"Wayne County, IN",Indiana
569,2075,2.2442495159810822,2.155746975617596,test,39077,58937,49.351001917301524,50.64899808269847,94.7537200739773,1.128323464037871,98.02214121776696,68.16524908869988,29.856892129067106,1.9778587822330231,12.659689976205328,84.20079931619195,3.1395107076027453,26.34729258855469,51.37134184142457,22.28136557002073,60.186996620849115,26.725780634670606,13.087222744480298,13.506122729774349,24.76378629101529,12.859323656498225,13.464336454357165,5.0,27.006869034934606,75.52714520353355,33.24899010076797,5.406845119190304,17.1438717982865,48745.0,0.4059,23158.0,65.70963377439402,6.917009841557897,72.53919922597534,68.2376565083865,17.845251984860987,98.59437751004015,13.625110270054922,0.4488542404913772,6.003020174084193,9.333333333333334,31.89507440147955,26.265334170385326,33.73771993823914,14.861631912041672,4.117956461984831,9.433333333333334,8.634337410226234,-0.7989959231070998,"Huron County, OH",Ohio
570,1683,1.62924053973028,1.176182472616991,test,31071,1933,49.249870667356454,50.75012933264354,97.98241076047594,0.6207966890843248,100.0,73.28431372549021,26.715686274509807,0.0,23.020134228187924,76.10738255033556,0.87248322147651,18.27822832189645,55.45851528384279,26.26325639426076,45.43509272467903,38.3737517831669,16.19115549215407,10.200845665961944,7.774798927613943,12.368024132730017,14.436248682824026,6.0,36.59016393442623,74.75083056478405,47.951273532668885,6.423034330011076,9.080841638981171,43179.0,0.3942,23612.0,67.6510067114094,3.571428571428571,72.72727272727273,68.60000000000001,14.242424242424242,99.0,18.282828282828287,0.0,1.2415933781686497,5.0,25.40093119503363,20.58975685463011,30.78116916709777,27.521986549405074,1.3967925504397307,5.1,3.241974223944437,-1.8580257760555625,"Garfield County, NE",Nebraska
571,2282,2.5203810379816605,2.068226686775289,test,42089,167881,49.324223706077525,50.675776293922475,78.09877234469656,13.614405441949954,99.29039151757584,68.2429655607003,31.04742595687553,0.7096084824241758,9.309022603079981,85.60606060606061,5.084916790859414,33.32878306726251,47.483223887459964,19.187993045277548,46.975647379012614,29.987322807421922,23.03702981356548,12.527078870614432,19.13864578535237,13.038489164520595,14.018204370726798,4.0,26.350130725430866,78.21351903241008,34.928530289543964,5.042148803602284,13.26247447510341,57365.0,0.4038,25022.0,65.70529788621629,11.561591368217009,73.34701258303583,67.15387222504661,15.023751299997187,98.01304863582443,15.907280921194403,0.9659379766141332,14.241635444153895,12.333333333333336,30.07189616454513,26.405013074737465,37.462250046163646,14.345875947844007,8.286822213353506,12.433333333333337,7.9107823772060675,-4.52255095612727,"Monroe County, PA",Pennsylvania
572,2462,2.8773240425036892,2.393597606384671,test,47083,8290,49.43305186972257,50.56694813027745,94.31845597104946,2.689987937273824,99.37856033143449,70.84412221646815,28.53443811496634,0.6214396685655101,14.120709289084107,83.74816983894583,2.1311208719700665,22.559425923157423,55.10539692031693,22.335177156525642,66.77706118180234,22.69478821683807,10.528150601359597,23.1055900621118,58.71946082561078,23.246052368578855,21.279486229467704,6.0,33.30712376159774,70.58823529411767,43.76347397597783,7.329842931937172,19.741299661225746,39401.0,0.4058,18234.0,52.6273110606552,7.704160246533128,64.33862433862434,59.81956974323387,23.23809523809524,98.6120749479528,18.201058201058203,0.6245662734212353,2.074788902291918,17.666666666666668,29.553679131483715,23.6670687575392,34.10132689987937,18.93848009650181,2.9915560916767188,17.76666666666667,10.952827108731197,-6.813839557935472,"Houston County, TN",Tennessee
573,3054,1.928295602354331,1.962876235566246,test,55029,27731,49.18322455014244,50.816775449857566,96.61750387652808,0.540910893945404,98.95231986316013,77.33589908060723,21.616420782552925,1.0476801368398547,16.23637406769937,82.10424114038571,1.6593847919149125,19.646069531021208,61.314479354055976,19.03945111492281,39.27920347777311,31.01949235731314,29.701304164913754,10.125562836329024,19.10401647785788,9.793390429186626,12.883815914229453,6.0,31.07943681557449,70.46576187538557,41.40962368908082,3.30814312152992,10.919185687847008,51928.0,0.441,30920.0,60.53326293558607,6.192760575665067,78.40491574813126,72.74560645347162,15.16533637400228,98.50187265917604,10.832383124287343,0.05762028233938346,2.636039089827269,6.777777777777778,21.849194042768026,19.13021528253579,38.23518805668746,25.707691752911906,2.8415852295265225,6.877777777777777,7.119775795743712,0.24199801796593512,"Door County, WI",Wisconsin
574,1837,1.8440707637960658,2.2739834821857485,test,36031,38912,52.125308388157904,47.87469161184211,93.04584703947368,3.068462171052632,99.74977921695614,65.01324698263173,34.7365322343244,0.2502207830438622,15.474930885013142,82.00621181610293,2.5188572988839213,28.71966127974239,47.316476832250004,23.963861888007635,45.690697433417384,30.15302773843656,24.156274828146053,10.675512665862485,18.495792426367466,10.562541855792839,16.05658371719044,6.0,34.32663504742885,73.21194655488604,41.23002357872675,7.315954938433325,12.280586848310193,52758.0,0.4168,26805.0,63.56879812520923,7.920792079207921,72.33000988053536,72.58022093634929,20.996137608910445,98.31667543398213,11.191951854845954,0.17096265123619148,2.970805921052632,6.222222222222222,23.5814144736842,25.562808388157894,36.58254523026316,20.22255345394737,3.8856907894736836,6.322222222222222,9.718035433855997,3.395813211633775,"Essex County, NY",New York
575,1091,2.25595925165399,2.237261339806527,test,21209,50178,49.29052572840687,50.709474271593116,88.59460321256327,5.185539479453147,98.8603334863087,71.026464739177,27.833868747131714,1.1396665136912958,11.19707295274271,85.07987934309016,3.7230477041671337,26.12262631942137,54.141641321849356,19.735732358729265,41.61296319246499,30.60788201759821,27.7791547899368,11.00470568810369,18.533145275035263,10.346313683238415,11.866001882221019,3.0,28.00366695427093,82.68823625210358,24.803213723467774,4.956299875142499,14.716899191140545,63027.0,0.414,28232.0,71.8583014620121,6.77185565453722,78.22071435302988,72.36789829161701,12.075519115383408,96.64282876440208,12.832595105707915,0.6952721493841876,4.256845629558772,9.444444444444443,33.09219179720196,30.52134401530551,33.13603571286221,10.287376938100364,6.2198573079835775,9.54444444444444,9.367641339038064,-0.17680310540637656,"Scott County, KY",Kentucky
576,3106,2.0059743897979634,1.725919529575872,test,55131,132921,49.5632744261629,50.43672557383709,95.78697120846216,1.035953686776356,99.00087020981724,77.96113062816256,21.039739581654686,0.999129790182744,12.175656627821565,85.23455956800541,2.5897838041730363,23.21901944917264,59.378110146868686,17.402870403958666,36.72319439337241,34.41630075057861,28.86050485604897,5.605807236242019,7.96313298961791,5.3407324731137935,9.864747111195301,2.0,24.99239084545071,81.24657352968977,30.30228557385107,2.3819876363498875,7.524056184660755,69237.0,0.3987,33744.0,73.28895360931973,4.180690158549937,86.50361652568346,67.53367394333489,10.109108740958686,98.78206120658513,6.636018143925463,0.08257212158744902,2.898714273892011,7.333333333333332,29.782351923322878,24.131627056672762,37.50122253067612,15.022456948112035,3.1770751047614754,7.433333333333334,5.617684282293091,-1.8156490510402428,"Washington County, WI",Wisconsin
577,2079,2.4169053500233435,2.310764275547065,test,39085,229437,48.834756381926184,51.165243618073816,92.5522038729586,3.7021055888980414,99.42798564838543,71.04869297796002,28.37929267042542,0.5720143516145566,15.805130343168464,81.03981565470187,3.1550540021296607,27.89586891883343,50.871449357879406,21.232681723287147,42.20951001393296,31.519797695844048,26.270692290222996,8.856546286854455,13.491263046792545,8.735007782219919,11.590780151201296,2.0,27.794454844534048,77.73348098929495,32.03817961293044,3.9613985128935294,9.766387175025047,58029.0,0.4167,30094.0,68.59334751931907,5.715381977892793,79.69927497410622,70.14124659841907,11.333261902210793,96.95218349099392,11.3396907032394,0.13217571595179475,3.837654781051007,11.111111111111107,27.49425768293693,24.624188775132176,36.68981027471593,17.408700427568352,3.7456905381433687,11.211111111111107,10.082127234499803,-1.1289838766113043,"Lake County, OH",Ohio
578,757,1.928295602354331,2.37290835769622,test,18133,37650,53.03320053120849,46.96679946879151,93.1527224435591,4.1248339973439565,99.56844234659474,61.092380310182065,38.47606203641268,0.4315576534052597,12.337715358863392,85.17187882746795,2.4904058136686538,34.05684590766501,43.28717639975917,22.655977692575807,54.82695810564663,29.941307427646226,15.231734466707143,10.192543267267645,18.61633182112768,9.34879571810883,15.363356024902544,2.0,26.40589230616105,75.53166258202229,37.24405091311567,4.688117637757926,10.119377025851843,51355.0,0.4094,22983.0,61.334619952494066,7.061599903182862,76.4743766675867,70.20745293891663,11.468396356610546,98.34805993084902,14.702364522955197,0.0768344218209758,1.7662682602921649,6.777777777777778,28.329349269588324,32.92430278884462,32.49667994687915,14.640106241699867,2.7224435590969454,6.877777777777777,10.728549413366368,3.8507716355885906,"Putnam County, IN",Indiana
579,1168,1.8786165133213217,2.1829971004350757,test,22123,11454,50.32303125545661,49.6769687445434,81.59594901344508,16.736511262441066,99.13169319826338,66.8234442836469,32.3082489146165,0.8683068017366137,15.844714213454733,82.22053616590793,1.9347496206373287,26.14443351906479,44.466295203758335,29.38927127717688,68.98685228151585,19.902036607373034,11.111111111111107,25.79372534285177,79.8286090969018,24.048253172489424,14.295075828496534,6.0,22.05983889528193,70.15828677839852,37.779329608938546,9.68342644320298,14.851024208566107,31926.0,0.4799,19353.0,55.683253346804754,12.020866409616694,51.54066341134872,60.13137948458819,14.244822360666781,97.42294087923193,37.61576022899478,0.3537139969681657,2.898550724637681,6.4444444444444455,30.35620743844945,26.104417670682732,32.0761306093941,17.68814387986729,1.6675397241138463,6.544444444444445,8.872859298244563,2.328414853800118,"West Carroll Parish, LA",Louisiana
580,2134,2.8455551700866035,2.4022655968148205,test,40019,48442,48.439370793939155,51.56062920606086,74.65835432063085,6.975351967301103,98.58685941687644,66.06838300982702,32.51847640704946,1.413140583123528,15.385703774973116,79.47252249702869,5.1417737279981885,25.445738971069517,47.09255138107083,27.461709647859674,53.83872976338729,27.400373599003736,18.76089663760897,15.25213702140172,26.245051052302564,15.422885572139304,17.607445362333998,5.0,29.96261941021736,74.7187552471036,34.734426596518716,7.018525773772877,14.009066995018749,44531.0,0.4521,22870.0,61.52372365603517,5.715332478475911,64.3666761122131,64.7107438016529,15.627656559931994,97.64462809917356,23.44148483989799,0.27548209366391185,6.395276825894884,17.11111111111111,32.07753602245985,26.262334337971183,32.7195408942653,15.57945584410223,18.36629371206804,17.211111111111112,11.048178765906377,-6.1629323452047355,"Carter County, OK",Oklahoma
581,319,2.638263363714082,2.549978861253705,test,12011,1843152,48.54835629400071,51.45164370599928,62.61746182626282,27.83747623636032,99.31392369590456,61.045528243724725,38.268395452179824,0.6860763040954402,13.919460886527204,79.82192103316069,6.2586180803120985,34.060900525441944,39.7878411689349,26.15125830562315,39.428281329931224,29.751559169127283,30.820159500941486,14.548638185524135,24.795858781938982,15.048078854140725,11.261303304355607,2.0,17.868716238524218,79.09796444492186,29.01337343573769,4.32488318384446,13.99600766242369,51968.0,0.4788,28381.0,68.56691613724863,9.735162997765867,64.19356758999878,42.475122101239684,10.992589934078104,93.12608463245148,26.828251943966823,3.322544977922924,26.96418960563209,13.888888888888893,27.851473996718664,28.30688950233079,34.95729055444152,15.01232670989696,9.54506193737684,13.98888888888889,12.806833059406783,-1.182055829482108,"Broward County, FL",Florida
582,1082,2.707309185877491,2.528127884971375,test,21191,14514,49.86220201185064,50.137797988149366,98.1535069587984,0.5718616508198979,95.21971496437055,65.85510688836105,29.364608076009503,4.780285035629453,12.095665719783744,85.47603775313846,2.428296527077797,22.11554800339848,53.58538657604078,24.29906542056075,63.999189627228525,25.22285251215559,10.777957860615883,15.333940710631435,29.90314769975787,15.068207851713009,16.36842835344708,2.0,20.536515341826664,74.02912621359224,36.16504854368932,4.854368932038835,15.459297983569828,48353.0,0.4373,23725.0,62.40723981900452,6.046983758700696,70.81318681318682,58.051282051282044,21.923076923076927,97.12820512820512,12.41758241758242,1.0256410256410255,1.0954940057875155,14.888888888888893,29.778145239079514,25.244591428965133,37.4948325754444,14.055394791236047,1.2746313903817004,14.988888888888894,12.53002651430243,-2.458862374586465,"Pendleton County, KY",Kentucky
583,762,3.135011007415278,2.5278823925027396,test,18143,23783,49.131732750283824,50.868267249716176,97.37627717277049,0.2775091451877391,98.56806235272794,68.13485589994562,30.433206452782308,1.4319376472720682,12.9322384224345,83.49812859616779,3.569632981397687,25.84938885436089,50.29521441889372,23.85539672674539,59.62839916328289,28.22074566260613,12.150855174110987,17.82629249215695,40.62007356805045,16.989879203395365,17.452528269682098,2.0,27.084361124815,70.70966302164696,34.42311983932158,6.014282526221826,15.833519303726847,44442.0,0.4124,21385.0,60.49003739465312,10.915298025465953,68.85450634843544,66.95205479452055,18.434746409491428,98.60159817351598,16.734892111288413,0.2568493150684931,1.7028970272883994,22.88888888888889,30.046671992599762,26.317117268637265,34.957742925619144,15.431190346045494,2.3462136820417943,22.988888888888894,12.52695086470122,-10.461938024187674,"Scott County, IN",Indiana
584,1098,2.3014733641413554,2.223460146260055,test,21223,8783,49.675509507002154,50.32449049299785,99.05499259933964,0.0,89.55152671755725,60.877862595419856,28.67366412213741,10.448473282442748,14.128468033775635,84.46924004825091,1.402291917973462,21.298001983845825,58.94856171177554,19.753436304378628,63.16226540441786,26.557050323866463,10.280684271715662,17.363870063098855,28.679504814305357,19.02812388750445,17.989297506546738,2.0,30.64154329295648,72.6042841037204,35.85118376550169,6.285231116121758,13.95152198421646,47409.0,0.3947,23465.0,62.03080604157321,14.488910318225653,66.95407685098407,60.94674556213018,20.393626991565128,97.41124260355028,19.081537019681356,0.0,2.994421040646704,9.888888888888893,30.206079927131963,25.128088352499148,35.614254810429244,15.393373562564044,0.9450074006603666,9.98888888888889,9.239244758870607,-0.7496441300182841,"Trimble County, KY",Kentucky
585,9,2.3234764520254214,2.587182252165202,test,1019,26008,49.88849584743157,50.111504152568436,92.92140879729315,4.925407566902491,99.47159841479522,68.05057558029817,31.42102283449708,0.5284015852047557,14.497318045371784,84.98105408198415,0.5216278726440627,16.385041551246537,60.761772853185605,22.85318559556787,56.94459271912032,29.294331162592076,13.761076118287606,19.2297165200391,42.981738893431455,19.666823640216624,22.362885634153944,6.0,33.93185558029232,62.918957261925875,43.66022344387302,8.432346160666784,19.125731512679554,36296.0,0.4573,21811.0,53.40154459147032,7.452100221075902,70.00195045835771,69.80598221503638,21.94265652428321,99.31285367825384,15.506143943826801,0.2627324171382377,1.5033835742848354,10.111111111111107,26.33035988926484,22.462319286373425,37.15779760073824,19.824669332513075,2.153183635804368,10.211111111111105,13.292264535667918,3.0811534245568133,"Cherokee County, AL",Alabama
586,2609,1.8263398028248343,1.9705921091611291,test,48187,143460,49.37404154468146,50.625958455318546,78.6630419629165,7.1831869510664985,99.33687700647334,71.93305615493921,27.403820851534128,0.6631229935266565,9.911258316515225,86.57866530190519,3.5100763815795832,27.07928989868413,52.52488381617136,20.395826285144487,42.2707952542153,31.652264197878022,26.076940547906684,9.848704545936807,15.940959409594095,9.206299046716174,12.53442843487804,2.0,46.95123707480054,81.38741315897016,28.9987740089906,3.5615038823048635,9.521863506334286,62420.0,0.4003,26928.0,67.4869449799936,5.488242556490282,74.30859146697838,65.45536876662705,11.409701928696668,96.76232523914645,20.31911163062537,1.4603498047206656,36.69594312003346,6.1111111111111125,34.39565035549979,27.78196012825875,33.005715878990664,12.692039592917887,14.15377108601701,6.211111111111112,7.174923568830405,0.9638124577192926,"Guadalupe County, TX",Texas
587,46,1.6507930981160142,2.55742850261994,test,1093,30387,49.376378056405706,50.623621943594294,93.61898180142825,3.850330733537368,99.42475124378107,68.5167910447761,30.907960199004968,0.5752487562189055,13.689913148164074,83.21437784848224,3.0957090033536847,20.78747665779332,55.190909452103774,24.021613890102905,56.378752886836025,32.083140877598154,11.53810623556582,20.099824632402534,34.629275547057574,22.807479589149327,24.252413468330587,6.0,25.99373040752352,65.07000157306906,43.29872581406325,7.157464212678938,19.977977033191767,32299.0,0.4755,20042.0,54.65630501051908,9.685781618224668,68.48622550411815,68.64227928244811,18.693552967906847,99.50756243404854,18.76171542175518,0.0,2.389179583374469,5.111111111111111,27.19913120742423,22.79264159015369,36.397143515319044,19.62352321716524,2.53068746503439,5.21111111111111,12.902595628254941,7.691484517143831,"Marion County, AL",Alabama
588,425,2.3867219722002453,2.1239145104973582,test,13091,21180,52.950897072710106,47.04910292728989,66.53918791312559,28.474976392823415,99.3932584269663,51.70786516853932,47.68539325842697,0.6067415730337079,15.878262067066032,81.42257109412655,2.6991668388074093,31.861958266452646,41.65329052969503,26.48475120385233,61.10689916603488,24.226342270314976,14.666758563650149,22.463121423696784,49.778836338890784,23.801876426337586,19.473218468585703,6.0,21.12219151748168,69.7048611111111,36.32192460317461,8.196924603174603,23.908730158730158,34271.0,0.4465,17887.0,58.86539243594957,9.522164651698333,59.94411988823978,58.64763846415223,20.108373550080433,98.74277947672441,24.070781474896283,0.0,3.5174693106704438,10.777777777777779,27.68649669499528,28.229461756373937,35.694050991501406,14.669499527856466,4.985835694050991,10.877777777777778,8.363813726852902,-2.5139640509248764,"Dodge County, GA",Georgia
589,152,1.789905900578732,2.4049174945295224,test,5087,15702,50.08916061648198,49.91083938351802,94.86689593682337,0.4649089287988791,99.40780619111707,82.28802153432032,17.119784656796767,0.5921938088829072,12.740566434154127,85.28447768720059,1.9749558786452643,17.32147075033462,61.04243760333832,21.636091646327056,67.57308584686776,21.689095127610205,10.73781902552204,20.47998970531463,37.368024132730014,22.581642113938393,18.360949395432154,3.0,25.57770918495036,73.30388135058378,38.261281161249606,4.591353739349953,15.099400441779744,37691.0,0.4452,20693.0,60.280295401141316,7.225393289711818,62.14500860585198,55.1526717557252,15.942340791738383,98.70229007633587,24.612736660929432,1.0687022900763359,5.247739141510635,5.8888888888888875,30.645777607948038,23.264552286332954,36.02725767418164,17.048783594446565,4.668195134377786,5.988888888888888,11.077516288789086,5.088627399900198,"Madison County, AR",Arkansas
590,2210,2.132192107065365,2.6436522524025756,test,41017,166622,49.290609883448774,50.70939011655122,93.27759839637024,0.4537215973881,99.0980090199098,72.7120228797712,26.385986140138602,0.9019909800901992,12.972528580514062,80.27673073045123,6.750740689034702,24.365066000922475,52.71874016209211,22.91619383698541,29.375834276734878,38.06160552861464,32.56256019465049,14.642846346845625,23.09039703255941,15.61270288839911,12.616982939925153,4.0,32.33393522609397,73.54869831315855,33.73381370878997,3.331474139620424,17.92664727075388,51223.0,0.4677,29158.0,62.46961031744193,8.869532987398072,66.38527923817081,65.65705741210836,17.289951393710943,98.38995722780541,20.375954766392226,0.11823208262336128,7.700663777892474,8.333333333333334,27.61520087383419,25.581255776548115,35.17602717528297,17.38665962477944,6.268680006241674,8.433333333333334,14.064476938856787,5.631143605523453,"Deschutes County, OR",Oregon
591,1510,1.8440707637960658,2.504589932356268,test,29067,13516,49.88902042024267,50.11097957975732,98.37969813554308,0.059189109203906486,98.82677708764666,64.11318150448585,34.7135955831608,1.1732229123533469,14.070399694743873,83.61156157588476,2.318038729371364,18.517520215633425,56.56783468104222,24.91464510332435,63.221947194719476,27.58869636963696,9.189356435643564,22.18283300648665,58.519793459552496,22.404945183111725,20.212051071455235,6.0,38.84912412883782,59.99620996778473,45.91624028804245,7.5990145916240275,21.205230244457077,30508.0,0.4408,17343.0,50.67174845164364,8.91312523505077,58.35846335387438,52.30125523012552,18.08050347449849,98.465829846583,27.84843319784975,0.7670850767085077,1.0654039656703167,6.222222222222222,27.160402485942587,22.52145605208641,34.21870375850843,21.818585380290028,1.5611127552530335,6.322222222222222,12.238539307695053,5.916317085472831,"Douglas County, MO",Missouri
592,1428,1.8440707637960658,2.0217897197934107,test,28067,68276,48.407932509227244,51.59206749077274,69.06379987111137,28.869588142246176,99.67154546502249,50.89316584072836,48.77837962429411,0.3284545349775268,12.893837010502319,83.84759423593586,3.2585687535618337,29.84298075488587,45.38079964195136,24.776219603162765,48.72929914837202,32.89665865222569,18.37404219940229,22.73128412235435,55.69391806533118,22.24221214511041,17.61055655934362,5.0,24.275169766755237,71.01502381824845,34.656569357925164,8.322136720817557,17.014779528520826,37143.0,0.4907,20465.0,56.27293029191257,6.98745659414641,59.909047985885046,57.46140651801029,21.73653736239159,97.72979517707596,21.840908526130065,0.24215518111189585,4.248930810240788,6.222222222222222,32.394985060636245,28.488780830745803,30.988927295096367,14.978909133516906,2.0666119866424517,6.322222222222222,7.551828503203266,1.2296062809810442,"Jones County, MS",Mississippi
593,1464,1.8082887711792655,2.266601634395638,test,28139,22054,49.18835585381336,50.81164414618663,81.25056679060488,16.001632356942054,99.3425858290723,68.46238130021915,30.880204528853177,0.6574141709276844,11.242858020519753,86.63144314062788,2.1256988388523683,23.100251773861288,54.70359349965668,22.19615472648203,56.9256289742881,30.156206801216477,12.918164224495435,24.454369647297174,53.95072217502124,26.45231438334887,20.377203772037717,6.0,18.617567159674014,67.33740567732663,35.75278476464247,14.588573481854114,18.601030063480657,35609.0,0.4773,20012.0,57.97875569044008,12.007956448911226,62.401348555666246,50.08761682242989,21.17845375833269,99.38668224299066,20.45820243659489,0.3504672897196261,4.797315679695294,6.0,32.04407363743539,26.68450167770019,32.64713884102657,15.793053414346604,2.7478008524530697,6.1,9.646562501175817,3.546562501175817,"Tippah County, MS",Mississippi
594,499,2.8259978322655077,2.757628915764508,test,13241,16266,49.06553547276528,50.93446452723472,92.57346612566087,1.8873724332964463,96.69989687177723,68.33963561361293,28.360261258164314,3.300103128222757,15.812986212739734,80.65162135099746,3.5353924362628053,21.277510932683345,51.7313069037207,26.991182163595948,47.92133432910133,26.188698033358225,25.88996763754045,21.6246638734288,47.93814432989691,23.86481638818088,16.424970436298004,6.0,29.796686746987948,62.08572691117985,45.27912800117838,5.140668728826042,14.464575047871554,35211.0,0.5049,22869.0,50.652522323132104,7.217116166942898,50.92511972137572,59.46360153256704,13.387026556377885,99.2337164750958,37.788419677840665,0.28097062579821197,8.10279109799582,16.77777777777778,24.27148653633345,22.660764785442023,34.61207426533874,24.505102668142136,5.5391614410426655,16.877777777777776,15.762424568318565,-1.1153532094592116,"Rabun County, GA",Georgia
595,2146,2.3234764520254214,2.0572795971119398,test,40043,4863,50.750565494550685,49.24943450544932,88.73123586263624,0.1850709438618137,97.44204636290968,73.38129496402878,24.060751398880896,2.5579536370903275,14.322323462414579,82.54555808656036,3.132118451025057,20.494791666666668,57.63020833333334,21.875,52.39704978488015,25.78365089121082,21.81929932390904,16.63500105552037,29.355860612460397,16.98867421718854,17.25152342929187,6.0,28.021064301552105,76.33711507293356,36.73689897352782,3.997839005942733,3.943814154511075,50904.0,0.4664,25942.0,59.43557582668189,2.6378896882494005,66.88212927756653,54.89749430523919,12.319391634980988,98.29157175398632,22.851711026615966,0.3416856492027335,6.189594900267326,10.111111111111107,33.18938926588526,22.66090890396874,32.71643018712729,18.897799712111865,11.083693193501954,10.211111111111105,7.824654617488311,-2.386456493622794,"Dewey County, OK",Oklahoma
596,1304,2.465270675271141,2.339593351495072,test,26159,75351,49.48441294740614,50.51558705259386,87.85019442343166,3.613754296558772,99.23593298040714,66.89406756535503,32.341865415052126,0.7640670195928614,13.806900758975832,81.96041842355517,4.232680817469004,27.36917134947868,49.564871450594254,23.065957199927066,47.67082882705732,32.83846229475961,19.490708878183067,18.82657648590255,37.999233422767354,19.12189364079,15.174052956964116,3.0,28.83227698088031,73.20830542531816,37.832692917827046,7.801318433390912,19.783551309620336,46008.0,0.4273,22358.0,61.31698166631272,8.176282143784814,64.5354114547588,69.84742922656318,22.028382297593478,98.26263338918777,17.48544355642144,0.2292971161478085,10.875768072089288,11.666666666666664,31.40369736300779,23.886876086581463,36.2954705312471,15.41585380419636,8.536051280009554,11.766666666666662,10.377015906624216,-1.3896507600424464,"Van Buren County, MI",Michigan
597,1816,3.085471408308861,2.874352363710403,test,35051,11615,50.1248385708136,49.8751614291864,91.3904433921653,0.4563065002152389,98.58618814573136,47.74333877107125,50.84284937466014,1.4138118542686242,20.535152151101784,74.17628541448059,5.288562434417629,21.678948416650076,45.060744871539534,33.260306711810394,50.515806988352736,31.835829173599556,17.648363838047697,20.796616143813885,50.207125103562575,22.542089705693353,26.077017759803066,6.0,56.74099836333878,50.85249801744646,58.60428231562253,8.584456780333069,20.59873116574148,29356.0,0.4289,18982.0,44.278972207656004,6.158218853623875,49.92223950233282,58.911419423692635,29.61810955590116,98.58591248665957,26.66321064454813,0.240128068303095,29.100301334481287,21.777777777777786,19.76754197158846,15.64356435643564,34.57597933706414,33.94748170469221,8.153250107619458,21.87777777777779,17.71394821006154,-4.163829567716249,"Sierra County, NM",New Mexico
598,1095,2.806050362353744,2.3799130430938646,test,21217,24993,48.52558716440603,51.47441283559397,91.81770895850838,4.0091225543152085,100.0,53.669064748201436,46.330935251798564,0.0,15.998253942270965,80.10039831941944,3.901347738309598,27.96389856280964,44.0329621817825,28.00313925540786,58.03516912931982,26.181462938087677,15.7833679325925,23.727249853224865,57.36766809728183,24.86217926903968,18.053413426414483,5.0,19.335394126738795,69.23314462171899,39.58826556870818,9.140504374678331,20.83376222336593,33340.0,0.4346,18120.0,59.50144319076358,8.696419121538192,59.36348408710219,63.97094430992736,23.825795644891123,98.61985472154964,21.54773869346733,0.0,2.0565758412355457,16.444444444444443,30.664586084103547,28.74404833353339,31.824910975073017,17.09278598007442,4.17316848717641,16.544444444444444,10.803963343856589,-5.740481100587855,"Taylor County, KY",Kentucky
599,2262,2.5203810379816605,2.3635108448386655,test,42049,279858,49.277490727440345,50.722509272559655,87.52474469195091,7.066798161924977,99.43747154841648,60.99694348702608,38.44052806139039,0.5625284515835338,16.01839116213287,79.12185116961764,4.859757668249486,34.0652383676,44.929858494479056,21.004903137920948,49.233852649581785,24.692552310200163,26.073595040218066,16.667663350202204,32.79323012332721,16.700615594689296,14.620006554750375,3.0,29.24445627188012,74.05352302290466,33.24085360307094,7.920206669456219,18.643913620899813,45971.0,0.4543,24856.0,64.34232271634616,7.572020664895946,73.52696370885597,69.61419865491538,19.098396437821947,98.17175322310436,11.812811035767295,0.21365964988952826,3.777630083828227,12.333333333333336,29.473161388990125,29.060452086415246,33.508422128365105,15.34599689842706,5.408457146124105,12.433333333333337,10.628199988331572,-1.8051333450017655,"Erie County, PA",Pennsylvania
600,1794,2.312535423847214,2.233993688686403,test,35009,50497,51.66247499851476,48.33752500148524,69.66552468463472,6.350872329049251,99.09883507949301,62.847095025276566,36.25174005421643,0.9011649205069968,13.975337639459774,80.90484579034197,5.11981657019825,30.34667905728077,46.28410645602622,23.369214486693,42.883445668255796,36.288015781686674,20.82853855005753,20.9500263445872,48.43251567484325,19.838219072767988,15.872718179544885,5.0,50.263316929983596,78.80740006607202,27.518995705318797,6.761369893183571,16.69970267591675,41084.0,0.4662,21929.0,64.77584096076488,8.577085770857709,58.45543451780183,64.79454512829714,22.67775728256707,97.00340929481428,23.13019872620332,1.1304503857886237,39.90732122700359,10.0,34.06737033883201,34.00994118462483,27.528368021862683,11.28185832821752,23.98360298631602,10.1,9.337081112595062,-0.762918887404938,"Curry County, NM",New Mexico
601,2812,2.465270675271141,2.2931315898190627,test,50027,56150,48.95458593054318,51.0454140694568,95.94479073909172,0.6696349065004452,99.81199473585258,66.7136679827035,33.09832675314909,0.18800526414739613,16.6876772770249,78.70424564405025,4.608077078924857,25.9418186407522,51.84367177804421,22.214509581203593,39.2759921677253,25.591002435646402,35.133005396628306,10.978646069968192,16.326304106548278,11.43243108020213,15.739383741337821,5.0,31.107251983908906,76.01909658464928,35.78977435018566,5.863630799363447,14.48973762598441,52965.0,0.4715,32474.0,66.03308378535885,4.6605566870332655,70.43697230039993,66.20314946127635,24.23048437268553,98.49894097062344,10.383646867130796,0.15655216870798416,1.4051647373107747,11.666666666666664,24.60195903829029,22.977738201246662,38.089047195013364,19.95013357079252,3.3855743544078365,11.766666666666662,9.905910407103939,-1.8607562595627236,"Windsor County, VT",Vermont
602,3066,1.928295602354331,1.9359358162823856,test,55053,20543,53.653312563890374,46.34668743610962,88.24903860195688,2.2781482743513606,98.96086668140616,64.18306433782888,34.77780234357727,1.0391333185938536,15.225806451612902,82.17996604414263,2.5942275042444822,28.150884929384432,48.578749776532966,23.270365294082588,55.15189260258806,31.00823472424053,13.839872673171408,14.613344427687347,33.900364520048605,12.90470023615449,12.959611108238091,6.0,34.059826391057264,74.37185929648241,37.952261306532655,5.150753768844222,12.412060301507536,47851.0,0.3984,23299.0,65.080329418118,5.445493206098952,70.2276707530648,71.0371243370654,20.70052539404553,97.73129051266943,13.546409807355516,0.4124926340601061,3.1056807671713003,6.777777777777778,27.863505817066645,25.64863943922505,35.223677164971036,17.110451248600494,9.472813123691768,6.877777777777777,6.9305267213643456,0.05274894358656823,"Jackson County, WI",Wisconsin
603,247,2.48398029492787,2.4904473569049284,test,8013,1665229,50.06710788726354,49.932892112736454,87.36870424428112,1.6567691290507192,99.38697720485615,72.05931639579613,27.327660809060035,0.6130227951438391,12.702651956594927,79.60401937171419,7.693328671690883,30.88185750467745,48.987955938708836,20.1301865566137,32.63756821092361,29.88410308686971,37.47832870220668,11.674515239695115,17.87672395564993,11.8050137967899,9.66860537692139,2.0,24.47659360303492,83.70779900655147,23.157288488870893,3.083755874300852,8.120207594928539,68508.2,0.4316999999999999,33612.8,71.88924461254655,6.283272500667676,75.57741595055028,64.1549318160145,11.361374943464494,95.35850895875055,15.587309663802204,0.7618381597211185,23.579219434684358,11.888888888888893,30.813900070200553,31.272455620218,33.04992886864209,11.612336801725169,10.974526626668165,11.988888888888894,12.066673022680181,0.07778413379128679,"Boulder County, CO",Colorado
604,76,2.4267673628924595,2.1536129085503077,test,2110,32531,51.16657957025607,48.83342042974393,68.99572715256217,1.2695582674986934,99.66763606148731,66.51433319484836,33.15330286663897,0.3323639385126714,12.922011810221953,80.87558542048463,6.202402769293423,33.5121251038755,46.55511067462416,19.93276422150034,26.310117203287078,35.165476671606264,38.52440612510665,6.606136505948652,12.361132843060556,5.631639575067196,9.678731191541278,5.0,30.549678655542692,88.06339772164438,20.55473006438831,3.5908865775136203,10.425953442298168,85746.0,0.3878,39979.0,75.41641337386018,4.87398570584126,76.35106925824559,81.59076330981398,9.245256761144873,92.39897370109043,17.474602217377186,2.3412443874278384,6.101872060496143,11.222222222222221,29.135286342258148,31.170268359411025,36.543604561802574,9.716885432356829,29.734714579939126,11.32222222222222,8.615930802564508,-2.7062914196577115,"Juneau Borough, AK",Alaska
605,1586,2.6848194823870495,2.6057317390471466,test,29221,25048,51.58096454806771,48.41903545193229,94.81794953688916,1.9602363462152668,97.58022996396087,67.6334305817745,29.94679938218637,2.4197700360391283,11.59468255281593,85.183959402063,3.2213580451210766,26.53849965315628,48.2756912099891,25.185809136854626,66.78666821507375,26.09453025200325,7.118801532923006,21.213782632533427,51.699755235246116,20.85443881631565,27.173323317056884,6.0,37.60145681581686,66.21019817412603,35.582275662435976,10.699176130037854,26.007570696949447,35305.0,0.4419,17762.0,55.96426404897149,11.233740638549467,54.048140043763674,54.03248788828726,26.39496717724289,99.03106298090624,23.65289934354486,0.0,0.29942510380070264,14.555555555555555,29.45145320983711,26.55301820504631,35.483870967741936,14.695784094538489,3.2218141168955605,14.655555555555555,13.54113025213456,-1.1144253034209957,"Washington County, MO",Missouri
606,1607,1.62924053973028,1.7748549731736578,test,30031,95323,51.520619367833575,48.479380632166425,94.85328829348637,0.3986446083316724,99.73402894992584,79.96010434248888,19.773924607436964,0.265971050074165,14.689108359994435,70.78592293782168,14.524968702183893,37.087936536187854,48.300893731168706,14.611169732643434,23.291749833666,28.730871590153036,47.977378576180975,13.208636541897251,11.986202931876974,16.121780461172847,7.916017352482838,5.0,23.13458487572713,85.51916849472475,20.463804450015672,2.5436122427661134,5.6930951634806215,55553.0,0.4551,30293.0,73.45427521133864,6.1138211382113825,81.63858666544246,64.09436225509796,5.547139206414788,97.92083166733308,14.675052410901468,0.5897640943622551,3.0517293832548287,5.0,27.779234812164958,39.57491895974738,29.119939573869893,10.70885305749924,4.748067098181972,5.1,5.899425499317949,0.799425499317949,"Gallatin County, MT",Montana
607,2612,2.1959892467282267,2.2281038654006835,test,48193,8266,48.874909266876365,51.125090733123635,96.96346479554802,1.0162109847568352,98.8574864702345,72.63980757666867,26.21767889356585,1.1425135297654845,14.634146341463413,83.63953120050681,1.7263224580297751,19.09802784222737,52.29118329466358,28.61078886310905,52.517143335005855,26.208396052851647,21.27446061214249,14.4875,19.619326500732072,16.273972602739725,24.265438247011954,6.0,32.370820668693014,63.77132027795327,48.10486418193304,4.769425142135187,16.929879974731527,42432.0,0.4845,24518.0,53.6815607300189,6.008206330597888,60.248161764705884,70.30938123752496,15.418198529411766,98.45309381237524,27.573529411764717,0.6986027944111777,11.178320832325186,8.888888888888891,26.590854101137186,21.60658117590128,32.095330268570045,26.0222598596661,2.0203242196951368,8.988888888888889,9.282248989106833,0.293360100217944,"Hamilton County, TX",Texas
608,485,2.7649205075996024,2.4274308264515128,test,13213,39401,48.9327682038527,51.0672317961473,95.07880510646936,0.9162204004974492,98.79636937647987,69.90923441199685,28.88713496448303,1.2036306235201264,10.987837232539713,85.40467904765187,3.607483719808428,22.629053553601903,52.26226129520497,25.10868515119312,66.75757811891218,22.925270786254192,10.317151094833633,19.96297915006299,31.69851663771215,22.80434690684595,15.549543110929609,4.0,18.783321941216677,73.48974431019948,34.60944085417252,10.72632762011801,19.872155099747122,35539.0,0.4112,17043.0,61.34908064182908,10.686423079081775,57.217448505529745,45.41216359398178,16.860584631829955,98.2411527866073,28.15853307568968,0.9112100021190932,13.941270526128779,15.777777777777779,32.83673003223269,27.80386284612066,34.30877388898759,12.149437831527116,4.004974493033172,15.877777777777778,11.329736596555295,-4.548041181222484,"Murray County, GA",Georgia
609,2248,2.9896024131784547,2.528377997231992,test,42021,139381,49.318056263048774,50.68194373695122,93.84923339623049,3.40720758209512,98.98652411181645,64.34272561903701,34.64379849277945,1.0134758881835393,17.666487441431748,79.9859820262693,2.3475305322989484,30.15775508288754,46.90504833329067,22.937196583821787,56.6882508736065,24.251518111600085,19.060231014793406,15.231853611009619,32.42540856614524,14.80253075878979,18.126460226219173,4.0,32.541910644100426,67.02166536152441,42.32141303402071,7.3122770381971645,17.843904985643434,42107.0,0.4462,23410.0,58.02925798197798,8.144420480869078,74.42035142157043,75.10785968861377,19.812099048181945,98.60814106171448,10.65716079937941,0.15756893640967926,1.5418170338855368,19.777777777777786,25.81126552399538,25.289673628399854,35.452464826626304,19.847037975046813,2.7435590216744035,19.87777777777779,12.533160819507254,-7.344616958270537,"Cambria County, PA",Pennsylvania
610,2080,2.7220261549581837,2.7536199521777798,test,39087,61827,48.849208274701994,51.150791725298006,95.39845051514708,2.154398563734291,98.9420619142289,63.64669128088612,35.2953706333428,1.0579380857710878,13.838830329819787,83.53026181570894,2.6309078544712685,24.97265259850037,48.185126991388046,26.84222041011158,57.1014966494665,28.242545938499607,14.655957412033901,18.252303052158805,31.42721669037459,19.887606163861054,21.395098215306238,3.0,32.310692641600426,66.28163750636998,41.8294547307627,10.221674876847288,22.074061491421777,42874.0,0.441,21955.0,55.57935817761469,7.666768432300413,63.010665586607246,66.51503164556962,26.472255974078568,98.83306962025316,16.335898474416098,0.009889240506329116,0.8345868309961667,15.111111111111107,29.108641855500025,25.597230983227394,34.48655118314005,17.045950798194966,2.4471509211186047,15.211111111111109,15.699360078270972,0.48824896715986377,"Lawrence County, OH",Ohio
611,2588,1.9909138641722421,2.091238019961052,test,48145,17410,47.05341757610569,52.94658242389432,70.60884549109706,24.77311889718553,100.0,60.63543349488421,39.36456650511577,0.0,15.836298932384341,80.60498220640571,3.558718861209965,33.046519762154595,37.131864288212654,29.82161594963274,61.45022188729799,26.73532613246253,11.814451980239472,22.039473684210524,52.37701529557669,22.23831195697145,18.0916816894154,3.0,28.365946261682247,62.64304171280915,40.95607235142119,9.653008490217793,18.253968253968253,36079.0,0.4468,16739.0,54.68776442714504,7.009128887513539,56.05692850838482,66.66666666666666,18.08252427184466,98.29339143064634,29.62268314210062,0.2541757443718228,22.11372774267663,7.222222222222222,27.662263067202755,29.052268811028146,33.15910396323952,16.456059735784034,4.618035611717404,7.322222222222222,8.094930649067688,0.7727084268454663,"Falls County, TX",Texas
612,116,2.589433484697249,2.2730235026890195,test,5015,27635,48.977745612447976,51.022254387552,94.3622218201556,0.5645015379048308,98.89103182256508,72.54901960784314,26.34201221472195,1.1089681774349085,15.004968532626698,80.16845691572422,4.826574551649079,19.950246546133002,54.2312647150282,25.818488738838788,51.835028131936205,31.450988489134364,16.713983378929438,18.29991217798595,37.30053191489361,18.624754420432215,17.434906279629494,6.0,36.160276467566426,67.51389268470437,43.48182563541951,4.4092192766694005,14.202423248610733,36897.0,0.424,20195.0,56.64150943396227,6.329113924050633,59.1484169289063,59.60206075679517,18.47023312568236,95.84295612009235,26.44017725258493,1.8831053473085808,14.293468427718473,13.222222222222221,28.50009046499005,22.779084494300704,33.98226886195042,20.72371992039081,5.073276641939569,13.322222222222221,9.708710795537911,-3.61351142668431,"Carroll County, AR",Arkansas
613,1355,2.1709566505156093,2.0447394118145663,test,27095,25809,50.292533612305796,49.70746638769422,91.26661242202331,0.5734433724669689,99.35959013768812,68.44380403458213,30.91578610310599,0.6404098623118796,14.165615804960066,82.03551912568307,3.798865069356873,28.111046398757523,49.927198602213146,21.96175499902932,48.722741433021795,36.61852166525064,14.658736901727554,12.205270457697642,18.60375169212918,12.470560527555346,15.494457812315098,2.0,32.64583653994151,74.03941867409914,35.755524586900265,4.73820426040215,11.158670117459684,49094.0,0.4013,23603.0,65.35964820437651,7.601121345614737,71.85990338164251,69.50929013816103,22.121578099838967,98.78513577894236,11.553945249597426,0.5002382086707956,1.8171955519392455,8.666666666666666,30.892324382967185,25.17726374520516,32.94587159517998,17.397032043085748,8.159944205509705,8.766666666666667,7.727144672917666,-1.039521993749002,"Mille Lacs County, MN",Minnesota
614,2476,2.6998686753609076,2.552527484813064,test,47111,22761,49.24651816704011,50.75348183295989,96.34462457712758,0.2899696849874786,97.643219724438,69.6881798404641,27.95503988397389,2.3567802755620013,13.432659335461748,81.18126995388437,5.386070710653897,21.73841783216784,53.288898601398614,24.972683566433567,70.03461563581739,20.449350140421924,9.516034223760695,18.90971039182283,28.476031481039826,21.763224181360197,19.254935163317143,2.0,21.54417309588723,72.73035230352303,36.122402890695575,7.520325203252034,22.730352303523034,33509.0,0.4228,17882.0,60.29907204917549,7.2338757106449725,63.920559029054786,53.24909747292418,20.66936373666789,99.18772563176896,20.456050018389114,0.0,4.846008523351347,14.777777777777779,31.11023241509601,26.044549887966266,34.4580642326787,15.236588902069327,3.3654057378849784,14.87777777777778,12.8395144844976,-2.0382632932801794,"Macon County, TN",Tennessee
615,1613,2.3234764520254214,1.9357355654864825,test,30043,11502,51.86054599200139,48.13945400799861,95.03564597461313,0.14780038254216654,99.8360655737705,74.71311475409837,25.122950819672127,0.16393442622950818,11.622881837825544,85.51120209257364,2.865916069600819,21.56821745948772,56.947203345530575,21.484579194981702,33.88509056015353,33.47727000119947,32.637639438646985,9.474804826117813,13.444976076555026,9.699285186098102,14.70925615459278,5.0,44.4887118193891,75.76570534317013,33.19919517102616,4.158283031522468,6.215068186899173,60842.0,0.4154,30886.0,62.52108399865064,6.258992805755395,77.8533198322002,69.0909090909091,14.306379285404313,99.34343434343435,13.640966295385509,0.0,2.147452616936185,10.111111111111107,27.942966440619024,19.231438010780735,41.81881411928361,17.579551382368287,4.816553642844723,10.211111111111105,6.9291390168214715,-3.2819720942896335,"Jefferson County, MT",Montana
616,1320,1.7326383462202575,1.9247729680531054,test,27025,53834,51.69966935393989,48.30033064606011,95.4601181409518,1.1628338967938479,98.97507570463543,78.91917074307011,20.05590496156534,1.0249242953645468,11.24230110659613,85.10056479848706,3.6571340949168127,27.40524109980196,55.697047851517524,16.897711048680513,40.67796610169492,37.337184587715946,21.984849310589134,5.522739003268911,3.6110205412455167,6.583409592506863,11.681655361634025,2.0,27.68418221385432,80.79563812600968,29.220516962843288,5.11914378029079,8.299676898222941,71001.0,0.3670000000000001,29553.0,71.96058615462357,5.206797275472229,79.90498084291187,77.03810208483107,14.77088122605364,98.67721063982746,8.355555555555554,0.057512580877066864,1.8185533306089088,5.5555555555555545,31.06772671545864,25.77553219155181,36.913474755730576,13.316862949065644,3.3770479622543377,5.655555555555554,6.853592504807132,1.1980369492515779,"Chisago County, MN",Minnesota
617,519,2.9081146522293335,2.666409074436822,test,13281,10800,48.26851851851853,51.73148148148147,95.79629629629628,0.8703703703703703,100.0,64.00765794511804,35.99234205488194,0.0,15.378221113881965,81.5817598859993,3.040019000118752,24.18355560222619,50.320277223564005,25.49616717420981,46.32138786881095,31.25237431936178,22.42623781182728,18.642370845014018,42.97445255474452,19.786628733997155,17.920270778488153,6.0,38.18300086730269,52.90534208059982,58.10684161199625,5.248359887535145,13.003748828491096,37000.0,0.4411,19978.0,45.04355496747161,9.424724602203183,66.00314300680985,60.921603830041896,12.868866771433561,99.46140035906643,24.078924393225073,0.0,2.4074074074074074,18.222222222222214,22.527777777777782,23.87037037037037,29.79629629629629,31.824074074074076,3.333333333333333,18.322222222222216,14.38820932682906,-3.934012895393156,"Towns County, GA",Georgia
618,1207,2.5203810379816605,2.381017062274335,test,24043,149270,50.95330608963623,49.04669391036377,83.71072553091713,10.273330207007435,98.61077700264616,64.53271590089007,34.07806110175608,1.3892229973538608,13.857349442552595,82.75225078135931,3.390399776088072,29.511279739174,46.88051771005282,23.6082025507732,51.45733507574658,28.661729829146704,19.880935095106718,12.891320765471153,24.958766445475817,12.04557504184296,15.173377599954598,3.0,31.277235941066607,76.9918133661512,32.9338113328696,5.607576649365937,15.39229850000892,56228.0,0.4315,27066.0,67.29342507219329,8.165799677121134,73.39477262426348,69.92147806004621,18.80367706021128,97.23787528868358,11.87722988599254,0.9053117782909932,4.032960407315603,12.333333333333336,28.492664299591347,27.089167280766397,35.224760501105386,15.305821665438467,6.015944262075433,12.433333333333337,10.815897713287493,-1.6174356200458444,"Washington County, MD",Maryland
619,943,1.3552622518721622,1.2547698363163093,test,20123,6296,50.952986022871656,49.047013977128344,97.87166454891994,0.3811944091486658,99.85443959243084,78.09315866084425,21.761280931586608,0.1455604075691412,19.67811158798284,77.85407725321889,2.467811158798283,23.25671238168823,58.0258837164381,18.71740390187368,38.95442979412446,35.29956049040018,25.746009715475374,10.381426202321725,18.079584775086502,9.81638418079096,14.585707309132344,6.0,27.366924014628204,74.8418310383327,36.174171938965394,2.4562709341272795,5.098622999627838,48217.0,0.4424,27555.0,65.40155168798489,2.6611093299134336,85.40292515055921,64.1965678627145,5.506165758531688,97.19188767550699,11.614568396902778,0.46801872074883,1.8742058449809404,3.7777777777777777,29.002541296060986,24.41232528589581,31.400889453621346,22.36340533672173,1.747141041931385,3.877777777777778,3.5070310902478568,-0.37074668752992146,"Mitchell County, KS",Kansas
620,171,2.3555991282796627,2.3211500835511094,test,5125,113833,49.12459480115609,50.87540519884393,90.41314908682017,5.832227912819658,99.7453122693046,70.19784438210543,29.54746788719918,0.25468773069540823,12.063808574277168,83.10363028561375,4.832561140109084,21.984976895955143,52.77139040360907,25.24363270043581,45.254468671455356,31.70236925707141,23.043162071473226,9.074128567989083,12.571139496648538,9.194080208572961,17.617220119751966,3.0,33.28363901119856,75.14598453864157,34.89680607106551,4.91737393318991,10.527435636776282,55817.0,0.3816,26050.0,64.67832970327174,5.005974580874098,73.89219947130248,69.29667588525568,14.421195692758035,98.48706686188385,16.011768747106352,0.08134049129656742,4.06824031695554,10.444444444444443,30.05894599984187,27.745908479966264,31.700824892605837,16.60414818198589,3.754623000360177,10.544444444444443,10.187383913937209,-0.3570605305072334,"Saline County, AR",Arkansas
621,2842,2.4069451083182885,2.0477576420839734,test,51061,67463,49.421164193706176,50.578835806293824,87.27895290751968,7.409987696959813,99.40625573850771,80.62067699087959,18.785578747628087,0.5937442614923181,9.902258306073383,86.26295668624128,3.8347850076853347,25.460954947306252,56.010409553164386,18.528635499529354,37.25246445084184,29.213556660560066,33.53397888859811,5.6114914753658205,7.236885625454787,5.539637058261699,10.713486248115926,2.0,36.06380474022917,84.45433354524262,28.200890019071842,2.49205340114431,5.585929222292858,91609.0,0.4241,41255.0,70.76491948215977,4.779965419153327,82.52607410664126,70.5888397903607,6.2626706724310575,94.83095262562942,13.228792652841895,0.8632206350837529,6.983087025480633,11.0,31.159302135985648,24.001304418718405,37.06031454278641,14.722143990038983,5.311059395520507,11.1,7.750502206341051,-3.3494977936589487,"Fauquier County, VA",Virginia
622,2919,1.86149280724273,1.5373357528963185,test,51620,8457,44.53115762090576,55.46884237909424,38.85538607071065,58.602341255764465,100.0,48.6810551558753,51.3189448441247,0.0,18.4674575184354,77.89355562680346,3.6389868547611415,36.48608201137385,33.328344806944024,30.18557318168213,44.65883178389756,29.11769864935977,26.22346956674268,21.175339502463647,47.891350964974976,21.16279069767442,11.372643208838715,6.0,36.02640679031751,70.19982623805386,38.806834636547926,9.47002606429192,29.597451491456702,32399.0,0.4681,21621.0,63.23293816084588,13.833291107170005,59.55518945634267,62.337662337662344,22.405271828665576,96.89754689754689,24.48517298187809,1.1544011544011543,1.0405581175357692,6.333333333333332,31.039375665129484,27.030862007804192,30.87383232824879,17.441172992787045,2.5422726735248906,6.433333333333332,4.652179190303043,-1.7811541430302889,"Franklin city, VA",Virginia
623,792,1.410986973710262,1.5116737838315244,test,19019,20998,49.65234784265168,50.34765215734832,97.69501857319744,0.3762263072673589,99.45730824891459,79.19681620839363,20.260492040520987,0.5426917510853835,14.788872001585936,81.5106059604837,3.700522037930351,23.557191045691514,57.36277215578044,19.08003679852806,50.5952380952381,32.630522088353416,16.774239816408492,9.521968195659527,15.348935273033945,8.886662850601029,10.20486864304652,6.0,27.71834273487649,78.35026608611514,31.942428640541856,3.8461538461538463,9.26463473633285,56150.0,0.446,29045.0,69.6063613064336,3.58761329305136,82.50313938886562,71.33251833740832,10.615320217664296,98.59413202933986,9.870238593553788,0.3667481662591687,1.4096580626726356,4.0,32.888846556814926,25.33098390322888,31.874464234689015,16.24916658729403,1.928755119535194,4.1,4.534313907603273,0.43431390760327293,"Buchanan County, IA",Iowa
624,217,2.47466924069478,2.613894784446299,test,6067,1465832,48.922182078164475,51.077817921835525,59.58677392770794,9.957416675307947,99.37236515722851,63.82993515088821,35.54243000634031,0.6276348427714931,13.071223563417265,80.34805892704809,6.580717509534657,34.79789058480535,41.97581889898817,23.226290516206483,35.63114176932808,35.56394710003594,28.804911130635986,18.15237554681876,33.24901819708007,18.951674998061407,12.774116567865725,1.0,24.278980521262998,77.60047914641521,26.11309692381878,8.028381388299946,13.554256060130575,55987.0,0.4557,27315.0,65.36821561389455,11.507747677942527,65.53037614831844,64.02630441008822,20.791911977608336,94.76551224525323,17.13648647462951,1.2135745132504816,22.29054898514973,11.777777777777779,31.26490621026147,31.156776492804088,31.86552074180397,12.367515513373975,30.455809396984094,11.877777777777776,13.652119501964924,1.7743417241871473,"Sacramento County, CA",California
625,2571,1.5380612495918724,1.8451853952623447,test,48111,7014,53.49301397205589,46.506986027944116,88.97918448816652,1.2546335899629313,100.0,68.8359303391384,31.164069660861593,0.0,13.220551378446114,83.29156223893068,3.4878863826232247,34.580345028106215,44.310912967629385,21.108742004264396,58.73869469567343,30.114886335859204,11.146418968467367,17.002012072434606,34.13878562577448,15.188656572939196,13.777777777777779,6.0,22.413079470198678,89.14007092198581,22.03014184397163,4.4326241134751765,11.879432624113472,41345.0,0.4307,19997.0,72.12601710828291,5.814289846687879,60.44528659403127,51.138353765324,12.95594504973946,98.0735551663748,29.891046897205115,0.0,42.34388366124893,4.5555555555555545,41.01796407185629,32.69175933846593,28.05816937553465,8.140861134873113,9.766181921870542,4.655555555555554,6.329273098882411,1.6737175433268572,"Dallam County, TX",Texas
626,2403,0.6875761355104899,1.0114064865667742,test,46097,2306,50.82393755420642,49.17606244579358,96.27059843885515,0.9540329575021684,96.92832764505121,76.62116040955631,20.307167235494877,3.0716723549488054,19.771634615384613,79.32692307692307,0.9014423076923076,17.689331122166944,59.86733001658375,22.44333886124931,47.839699436443325,29.117094552285533,23.043206011271128,10.437109723461193,21.03004291845493,8.819714656290534,12.897526501766784,6.0,25.290697674418613,77.53479125248509,38.66799204771372,0.6958250497017893,11.72962226640159,44938.0,0.5053,30204.0,72.58641239570917,4.105090311986864,82.17247097844113,66.9491525423729,10.281923714759538,97.66949152542372,9.867330016583749,0.0,1.9514310494362528,1.8888888888888888,31.266261925411968,20.771899392888123,32.04683434518647,21.7692974848222,2.7753686036426712,1.988888888888889,2.7494653829159867,0.7605764940270978,"Miner County, SD",South Dakota
627,2366,1.3261904370501851,1.7023315906543532,train,46023,9239,49.767290832341146,50.232709167658854,63.91384348955514,0.043294728866760473,100.0,57.5240919199407,42.475908080059305,0.0,15.613747954173483,80.26186579378069,4.124386252045826,32.80734471381437,44.84292067135275,22.34973461483288,49.2511320097527,32.47997213514455,18.268895855102755,22.087677990806146,42.37918215613383,23.134622976707462,15.134354874528091,6.0,27.624903920061488,75.0236518448439,36.14001892147589,4.5096184169031845,17.880794701986755,43109.0,0.46299999999999997,20814.0,63.4084417645192,5.28028028028028,61.87994997915797,63.76329787234043,14.276781992496874,95.07978723404257,27.21967486452689,1.3297872340425532,2.5110942742721067,3.6666666666666665,36.97369845221343,23.08691416820002,29.591947180430783,17.837428293105308,36.04286178157809,3.7666666666666666,5.486725286929969,1.7200586202633028,"Charles Mix County, SD",South Dakota
628,2734,1.928295602354331,1.9815481867434699,train,48437,7713,52.392065344224044,47.607934655775956,83.76766498120057,6.365875794113834,100.0,65.03284487114705,34.96715512885296,0.0,11.956947162426614,84.9119373776908,3.131115459882583,26.966292134831466,48.87640449438202,24.15730337078652,56.759483454398705,27.32041969330105,15.920096852300244,22.579275198188,50.31007751937985,22.636994496290974,16.230292792792792,6.0,26.31670735960935,71.43407864302236,40.32382420971473,4.703161141094834,16.53816499614495,37040.0,0.4501,18437.0,57.541463414634144,6.1037639877924725,58.55643044619423,56.425855513308,16.535433070866144,100.0,28.00524934383203,0.0,41.73473356670557,6.777777777777778,32.25722805652794,30.481006093608194,26.280305976922087,17.580707895760405,9.866459224685597,6.877777777777777,7.253964788318997,0.3761870105412193,"Swisher County, TX",Texas
629,2167,2.7649205075996024,1.9850903697463054,train,40085,9663,49.07378660871365,50.926213391286346,84.00082790023802,1.8938217944737656,99.58796868562011,72.2702925422332,27.317676143386887,0.4120313143798929,10.430998174926296,87.2946792081988,2.274322616874912,26.157860404435745,51.68949771689497,22.152641878669282,58.375,27.453125,14.171875,13.511817611378374,25.50754815200417,12.631910537092454,16.34996867822092,6.0,25.61228725612287,72.54840724547158,41.28669581511557,5.621486570893191,8.338538413491568,44549.0,0.3914,20589.0,59.54411970353797,3.71066228276186,65.27173913043478,71.24463519313305,15.797101449275365,97.24095646842429,22.59057971014493,0.0,13.908723998758148,15.777777777777779,31.874159163820767,25.49932733105661,31.832764151919694,17.458346269274553,14.105350305288214,15.877777777777778,7.279705220842741,-8.598072556935037,"Love County, OK",Oklahoma
630,1978,2.158201375540483,1.8864897778904857,train,37189,52240,49.83728943338438,50.16271056661562,94.14816232771824,1.1332312404287903,99.398022072524,71.57804213845492,27.81997993406908,0.6019779274759925,14.151912048283286,62.3851143222058,23.46297362951091,47.496555880833476,37.523678319269855,14.979765799896677,31.39724506436279,30.238367856771106,38.3643870788661,31.381992541289293,27.902202314296375,49.29399053686525,10.45287449236869,5.0,19.503020379262274,78.1506301260252,28.50570114022805,3.4706941388277657,9.871974394878976,37656.0,0.5285,22314.0,58.192216115178354,9.185117203931016,81.39277527468184,71.52877182937304,7.654203883750956,98.7117091325508,13.21634653387084,0.1002004008016032,3.464777947932619,8.555555555555555,25.193338437978557,46.20022970903521,26.68453292496172,13.681087289433384,4.7186064318529874,8.655555555555555,6.596173959875835,-2.05938159567972,"Watauga County, NC",North Carolina
631,3101,1.7127964254212538,1.615408962786056,train,55121,29412,50.36379708962328,49.63620291037672,93.47545219638242,0.465796273629811,99.1309223437062,70.36725539669189,28.763666947014297,0.8690776562938043,14.71303390374822,81.9011790613387,3.385787034913061,26.3308309162259,53.109537621566275,20.559631462207815,50.27032389266406,30.573880263875804,19.155795843460147,10.661586421891236,19.101694915254235,9.807963000201086,10.86461495997792,6.0,26.617574424139015,78.86571719226858,33.20617158358765,3.636826042726348,9.859274330281453,51077.0,0.3977,25502.0,70.77782355903494,3.479948253557568,79.02045084824542,64.17620384366228,13.583546363002558,97.86223277909741,10.428770625145248,0.7341826819261499,6.599347205222357,5.4444444444444455,30.44335645314837,24.758601931184554,34.312525499796,16.64966680266558,6.058751529987759,5.544444444444445,5.029944563037768,-0.5144998814066772,"Trempealeau County, WI",Wisconsin
632,287,2.1959892467282267,1.9524423540203693,train,8095,4371,51.681537405628006,48.318462594371994,95.08121711278885,0.1601464195836193,100.0,81.87919463087249,18.12080536912752,0.0,15.966901624272142,82.50076616610481,1.5323322096230465,19.706136560069147,57.93719389225007,22.356669547680784,40.961021505376344,37.80241935483871,21.236559139784948,15.281003251277287,22.99528301886793,16.535714285714292,14.468183929400835,6.0,33.08293269230769,76.6218585622443,33.19696084161309,5.143191116306253,8.299240210403273,43639.0,0.4786,24967.0,63.530493410971495,5.016883743367101,65.61844863731656,64.69248291571755,15.471698113207545,94.64692482915716,21.25786163522013,2.733485193621868,18.119423472889498,8.888888888888891,30.084648821779915,22.946694120338588,31.73186913749714,21.45962022420499,4.7586364676275466,8.988888888888889,7.045875104424871,-1.9430137844640178,"Phillips County, CO",Colorado
633,211,2.0208114572284313,2.1205248099915037,train,6055,140295,49.750882069924096,50.249117930075904,74.06821340746285,2.0984354396093945,99.7757483181124,71.41278559589198,28.362962722220413,0.22425168188761416,11.475737964295584,81.44914551502616,7.075116520678249,29.942247889826746,47.63982892135086,22.4179231888224,36.08234611879711,31.484549747328305,32.43310413387457,10.255134882087894,15.390716470899275,10.336226160162136,10.724453372256024,4.0,24.08169248953189,78.94896351072856,31.90689780579464,4.541964682587788,6.27146724855538,71379.0,0.4745,36475.0,68.39016756862489,7.452705555479891,74.0519172795627,70.31843676497196,12.291937924481823,95.82051745974309,16.720038474621994,0.6784874253663832,33.2791617662782,7.444444444444445,28.734452403863287,27.296054741794077,34.08318186678071,16.45318792544282,23.83335115292776,7.544444444444446,8.33551089938652,0.7910664549420741,"Napa County, CA",California
634,2899,1.9443215863701753,1.7892087231673026,train,51181,6823,49.08398065367141,50.91601934632859,52.39630660999561,45.068151839366855,100.0,54.8238897396631,45.1761102603369,0.0,10.766721044045674,86.89505165851006,2.338227297444264,27.206519854343682,51.655973643142026,21.137506502514306,47.53236245954693,31.270226537216832,21.197411003236247,12.912208705847867,24.14448669201521,12.822085889570555,15.242561922907813,6.0,35.454051114736274,79.87256371814094,37.518740629685155,5.7346326836581705,16.454272863568214,53673.0,0.385,24660.0,64.69095522929128,10.675259176239843,69.91357159542163,54.28802588996764,11.399205793039007,99.02912621359225,20.766176127073113,0.0,1.6268503590795835,6.8888888888888875,25.135570863256632,22.160340026381355,40.583321119742045,18.11519859299429,2.5355415506375496,6.988888888888887,5.98471502596653,-1.0041738629223573,"Surry County, VA",Virginia
635,1408,2.232401036136941,1.4301989946866944,train,28027,25254,46.25405876296824,53.74594123703176,22.610279559673714,75.89688762176289,100.0,31.45973154362416,68.54026845637584,0.0,16.245175413330262,81.4678264877009,2.2869980989688345,44.51937542148674,29.776417492348394,25.70420708616486,50.54916317991633,31.85146443514645,17.59937238493724,34.086308800906814,81.16751269035531,42.31080862096905,14.983374063539117,5.0,18.979354624453425,67.75641025641025,32.585470085470085,14.82905982905983,39.444444444444436,28851.0,0.4921,15393.0,60.94997189432265,19.800793138430322,48.912228057014254,45.76271186440679,30.04160130941826,98.7208186760473,25.60867489599673,0.2558362647905341,0.3009424249623822,9.222222222222221,36.548665557931415,29.421081808822365,29.270610596341182,12.877167973390355,1.4928328185633961,9.32222222222222,4.179530813601136,-5.142691408621083,"Coahoma County, MS",Mississippi
636,516,1.410986973710262,2.1498817596656012,train,13275,44824,47.3830983401749,52.6169016598251,59.871943601641966,36.47599500267714,99.05348281565891,51.470317956258036,47.58316485940085,0.9465171843411138,15.847275587692494,80.57664962333222,3.5760747889752817,30.722301514006663,43.80824447989254,25.469454006100804,51.63038091777065,29.208100697082823,19.161518385146522,23.56952268010673,39.787345760042,28.205128205128197,17.000589275191512,5.0,29.69875959834613,68.25999424791489,36.1230946218004,8.852459016393443,22.312338222605693,36641.0,0.489,20471.0,57.641041071159925,10.121626559482172,58.28410260319397,55.34438410974563,19.373403971490642,98.3852529294084,27.026717993673053,0.2572163475278651,3.337497769052294,4.0,30.695609494913434,26.3162591468856,33.178654292343396,16.118597180082098,3.6520613956808847,4.1,8.583843380659374,4.4838433806593745,"Thomas County, GA",Georgia
637,213,2.158201375540483,2.2541099058565512,train,6059,3116069,49.40840526958807,50.59159473041194,63.22067964477039,1.6628643332352395,99.58691216149937,73.63339076037175,25.95352140112763,0.4130878385006155,9.125297883336158,82.92944368717205,7.9452584294917905,33.895267258789914,46.32878430663146,19.775948434578634,33.421055037990016,28.840018423483105,37.73892653852688,12.846538496770199,21.383285400561594,12.874329680800836,8.337114374172662,1.0,15.447410758354607,83.04795250026504,25.315127611450105,4.216661564388277,7.274263810579648,76509.0,0.467,34817.0,68.35883917903422,7.4576373520757455,70.00046405725256,47.72026159133882,11.95129012960312,94.19457067839727,19.84445002658241,1.8001627928932482,34.161599117349446,8.555555555555555,30.18312495647561,30.521146996424022,33.442840964047974,12.761495332741346,35.11645602199438,8.655555555555555,9.526809777546775,0.8712542219912205,"Orange County, CA",California
638,396,1.789905900578732,1.6986951328168403,train,13031,72386,49.53858480921726,50.46141519078274,65.92020556461195,28.435056502638634,98.79419578990395,59.77927651747394,39.01491927243001,1.2058042100960555,11.329810911765275,69.26977491339103,19.400414174843718,47.363954068896646,36.2922283241804,16.343817606922947,41.178160169203856,29.803901088858137,29.017938741938014,32.903556978078385,47.82830342577488,49.3821100652538,11.203365902070146,5.0,21.35520759110895,82.39436619718309,23.132271892222906,4.3478260869565215,16.648805878750768,36032.0,0.5002,18719.0,59.806303926747646,8.983040866800142,71.40193660912972,63.64162686351136,9.201900523245325,96.6275872050948,21.378881738537718,0.5789549862498191,3.6332992567623577,5.8888888888888875,32.65134141961153,44.30691017600088,25.43447627994364,9.867930262757993,5.644737932749427,5.988888888888888,5.466809275572978,-0.5220796133159098,"Bulloch County, GA",Georgia
639,2565,1.4637696732881809,2.0054245369275234,train,48099,76128,49.496899957965525,50.503100042034475,71.52033417402271,15.152112232030266,99.30700636942676,70.95541401273884,28.3515923566879,0.6929936305732484,10.81661222585161,85.29398040130658,3.8894073728418106,29.23752427594359,43.44169551633876,27.320780207717643,42.07866732329829,43.10215617840395,14.819176498297756,13.836387245707689,24.659295448701464,12.5549853372434,13.712590080542602,3.0,58.14947801000394,81.13518713637822,23.455036877548213,4.548994456915112,11.209858445187596,49340.0,0.40399999999999997,19760.0,62.34443794060011,9.41339755888476,76.59477934726719,84.16238767650835,16.744805057318295,96.96726572528885,15.516772027464386,0.7220795892169448,17.452185792349727,4.2222222222222205,31.78462589323245,39.86312526271542,25.78420554854981,8.494903320722992,13.327553593947036,4.322222222222221,7.429247217147369,3.1070249949251476,"Coryell County, TX",Texas
640,2026,1.62924053973028,1.7295682988153025,train,38085,4380,50.57077625570776,49.42922374429224,14.086757990867579,0.045662100456621,96.50092081031308,33.76304481276857,62.7378759975445,3.4990791896869244,8.113137327874952,87.7186453293636,4.168217342761444,50.10176390773405,23.84667571234736,26.05156037991859,47.65453748355985,35.072336694432266,17.27312582200789,35.71595969064917,79.5662100456621,44.295661489019814,10.062312485575816,4.0,15.766423357664234,77.95992714025502,26.1384335154827,10.291438979963573,35.24590163934426,38068.0,0.5314,15557.0,59.02366863905325,19.9874686716792,39.103101424979045,46.855345911949684,25.35624476110645,93.71069182389937,38.139145012573344,1.572327044025157,3.5616438356164384,5.0,45.18264840182648,28.90410958904109,26.39269406392694,7.397260273972603,85.86757990867581,5.1,5.6382193569907635,0.5382193569907638,"Sioux County, ND",North Dakota
641,965,1.9909138641722421,1.8906499626630697,train,20167,6988,50.31482541499713,49.68517458500286,95.4350314825415,1.2449914138523182,99.92947813822285,75.74047954866009,24.188998589562765,0.07052186177715092,17.763280521901212,80.07455731593662,2.1621621621621623,18.884642112578174,57.34885337039611,23.76650451702571,43.13489677290038,32.852275005011016,24.012828222088594,12.880221219618685,23.336072308956453,12.602222688194587,17.803030303030305,6.0,33.18729463307776,71.44180302562519,42.08088916332201,7.100957085520222,9.601728928681693,41102.0,0.4633,26128.0,66.84073107049609,7.114955357142858,72.96870891401525,68.05644644002564,15.698133052853013,99.23027581783195,14.935577175913751,0.0,2.4470520892959358,7.222222222222222,27.718946765884372,23.86949055523755,31.39668002289639,23.23983972524327,3.3199771036061816,7.322222222222222,6.623672422022812,-0.6985498001994097,"Russell County, KS",Kansas
642,2045,2.707309185877491,2.480600508768969,train,39017,372538,48.98023825757373,51.01976174242628,86.03229737637503,7.785514497849884,99.52532516877943,69.38512538684347,30.14019978193593,0.4746748312206082,12.134177458601124,82.57697342632517,5.288849115073701,30.81006169143518,48.79409053907686,20.39584776948797,44.34521047258245,27.249639298340348,28.4051502290772,13.946152417541905,23.117977142700344,14.085704664084867,11.59331212346849,2.0,25.396673166885115,79.57318883610452,28.292013064133016,4.360896674584323,12.609857482185275,57540.0,0.4365,27490.0,67.24354646402253,6.925299480348857,76.73018927905558,65.97188772605858,13.420082653859042,96.8625476200902,12.500751789258434,0.4444541752419319,4.290032157793299,14.888888888888893,32.21040538146444,29.67160397060166,33.20063993471807,12.721118382554266,6.182188125775088,14.988888888888894,11.948437405349992,-3.0404514835389023,"Butler County, OH",Ohio
643,2714,1.7711787615280343,1.8963149164188249,train,48397,85536,49.04367751589975,50.956322484100255,86.35194537972315,5.29601571268238,99.50289975144987,80.04142502071252,19.461474730737365,0.4971002485501243,7.1535660741058065,90.1626110021912,2.683822923702984,22.863692256311392,59.44013480485177,17.696172938836852,30.684762715856994,32.42249080399369,36.89274648014931,6.268963318890713,8.091314332027556,6.143326804700616,7.911870164181923,2.0,24.63850806122948,85.89099342868188,23.90624450925959,2.5758161436553397,6.181255929999647,87524.0,0.4084,36163.0,71.15625618362904,5.566370040786059,79.59548466066953,66.6267029972752,6.683634809302688,96.71934604904631,16.398220287940312,0.10899182561307902,16.72862888140666,5.777777777777778,35.9906939768051,26.745463898241677,33.81032547699215,11.222175458286571,8.352038907594464,5.877777777777778,6.661301703424092,0.783523925646314,"Rockwall County, TX",Texas
644,2227,2.6998686753609076,2.8775245211888274,train,41051,768418,49.416463435265705,50.583536564734295,78.20248874961284,5.460829912885956,99.04311251314407,66.57268664563617,32.470425867507885,0.9568874868559412,17.107292834317644,71.14051964999749,11.752187515684865,38.70011463220601,39.83437838650472,21.465506981289266,28.041971575887704,30.619093524969692,41.33893489914261,18.116698128486355,30.945847615874875,20.123718312100326,12.913386652131527,1.0,20.3486529318542,80.55583273516186,24.22578371192491,4.838590268098844,21.07902623048968,54102.0,0.4829,31544.0,70.37429563622068,8.592689835925153,69.60721086514354,63.220346831515826,16.645169414880424,97.19964807483039,17.015138390148408,0.4862124053622282,11.087975554971383,14.777777777777779,25.037804944704572,35.85366298030499,32.71370530102105,11.52003206588081,16.336681337501204,14.87777777777778,17.770228861699447,2.8924510839216673,"Multnomah County, OR",Oregon
645,3097,2.2442495159810822,2.328286760893886,train,55113,16483,50.60971910453196,49.390280895468074,78.21998422617244,0.6916216708123522,98.0885922330097,58.52548543689321,39.56310679611651,1.9114077669902911,15.707826629248519,82.0704708450265,2.2217025257249765,23.061254183035068,55.60162956496435,21.337116252000577,43.46785507964018,33.977057027316995,22.555087893042828,16.66251090886423,44.30322287789378,15.197922264015762,15.258114374034006,6.0,37.166932361648826,72.25166462834625,43.71517869275717,4.715314580785432,18.16822937899171,41665.0,0.4563,25284.0,59.0323081702392,9.564530982765426,62.73030923391876,63.17107093184978,24.415472470638946,98.49791376912378,17.444240922314407,0.3616133518776078,2.0687981556755446,9.333333333333334,25.596068676818536,19.420008493599465,37.936055329733655,22.562640296062607,21.088394103015226,9.433333333333334,10.260348036914825,0.8270147035814919,"Sawyer County, WI",Wisconsin
646,2374,1.7127964254212538,1.2486047682869812,train,46039,4341,51.85441142593873,48.14558857406128,99.00944482838057,0.691085003455425,100.0,82.52525252525253,17.474747474747474,0.0,18.702406335668595,80.84069448674992,0.4568991775814804,20.91503267973856,62.23358908780904,16.8513782324524,50.752125572269456,28.9077828646174,20.34009156311315,7.742843735335523,7.819383259911894,8.564814814814815,14.907559091972852,6.0,38.95522388059703,81.21052631578948,32.473684210526315,2.4210526315789482,6.789473684210527,53152.0,0.4331,30511.0,71.9463904964971,2.9635901778154112,85.35496957403652,56.35696821515892,8.397565922920892,98.2885085574572,9.979716024340775,1.3447432762836184,3.0177378484220223,5.4444444444444455,28.541810642709056,21.653996774936648,35.199262842662975,20.317899101589497,0.2994701681640175,5.544444444444445,3.485476515974472,-2.0589679284699733,"Deuel County, SD",South Dakota
647,1069,2.7788192719904172,2.695166869709599,train,21165,6343,51.69478164906196,48.30521835093804,96.5158442377424,0.4099006779126596,100.0,55.94555873925503,44.054441260744994,0.0,12.53886010362694,84.49740932642487,2.9637305699481864,19.637058261700094,51.61413562559693,28.74880611270296,65.253108348135,24.089698046181173,10.657193605683835,29.88858388503149,90.9090909090909,33.46122225267196,22.74178104053623,5.0,20.94293808174828,62.01071281417387,40.66749072929542,11.289658014009065,26.823238566131025,31503.0,0.4366,16768.0,51.21149897330596,13.6327185244587,55.587542528134,63.870352716873214,27.34886155456687,99.6186844613918,21.617377649829887,0.0,2.270219139208576,16.0,28.80340532870881,25.193126280939612,35.37758158600031,17.341951757843294,3.0742550843449474,16.099999999999998,14.807989552047552,-1.2920104479524461,"Menifee County, KY",Kentucky
648,2255,2.132192107065365,2.0210562364164666,train,42035,39614,48.64694299994951,51.35305700005048,96.21345988791842,1.4994698843843086,99.38370516455072,66.36262788117835,33.021077283372364,0.6162948354492789,13.38431466684956,81.27636226466856,5.339323068481876,33.303921866918195,46.7642316000852,19.931846532996627,58.477991939023894,24.601939422961806,16.920068638014286,16.36989617515735,33.86367442639424,16.177699932327535,14.602507242289846,5.0,29.76523730754549,72.4249797242498,36.23952419572857,8.576642335766424,16.3963233306299,45078.0,0.4191,21937.0,60.943469533121814,6.125484779259416,72.9317762753534,73.72319086560715,18.87318172505634,98.58046597747257,12.280270436385988,0.2160160469063416,1.3328621194527186,8.333333333333334,29.32549098803453,31.329832887363054,31.1909930832534,16.8904932599586,2.2870702276972787,8.433333333333334,7.546291393467854,-0.8870419398654796,"Clinton County, PA",Pennsylvania
649,453,2.4069451083182885,2.2429188139056784,train,13147,25498,49.474468585771426,50.52553141422858,77.3237116636599,19.97411561691113,99.8185117967332,64.3557168784029,35.46279491833031,0.18148820326678766,13.535839389344904,84.70225335912585,1.761907251529252,24.643010649983285,49.62987726252448,25.727112087492237,57.42268619857439,28.983555031711287,13.593758769714315,21.93221026994114,39.71523010424613,25.106216092555066,18.132425090216113,6.0,28.730913642052563,66.21798091411351,43.294826720241076,6.489201406328478,18.473129080863885,37653.0,0.4649,20733.0,52.70114942528736,5.779716466739368,61.47569810789898,48.100751574243354,15.685447000070338,97.05464147877308,27.052120700569734,0.0,3.6042042513138286,11.0,27.433524197976308,24.747038983449684,33.661463644207394,19.93097497842968,2.702172719428975,11.1,9.420788725507657,-1.6792112744923422,"Hart County, GA",Georgia
650,2791,2.3234764520254214,1.9119968846993676,train,49043,38521,50.92287323797409,49.07712676202591,94.90148230835129,0.5321772539653695,99.73686775168112,79.90449273949908,19.832375012182048,0.2631322483188773,8.922516863556872,84.66397801491846,6.413505121524677,25.260356013974377,60.90168025286974,13.83796373315588,22.13176303205153,27.103505513180252,50.76473145476821,7.821826048427032,10.669116852232193,7.712042887229563,5.052478058181629,5.0,20.429688882596537,88.79873626768149,17.728153945573347,1.4073382638041214,3.5757880376247573,91773.0,0.4791,47733.0,74.63471861779658,3.153281890063828,83.33740532616662,61.71940632875946,3.795097320628716,90.47885746289556,14.382278687189508,0.8401008120974517,11.635211962306276,10.111111111111107,33.817917499545715,25.819682770436906,38.254458606993595,9.270268165416269,4.5663404376833405,10.211111111111105,6.766587411327691,-3.4445236997834137,"Summit County, UT",Utah
651,136,2.5810582263605166,2.651594286929953,train,5055,43382,49.506707851182526,50.493292148817474,96.22193536489787,0.9174311926605504,99.52085682074407,68.06651634723788,31.454340473506196,0.4791431792559188,13.762382406080615,82.15687496106162,4.080742632857766,22.172743833675504,51.47905040048579,26.348205765838703,59.131585361607286,25.509244750861807,15.359169887530902,17.77214476834249,29.575712330471568,19.242878838389448,20.169712793733684,5.0,31.819852941176467,69.38616472844983,37.56743795707949,7.337249730248171,16.634696079606762,41286.0,0.4288,20689.0,59.06947890818858,8.443604284814114,62.37327188940092,61.435483870967744,22.41167434715822,99.241935483871,20.75652841781874,0.016129032258064516,2.5863261260430592,13.111111111111107,31.37245862339219,27.405375501360012,33.179659766723525,14.745747084044073,2.8606334424415647,13.211111111111109,14.176622241776972,0.9655111306658632,"Greene County, AR",Arkansas
652,1854,1.7127964254212538,2.4756959071674842,train,36065,233558,49.80946916825799,50.19053083174201,85.98849108144444,6.02120244221992,99.02143243080988,57.64743551259731,41.37399691821256,0.9785675691901302,17.089990801122614,79.06464408547339,3.8453651134039952,34.286828152614625,41.92639567522611,23.78677617215927,45.54631087124903,31.23391549858831,23.21977363016265,17.059650042242513,37.667808796270286,16.454130765331982,15.595131587106149,3.0,29.76018870397065,72.15776495971116,36.76962705296993,7.290520012328828,18.481132490863462,48246.0,0.4573,25982.0,62.879494765589435,7.079453839680773,70.1196428055371,68.61947092213772,25.153165910470186,97.57684481096712,9.575759327225963,0.3427225018742637,5.148185889586314,5.4444444444444455,28.263643292030245,27.114892232336288,34.360201748602066,17.05058272463371,7.990306476335642,5.544444444444445,11.889978555985735,6.34553411154129,"Oneida County, NY",New York
653,2788,1.7127964254212538,2.1332386027343038,train,49037,15152,49.74920802534319,50.25079197465681,49.630411826821536,0.16499472016895458,99.87859166329422,61.16956697693242,38.7090246863618,0.12140833670578713,9.42778175862422,88.77060088033576,1.8016173610400243,40.04902850917015,40.403123297621214,19.547848193208644,47.91642211527174,33.184646085221274,18.898931799506983,28.088822693114892,52.08526413345691,33.35138794854435,16.143768894860596,6.0,16.32292280494991,73.36222278868213,28.34565383634973,9.864899311751213,18.30231965332653,41484.0,0.449,15654.0,54.468513853904284,8.56455789863115,44.73300970873787,52.93768545994065,21.00728155339806,96.61721068249258,35.91019417475728,1.0682492581602374,5.088437170010558,5.4444444444444455,42.46964097148891,27.24392819429778,28.379091869060193,11.576029567053855,50.204593453009494,5.544444444444445,8.442163399648607,2.8977189552041613,"San Juan County, UT",Utah
654,1210,3.378345666173059,2.85323142595532,train,24510,622454,47.13055101260496,52.869448987395046,30.31292272200034,62.835486638370064,98.99493275421952,34.878652798415054,64.11627995580447,1.00506724578047,20.36877480860403,69.2731239765781,10.358101214817864,51.95197195099257,23.507497037421533,24.540531011585887,47.248878987804524,24.05654090385476,28.69458010834072,23.66267483408198,51.905782088708925,26.223211381786022,15.346242934025874,1.0,19.84781708682502,73.29445077352355,27.809285584559245,9.665329304736902,26.6238215529909,42241.0,0.5098,25707.0,64.29809863166341,12.799074002224465,61.68510450829703,56.40374368460286,28.880757746340986,96.18039258993404,13.94439277497675,0.8613787581789569,4.577366359602476,29.222222222222214,27.326999264202648,35.57323111426708,31.200699168131305,12.058883066057891,6.8515906396295945,29.32222222222222,17.343736385310958,-11.978485836911261,"Baltimore city, MD",Maryland
655,690,1.7711787615280343,1.6712754505513419,train,17203,39106,49.52181250958932,50.47818749041068,96.80100240372322,0.5830307369713087,99.31709305881157,79.12547140964224,20.1916216491693,0.6829069411884621,11.959638874137015,86.39759249424677,1.6427686316162151,24.331111755046848,58.00251134936734,17.66637689558582,38.93613731250967,32.669707747023345,28.394154940466986,8.16782848875444,15.053121642592814,6.94983605321675,9.577669399190619,3.0,28.343067937288666,79.20557491289199,31.49128919860627,2.905923344947736,7.128919860627178,65852.0,0.4097,30804.0,67.67736545289979,5.411244277557738,83.36588117866597,76.2625373922224,11.209477932560864,99.10258666197431,8.657726858481967,0.0,1.6544775737738455,5.777777777777778,32.35309159719736,24.945021224364552,34.109855265176705,15.828773078300006,2.6159668593054777,5.877777777777778,5.318947527213015,-0.5588302505647631,"Woodford County, IL",Illinois
656,1863,1.513905485712537,2.1032297183882207,train,36083,159900,49.37085678549093,50.62914321450906,87.26641651031895,6.112570356472795,99.05544651619236,64.52710991167811,34.52833660451423,0.9445534838076546,15.63898619410674,79.41809190191634,4.942921903976921,36.29699177526571,44.104104855973254,19.598903368761032,38.218396062430244,33.19762867546155,28.58397526210821,12.445107514675836,23.886608615597076,11.898815535763474,12.507430595079994,3.0,24.749303401917416,77.98004633788833,31.47981780068404,5.300487020662915,12.492316421580215,60709.0,0.4295,30803.0,68.29719387755102,7.249743206648612,78.55611705481245,77.23671843530411,16.980125512866522,97.40858434408987,8.185495213245776,0.17902698831848898,4.32332707942464,4.4444444444444455,27.788617886178866,29.672295184490302,35.193245778611626,14.674796747967482,6.621013133208255,4.544444444444445,8.192586978574319,3.6481425341298737,"Rensselaer County, NY",New York
657,899,2.312535423847214,2.2319687406753923,train,20035,36079,50.40050999196208,49.59949000803792,87.71861747831146,3.1680478948973088,98.03063457330416,65.68006449383853,32.350570079465626,1.9693654266958425,14.977781304554831,78.67005237263926,6.3521663228059015,25.17341842397337,48.8554384017758,25.97114317425084,40.274697150656884,40.52636068930217,19.19894216004095,17.601627214574183,29.809596344249805,18.768410716790573,15.830680547190914,5.0,30.321072433064252,76.22004675628287,34.19783752191701,5.398889538281707,13.544710695499706,43860.0,0.4307,21950.0,63.41938440387993,6.677906906726079,72.35025281991443,69.66892132431471,14.799688837028393,99.21680313278746,17.113963438350837,0.0,10.011363951329027,10.0,31.73591285789518,27.536794257047035,31.658305385404248,16.735497103578258,9.113334626791207,10.1,9.31819313880399,-0.7818068611960101,"Cowley County, KS",Kansas
658,177,2.3968846612924475,3.0003238170117132,train,5137,12512,50.67135549872122,49.328644501278774,96.72314578005115,0.0399616368286445,100.0,68.89312977099236,31.10687022900764,0.0,18.054842353907773,80.93868748074355,1.00647016534867,19.53358388744339,53.03074106196396,27.435675050592657,56.306156405990016,27.842484747642807,15.851358846367164,24.56197012515139,63.81371932032725,26.15424297136962,24.375302273093663,6.0,42.71844660194174,55.8343057176196,55.11474134577985,10.365616491637496,16.33605600933489,29264.0,0.4879,18944.0,46.57534246575342,7.08955223880597,52.01767304860089,54.87967914438503,28.20324005891016,99.79946524064172,25.15463917525773,0.0,1.7023657289002558,10.888888888888893,26.630434782608692,21.139705882352946,33.38395140664961,24.504475703324808,3.2368925831202047,10.988888888888894,20.09204201490563,9.103153126016736,"Stone County, AR",Arkansas
659,2276,2.511404317020102,2.3397237370361363,train,42077,356756,48.683133570283324,51.31686642971668,79.30350155288208,6.530794156230027,99.35076050276324,63.12539736880716,36.22536313395608,0.6492394972367584,13.561910781060725,82.58432461308112,3.853764605858143,32.46640149564748,46.28835447674801,21.24524402760451,45.71863550846618,25.81113641614681,28.470228075387002,13.095611668821054,26.05010536174198,12.11059714045416,14.068498327749696,3.0,23.579102913130196,77.65452373842938,32.368617497760525,6.063003881755747,13.368916094356525,56117.0,0.4498,28688.0,67.72272828260387,7.925442337554402,73.97398179645124,68.21020563594821,14.566976188287212,97.43907083015993,14.356899880481752,0.4702970297029703,21.07014317909159,12.222222222222221,29.750305530951128,27.66708899079483,33.81526869905482,15.55544966307504,14.165704290887888,12.322222222222221,10.378369007668324,-1.9438532145538971,"Lehigh County, PA",Pennsylvania
660,2507,3.0597498256774345,2.8435222677720553,train,47173,19096,49.753875157100964,50.24612484289903,98.02052785923752,0.5603267700041894,98.61942015646572,67.90151863782789,30.717901518637827,1.3805798435342844,11.734028683181224,85.36334316887394,2.9026281479448293,21.729303887382148,52.58297817383443,25.68771793878341,69.87523629489603,21.01323251417769,9.111531190926275,21.52762961382548,43.872972040041425,23.40245450698265,18.20966464219699,3.0,26.273658503493657,65.77649958915366,42.02958093672967,9.531635168447,24.37688304574089,37351.0,0.424,18654.0,51.10425240054872,9.059186686350824,59.41146190803018,53.077975376197,27.719629375428962,97.8796169630643,19.612216884008234,0.27359781121751026,1.4243820695433598,21.222222222222214,28.922287390029325,25.717427733556768,35.77712609970675,15.699622957687476,1.4191453707582742,21.322222222222216,17.17615814351923,-4.1460640787029845,"Union County, TN",Tennessee
661,2686,1.67189092708065,1.7722209940288602,train,48341,22281,51.66733988600153,48.33266011399847,79.58798976706612,2.948700686683721,97.44061085972851,71.79015837104072,25.650452488687787,2.559389140271493,7.355679702048419,89.88427773343975,2.7600425645118385,26.294623522860856,54.544329641774425,19.16104683536472,62.00636201412056,25.944603925828233,12.049034060051206,20.109165340004548,45.915789473684214,17.48088028718589,12.806231037449622,5.0,11.295001978108928,87.0013056724213,22.414043232264614,2.0600609313796605,14.333381691571159,49802.0,0.3837,19495.0,72.2736659782826,3.5394967278090146,66.02277974449746,57.65989092711949,7.657380329382793,97.7689638076351,28.336155148530086,1.7848289538919186,52.641263857097975,5.222222222222221,39.2397109644989,31.223912750774197,27.48978950675464,9.546250168304836,17.46330954625017,5.322222222222221,5.88390698228366,0.5616847600614392,"Moore County, TX",Texas
662,2226,0.9766538816012459,1.730874735379475,train,41049,11204,51.76722599071761,48.2327740092824,86.29061049625133,0.4373438057836487,100.0,75.52447552447552,24.475524475524484,0.0,11.025096766138097,82.56960918966163,6.405294044200274,24.48814343551185,53.27935222672065,22.232504337767487,59.41824343405817,30.0480090369952,10.533747528946623,16.549991024950636,34.56521739130435,14.989997142040586,15.425151839942837,5.0,35.605214152700185,80.35524920466595,31.94591728525981,4.374337221633086,15.933191940615055,50918.0,0.3779,20497.0,65.0677271032683,8.72803666921314,68.08152007355194,56.21301775147929,14.18939626110941,99.07955292570676,21.48329757891511,0.0,34.01463762941807,2.5555555555555562,35.45162441985005,24.982149232416997,33.26490539093181,13.64691181720814,13.272045697965009,2.6555555555555563,5.64559014660173,2.990034591046174,"Morrow County, OR",Oregon
663,1306,2.7220261549581837,2.650871910464768,train,26163,1778969,48.067841541926825,51.932158458073175,53.34252592372324,39.414346174666335,99.39281704649359,52.015185360941665,47.37763168555192,0.6071829535064064,16.48528852480788,79.023470749096,4.491240726096116,41.00561744852312,35.77992868918237,23.214453862294512,45.61216618300701,32.401209989159305,21.986623827833682,25.03421644344511,58.411906802774105,26.96975356521441,16.053591400381258,1.0,21.47276239000432,69.93383537522011,32.872353976996,9.528605147802633,26.80184331797235,41210.0,0.493,22897.0,60.47585860629632,14.436783774138545,60.0795846336245,70.21329396915046,25.928782654910673,97.16150011766469,18.04772352516319,0.7628949789273259,5.547707689116561,15.111111111111107,31.282894755333,28.42326088875073,33.758373529836675,13.474602424213126,7.2431279016104275,15.211111111111109,14.16638508150069,-1.044726029610418,"Wayne County, MI",Michigan
664,2961,2.5640942911418034,2.70472974608008,train,53031,30083,49.36342784961607,50.63657215038394,90.39324535451915,0.8609513678821926,97.19381688466112,70.89179548156957,26.30202140309156,2.8061831153388823,17.446961237836973,77.8991864731217,4.653852289041313,20.61971830985916,52.23286384976525,27.14741784037559,29.1212421539478,33.878427485959705,37.000330360092505,12.010819324134625,20.411203814064365,12.634829700577367,17.150252009263042,6.0,48.40806220743549,61.50350171360453,52.4139472507823,5.766651765757711,12.95634033676054,49279.0,0.4297,28593.0,50.05763803315181,9.139998411816087,67.19501665227581,70.69216146706921,22.838287899346252,98.18852733981883,16.485753052917232,0.16772895001677288,3.407239969417944,12.888888888888893,18.033440813748623,17.611275471196358,38.31067380247981,30.06016687165509,8.745803277598641,12.98888888888889,14.950275773882085,1.9613868849931944,"Jefferson County, WA",Washington
665,220,2.366081404553173,2.5967371163753334,train,6073,3223096,50.22949983494132,49.77050016505869,70.85169042436219,5.065812498293567,99.41604268929306,70.23114172343264,29.18490096586043,0.5839573107069413,11.105506358280714,80.00286465144664,8.891628990272642,35.64920486543127,43.50470426128257,20.84609087328616,32.94736881669809,31.331251051242372,35.72138013205953,14.471734724101498,22.58632376769973,15.342229391996973,9.655568734983056,1.0,28.991161193548788,80.29149381670089,24.94760806721521,4.8485729196084275,7.655939686900508,64309.0,0.4651,31266.0,66.32766259850663,8.535157600870216,70.1141453892706,55.54577081696025,13.808946595143327,94.50939633567228,19.11620151087821,1.5915275541367684,32.91850444417417,10.555555555555557,29.24259780037579,33.924835003363235,31.166245125804505,12.338261100507092,24.08249707734427,10.655555555555555,13.419879016988068,2.7643234614325127,"San Diego County, CA",California
666,2224,1.9909138641722421,2.292508389450817,train,41045,30551,54.652875519622924,45.34712448037708,85.66004386108474,1.2438218061601911,99.13385826771652,66.49606299212599,32.637795275590555,0.8661417322834646,15.522774327122152,81.34057971014492,3.13664596273292,30.092190665178386,42.94927446359916,26.958534871222447,49.7134526442791,36.49205710838528,13.794490247335613,25.45609611391279,56.38784852267997,27.162188664444013,16.81555825153487,5.0,28.0640516601946,71.63134357378962,37.05035971223021,8.390044720979972,28.757534512930192,35418.0,0.4551,16867.0,60.046991521095116,10.956107519564476,57.35303907862325,64.42835198595567,23.999733706144728,97.71779679613779,23.62692230876773,0.7241606319947334,32.68960099505745,7.222222222222222,31.75018820987857,29.792805472815946,29.56040718798075,15.69506726457399,13.096134332755065,7.322222222222222,9.899738963313183,2.577516741090961,"Malheur County, OR",Oregon
667,2032,1.3261904370501851,1.3051820678521768,train,38097,8077,50.167141265321284,49.832858734678716,96.37241550080476,0.5818992200074284,99.83324068927182,78.65480822679267,21.178432462479154,0.16675931072818231,19.629818305314995,76.15894039735099,4.211241297334013,25.860239502804305,52.16007276034562,21.979687736850085,33.3028362305581,40.25617566331199,26.44098810612992,10.479666319082376,14.810045074050224,10.799623706491065,9.991135874382676,6.0,29.407076824992032,77.85234899328859,32.06223306894448,2.2574740695546063,8.023184868822451,54960.0,0.4607,30213.0,67.95734208367513,2.631578947368421,87.7838519764508,70.35100821508588,9.75609756097561,97.01269604182224,7.275021026072331,0.0,3.0333044447195743,3.6666666666666665,29.63971771697412,26.03689488671537,32.97016218893154,18.682679212578925,3.045685279187817,3.7666666666666666,3.6883605644625677,-0.07830610220409895,"Traill County, ND",North Dakota
668,980,1.7326383462202575,1.7951849341996218,train,20197,6997,50.8646562812634,49.1353437187366,96.39845648134914,0.22866942975560955,99.14285714285714,80.85714285714286,18.285714285714285,0.8571428571428572,14.252427184466018,84.64077669902912,1.1067961165048543,20.645510277677605,58.78110349801658,20.573386224305807,43.87904066736184,33.15954118873827,22.961418143899888,5.884066414214972,5.8605798889574325,6.382978723404255,14.577893820713664,4.0,34.05838580423583,76.53673163418291,35.044977511244376,3.185907046476762,4.7976011994003,54688.0,0.3536,23962.0,67.12674961119751,6.255430060816683,84.64802795806291,76.62565905096659,7.8382426360459325,98.24253075571178,10.459311033449826,0.0,3.2156638559382587,5.5555555555555545,31.25625267971988,22.023724453337145,35.87251679291125,17.093039874231813,3.372874088895241,5.655555555555554,6.0205880314884155,0.36503247593286137,"Wabaunsee County, KS",Kansas
669,109,1.895451927785184,2.0960301004226025,train,5001,18731,47.70700976990017,52.29299023009983,72.38268111686509,25.68469382307405,99.2345163535143,60.496404546508934,38.73811180700535,0.7654836464857342,17.705242334322453,79.09424897555463,3.2005086901229336,24.975222993062445,48.36471754212091,26.660059464816648,60.37692129450838,27.187765505522517,12.435313199969105,20.120560443141088,43.741542625169146,20.522419807708676,21.728314947004108,6.0,26.07969956186105,73.67945240862714,34.857290455895644,8.175125920185975,18.636187524215426,36411.0,0.4816,22473.0,60.889516413695716,7.397101449275363,60.392902408111546,51.8756011542161,23.329712112982076,99.42289195254892,20.559478544269414,0.28855402372555305,2.9149538198708025,6.5555555555555545,29.646041321872826,25.19352944316908,34.39752282312744,17.174737066894455,1.9326250600608617,6.655555555555554,8.133815302851165,1.4782597472956107,"Arkansas County, AR",Arkansas
670,1537,2.145281299175379,2.2069207812486553,train,29121,15460,48.77102199223803,51.22897800776197,94.80595084087969,2.7490297542043978,99.89154013015184,70.30911062906723,29.5824295010846,0.10845986984815616,18.820762933286886,78.91482320153284,2.2644138651802823,22.35739606832098,51.603287141476,26.03931679020303,56.15962441314554,28.328638497652573,15.511737089201874,19.07742998352553,46.917534027221784,17.6139848701697,18.086647353173557,6.0,35.616554771819494,68.74899887874419,40.7176037161621,4.949543488707351,12.077526830049656,36976.0,0.4164,19738.0,60.9913043478261,8.354719133162247,70.04204625087597,67.12049012933969,16.701705209063302,99.18311776718856,18.43027330063069,0.17018379850238255,1.2095730918499354,8.444444444444445,30.291073738680463,22.60672703751617,32.949547218628716,20.58861578266494,2.445019404915912,8.544444444444444,9.087690279602265,0.5432458351578209,"Macon County, MO",Missouri
671,3089,1.6925528191446069,1.6879051070247473,train,55097,70432,50.06957064970467,49.93042935029533,94.0368014538846,0.6161971830985915,99.3719220612376,76.76825351509528,22.60366854614232,0.6280779387624009,14.35097787510383,75.2095446651061,10.439477459790078,35.65362141595326,48.5069302894415,15.839448294605242,41.230278239762654,29.57027913876028,29.19944262147705,15.08337317714559,15.197924512511511,18.44532572854469,10.912228656188493,5.0,25.237326330358247,79.11624891961971,30.15701526937482,4.217084413713628,12.226303658887927,51613.0,0.4266,26071.0,68.83003388621366,6.742155313139689,81.48476143162624,72.1989153791057,12.910123766118755,98.59817865547943,9.084821910706957,0.030696817763225213,2.943264425261245,5.333333333333333,28.583598364379824,33.57280781462971,32.343253066787824,14.134200363471148,5.347001363016812,5.433333333333333,5.408139356675812,-0.025193976657520878,"Portage County, WI",Wisconsin
672,1951,2.118929313186954,1.9315610645522858,train,37135,138644,47.74746833617034,52.25253166382966,74.98196820634142,11.675225758056605,99.9396949272792,74.76764810216389,25.172046825115288,0.060305072720822986,15.222522252225225,71.7031703170317,13.074307430743074,41.24391216181084,43.348874291557614,15.407213546631539,23.538685854502784,19.835465095603315,56.625849049893894,15.768352645071804,16.136960053317782,19.45772386728505,8.299862248966866,3.0,16.194673413313744,83.25944487278335,22.42868157286045,2.0508866615266,8.600616808018504,59290.0,0.5254,36380.0,67.57498905269304,6.260040770591174,83.19779201078713,72.40604575163398,6.705081746165514,96.01034858387798,11.924827237485252,0.3880718954248366,8.29895271342431,8.222222222222221,30.429012434724907,36.853379879403356,32.00138484175298,10.717376878912901,13.342806035601974,8.322222222222221,6.900273610773299,-1.4219486114489222,"Orange County, NC",North Carolina
673,2682,1.928295602354331,1.828294047614308,train,48333,4875,45.989743589743604,54.010256410256396,98.37948717948721,0.2461538461538461,100.0,77.30263157894737,22.69736842105264,0.0,14.99143346659052,83.92347230154199,1.0850942318675043,17.57496740547588,57.44458930899609,24.98044328552804,43.919928293994616,33.970720047804,22.10935165820137,14.628960238145867,27.15654952076677,14.076723016905069,16.295825386734474,6.0,30.77986725663717,66.72077922077922,43.45238095238096,3.896103896103897,6.222943722943723,43920.0,0.4694,22804.0,54.610333999429066,3.1364349189754317,65.91004623791508,77.22419928825623,10.67675493905002,98.75444839857651,25.72509457755359,0.0,16.164102564102564,6.777777777777778,33.35384615384615,18.317948717948717,31.302564102564105,24.676923076923078,1.3743589743589744,6.877777777777777,6.223261010709055,-0.6545167670687224,"Mills County, TX",Texas
674,2698,1.86149280724273,2.220349331672959,train,48365,23900,48.26778242677825,51.73221757322176,80.95815899581591,17.606694560669453,97.14434964304372,65.50583318822915,31.638516454814557,2.8556503569562945,13.296461425588353,82.64574750268073,4.05779107173091,22.301436417406002,49.82044782425011,27.878115758343892,49.55978769903216,37.620980330939744,12.8192319700281,15.040075436115039,29.524913093858643,14.412845811568973,17.20108007763058,6.0,25.56291390728477,74.05581082595539,36.18738092569764,5.760394486159363,13.190630953715115,50119.0,0.4471,25693.0,59.71989733288695,5.493786788750818,64.86179208413274,66.27695505326061,10.353158530519432,98.33723044946741,27.00206068357848,0.5975578072226553,8.90794979079498,6.333333333333332,30.171548117154806,28.276150627615067,31.025104602510467,16.514644351464437,1.4351464435146444,6.433333333333332,9.210547840039885,2.777214506706553,"Panola County, TX",Texas
675,2340,1.3261904370501851,1.3915220269378186,train,45061,18461,52.2236065218569,47.77639347814311,32.93429391690591,64.81772385027897,100.0,43.51032448377582,56.48967551622418,0.0,15.665775821411724,81.03285646910862,3.301367709479642,41.86835106382979,32.599734042553195,25.53191489361702,64.13356822549648,25.16816143497757,10.698270339525942,27.657176749703442,77.33217088055798,29.17297788548924,21.47392155699282,6.0,20.99958292784652,66.8598277212216,40.36021926389977,14.80031323414252,28.09710258418168,30954.0,0.4672,15662.0,55.61986703167775,14.006468851075795,60.37398050527153,52.544855364335405,24.348518002784964,98.24240205053093,21.812214044161525,0.6590992310508972,2.128812090352635,3.6666666666666665,27.43621688965928,27.85331238827799,34.640593683982445,15.470451221493962,2.247982232815124,3.7666666666666666,4.0209654156189325,0.2542987489522659,"Lee County, SC",South Carolina
676,1715,1.2335316065674804,0.8794458566935182,train,31135,2924,49.3844049247606,50.6155950752394,98.83720930232558,0.13679890560875513,100.0,89.55007256894052,10.449927431059509,0.0,17.34367868553172,81.97170241898677,0.6846188954815152,17.44880546075085,64.54778156996586,18.003412969283282,41.17647058823529,36.801166747690814,22.022362664073896,6.894150417827298,10.372771474878444,6.5143412736995625,11.515782171349287,6.0,24.19354838709677,77.95655671761868,34.674175382139985,3.37892196299276,4.666130329847143,55893.0,0.396,29171.0,68.32496576905523,1.4696058784235138,82.84829721362229,68.75,9.845201238390091,98.61111111111113,12.693498452012385,0.0,3.6593707250342,3.333333333333333,28.043775649794803,22.606019151846784,32.6265389876881,21.10123119015048,1.0259917920656636,3.433333333333333,2.409564092577212,-1.023769240756121,"Perkins County, NE",Nebraska
677,3048,1.8786165133213217,1.909819998624933,train,55017,63209,52.066952490942754,47.933047509057246,95.12569412583653,1.3589836890316251,98.71662181742909,75.14662250741738,23.56999931001173,1.2833781825708963,14.354636320366929,82.66193587469171,2.98342780494137,25.462908592679586,54.443139557643356,20.093951849677037,46.71391898952725,34.085281355778186,19.200799654694567,10.050575168583896,13.17935879835258,10.582778306374882,12.702343660308662,4.0,30.57815581854043,76.92276765971133,33.94845816749085,5.48787842238572,12.861335584770634,52109.0,0.4035,25651.0,69.14353346244889,5.088543773925493,75.37419038806945,73.02550390785684,17.479453545964187,98.6219662690251,10.79301148424318,0.1336898395721925,1.4459966144061764,6.4444444444444455,28.89461943710547,26.406049771393317,35.00292679839897,15.622775237703493,3.515322185131864,6.544444444444445,6.751873342656747,0.20742889821230204,"Chippewa County, WI",Wisconsin
678,3119,2.0918640616783932,2.2671958119891,train,56015,13544,53.012404016538675,46.98759598346131,91.92262256349674,0.3617838157117543,99.84894259818728,72.31873111782477,27.53021148036254,0.1510574018126888,17.210979763574432,78.60148266880384,4.187537567621718,24.674980100822506,50.96842663836562,24.35659326081189,39.072077784823506,38.07863031071655,22.849291904459943,17.870692380651278,46.7670011148272,16.540653716412702,13.374071782178216,6.0,35.835798816568044,73.36552748885586,38.57726597325409,5.386329866270431,8.320950965824665,42689.0,0.4358,25105.0,63.112840466926066,6.689272503082616,68.95203336809176,67.59969325153375,15.53701772679875,98.27453987730058,20.907194994786234,0.0,10.403130537507383,8.0,26.602185469580633,26.63171884229179,33.48346131128175,19.816893089190785,7.715593620791494,8.100000000000001,9.652295975650299,1.5522959756502974,"Goshen County, WY",Wyoming
679,961,2.1054882506179364,2.0051970627001214,train,20159,10014,50.45935690033953,49.54064309966047,90.37347713201521,1.807469542640304,98.12845597618036,71.11867290514675,27.00978307103361,1.871544023819651,15.985235661555937,82.02725724020443,1.9875070982396368,24.23827882104216,54.99316005471956,20.768561124238282,42.4777378534604,36.27558194032183,21.24668020621778,14.701130856219713,22.058823529411764,15.779092702169626,13.274246128769358,6.0,29.557614511288005,78.87142489049215,35.609379026024214,3.349652151507344,9.739757794382893,48460.0,0.4275,23687.0,68.21165438713999,5.636292223095051,74.23175965665236,71.76829268292683,9.339055793991415,98.23170731707316,19.879828326180245,0.6097560975609756,10.864789294987018,8.11111111111111,31.0665068903535,28.180547233872577,30.69702416616736,17.645296584781306,7.819053325344519,8.211111111111109,7.427557447073327,-0.7835536640377816,"Rice County, KS",Kansas
680,2360,0.8892620594862357,1.1386481936960269,train,46011,33046,50.94111238879138,49.05888761120862,92.73739635659383,1.295164316407432,99.52049497293116,72.97757153905647,26.542923433874712,0.4795050270688322,16.410975716665206,68.2738669238187,15.315157359516089,47.43250588874796,40.78275049827867,11.784743612973365,31.466589528492907,27.76974255134509,40.76366792016199,16.26931791281999,10.282292557741659,22.25746761829236,9.737497721334387,5.0,20.05948571213433,87.67545638945235,23.139959432048677,1.8742393509127788,7.237322515212983,50082.0,0.4508,25727.0,73.25642965204239,3.1803397181062523,85.6114487693435,68.40481332921937,7.612397086081296,97.0688059240975,9.491788439156858,0.0,2.3452157598499057,2.333333333333333,30.881195908733282,46.768141378684255,23.539914059190224,10.101071234037404,5.967439326998731,2.433333333333333,3.122544435609575,0.6892111022762419,"Brookings County, SD",South Dakota
681,1954,2.2789752273549118,2.368837330419095,train,37141,55166,50.0235652394591,49.9764347605409,76.27705470760976,17.119240111662982,99.79596833428549,68.18738268179222,31.60858565249327,0.2040316657145189,13.579177792210915,80.96750138317576,5.4533208246133125,26.287653608979195,48.09458320393949,25.617763187081323,45.5413434346055,33.26674104247204,21.19191552292245,18.451728048485748,33.223612025455346,19.847482014388486,17.52929961307688,3.0,34.924593558101776,72.43417784401392,34.80874316939891,4.3467461500248366,16.229508196721312,44828.0,0.4666,23561.0,61.52167588012802,9.257507685031925,64.91374771594042,66.59966499162478,16.445229025364675,98.20212171970964,23.933847440304756,0.3126744835287549,6.2737918283000385,9.666666666666666,28.707899793350983,24.761628539317694,36.3267229815466,16.68781495848893,6.603705180727259,9.766666666666666,10.684961979076354,0.918295312409688,"Pender County, NC",North Carolina
682,1203,2.4462043207689623,2.1456760769515615,train,24035,48600,49.4320987654321,50.56790123456791,89.60699588477367,7.4074074074074066,99.79050915383915,75.39848802258858,24.392021131250573,0.2094908461608525,9.551378716070658,87.30342524773806,3.1451960361912965,25.49880186656577,56.05246563248836,18.44873250094589,38.554074772968505,26.518457365255337,34.927467861776144,7.467843316821378,12.35361177324075,6.883277313338504,10.548786837446633,2.0,30.75484801538544,81.20077616710421,33.255336148841465,2.454057755963931,8.669101700719096,85963.0,0.4049,38733.0,71.16854357395555,5.278336432284749,83.08239519303821,76.52087721471936,12.131362663167346,95.1926650972618,7.5592237032944265,0.8673026886383347,3.3724279835390947,11.444444444444445,29.232510288065853,22.83127572016461,37.767489711934154,16.796296296296294,2.9855967078189303,11.544444444444444,8.547818267132229,-2.9966261773122156,"Queen Anne's County, MD",Maryland
683,80,0.842524581634546,1.5268580776160736,train,2164,1474,49.59294436906378,50.40705563093622,22.048846675712348,0.5427408412483039,99.56331877729258,53.05676855895196,46.50655021834061,0.4366812227074235,13.782383419689117,83.8341968911917,2.383419689119171,39.38294010889293,39.473684210526315,21.14337568058076,55.59440559440559,31.46853146853147,12.937062937062937,16.83708248125426,30.72463768115942,16.114285714285714,13.025780189959296,6.0,17.421259842519685,89.40936863543789,17.922606924643585,5.7026476578411405,23.421588594704684,50781.0,0.4403,23041.0,70.76771653543307,9.735744089012515,41.323210412147496,31.914893617021278,14.859002169197394,97.87234042553192,46.85466377440347,2.127659574468085,2.1709633649932156,2.2222222222222223,39.348710990502035,29.511533242876524,33.03934871099051,6.377204884667572,77.40841248303934,2.3222222222222224,4.603689639887946,2.281467417665724,"Lake and Peninsula Borough, AK",Alaska
684,2150,2.502346284073356,2.445942973631725,train,40051,53612,49.55980004476609,50.4401999552339,85.50511079609042,2.1096023278370515,99.32667574519594,73.11242245422909,26.214253290966862,0.6733242548040551,11.395530472903175,84.18533168728428,4.419137839812552,22.703436651371852,53.607547523176315,23.689015825451822,50.93538839559949,31.48210197129614,17.582509633104372,12.682224033667607,21.240007436326454,12.477693113899667,15.179968701095461,2.0,30.970334358567317,76.71141967430701,32.96237684414722,7.524631170554903,13.956812496809436,52279.0,0.4295,24965.0,62.41679853314243,4.1730382293762585,67.24683544303798,64.99142593325419,14.67175477786051,97.94222398100516,22.1487962273517,0.0,5.256285906140416,12.111111111111107,31.808177273744693,27.01820487950459,33.66970081325076,14.610534954860851,12.385286876072518,12.211111111111109,11.541427731159756,-0.6696833799513531,"Grady County, OK",Oklahoma
685,1087,2.376454941560501,2.276619480574734,train,21201,2208,49.81884057971014,50.18115942028986,99.09420289855072,0.0,100.0,67.86570743405275,32.134292565947234,0.0,16.705202312138727,82.42774566473989,0.8670520231213872,21.5493726132024,52.10038188761593,26.35024549918167,61.450381679389324,22.519083969465647,16.030534351145036,22.030740568234744,69.51219512195121,21.1484593837535,17.745691662785283,6.0,23.953098827470694,57.74193548387096,43.44086021505376,8.924731182795698,20.0,31741.0,0.4447,19246.0,49.94219653179191,6.712962962962964,63.17460317460318,45.53191489361702,25.87301587301588,96.38297872340424,14.047619047619047,0.0,0.0,10.666666666666666,24.0036231884058,23.460144927536234,33.96739130434783,23.68659420289855,0.9057971014492754,10.766666666666664,9.743685952113458,-1.0229807145532064,"Robertson County, KY",Kentucky
686,2920,2.502346284073356,2.2639313400215872,train,51630,27395,46.661799598466864,53.338200401533136,65.63971527651033,23.299872239459766,100.0,51.475293281194446,48.524706718805554,0.0,18.74120773198562,70.90084926796227,10.357943000052105,45.89741310338697,31.53613654547071,22.566450351142322,35.94596277158688,26.713565336487584,37.34047189192554,16.512581397218426,24.220677281901768,18.564159156397523,9.753941358479445,2.0,29.442823398638325,80.92261904761905,20.575396825396822,3.0654761904761902,17.410714285714285,51762.0,0.4736,29090.0,68.22664681801265,8.945861175507977,74.5462310484732,68.01736613603472,9.940209267563528,96.63531114327057,18.022635062993807,0.0,11.085964592078849,12.111111111111107,29.39587515970068,43.06260266471984,25.90618726044899,10.334002555210805,11.060412484029934,12.211111111111109,9.620837701280045,-2.590273409831063,"Fredericksburg city, VA",Virginia
687,432,2.465270675271141,2.3019582311044022,train,13105,19537,47.40748323693504,52.59251676306496,66.81680913139172,30.32707171008855,99.61000229410416,58.820830465703146,40.78917182840101,0.3899977058958477,14.691498626649695,82.91016279225566,2.3983385810946607,28.863266073442787,45.06203784935456,26.07469607720266,68.83078513922742,20.5480463845188,10.621168476253787,19.033766233766233,37.836107554417424,19.91654630075429,17.619022949800552,6.0,30.2016075899328,63.54597107438017,40.85743801652893,7.347623966942147,20.90650826446281,35388.0,0.4784,19841.0,53.33244111349036,10.564617314930992,56.21631020692054,52.701917489831494,23.578508085550343,99.70947123765251,24.108850634672237,0.0,5.287403388442441,11.666666666666664,28.40251829861289,25.321185443005575,33.99191278087732,18.375390285100067,2.856119158519732,11.766666666666662,9.993733345472226,-1.7729333211944365,"Elbert County, GA",Georgia
688,2533,2.118929313186954,2.236603815914095,train,48035,17971,49.26270101830728,50.73729898169272,94.16838239385677,1.49685604585165,100.0,71.92849949647533,28.07150050352467,0.0,13.365102639296186,84.80938416422288,1.8255131964809383,19.9932042133877,55.64390078151546,24.362895005096842,52.90839155349714,30.09655388963027,16.995054556872596,14.501080896575266,30.03311258278145,13.673078524440005,16.48981444702945,6.0,35.895421101507246,68.86698099728535,44.40634376339477,5.729389912844693,11.558794113444776,44674.0,0.4603,24658.0,56.10577979635192,7.546677111894502,60.08982341533122,68.65594187856772,12.269061957742164,98.44317592112093,30.45830356231499,0.5967825635703166,16.85493294752657,8.222222222222221,28.12308719603807,20.917032997607254,34.010350008346784,22.970341105113803,4.3347615602915806,8.322222222222221,9.36148391559027,1.039261693368049,"Bosque County, TX",Texas
689,105,2.502346284073356,2.5650793231650795,train,4021,389772,51.95396282955164,48.04603717044837,79.37255626366183,4.606282647291237,99.0738730916721,64.83095083051671,34.242922261155385,0.9261269083279068,11.149560856922438,84.90668209601805,3.943757047059522,29.48033940464555,46.15442067082101,24.365239924533448,45.12363240601074,36.892673705917176,17.983693888072096,17.306238909943264,34.15501905972046,16.8752514481249,13.652488066435625,2.0,35.88894470816203,68.07341750327197,38.2416790100236,4.936559063942507,13.659981661298287,49477.0,0.4148,21130.0,54.9006399461098,10.440908784467066,63.82676432403302,61.20882780334222,21.942042476055164,96.70168321627511,18.658109399113243,0.8491765560668443,29.09239247560112,12.111111111111107,31.1399997947518,28.370688505074764,29.59858583992693,17.16182794043697,16.021161089046927,12.211111111111109,13.001689663942859,0.7905785528317502,"Pinal County, AZ",Arizona
690,173,2.54683760751849,2.602526526870353,train,5129,7965,50.01883239171375,49.981167608286256,95.53044569993723,0.2762084118016321,99.26829268292684,87.6219512195122,11.646341463414636,0.7317073170731708,15.859525336754329,80.69275176395125,3.44772289929442,18.968133535660094,55.918057663125964,25.11380880121396,58.30195138651146,27.781581650119826,13.916466963368707,23.60050890585243,44.35555555555555,27.78688524590164,23.33671914677501,6.0,28.07905138339921,63.61916771752837,49.18032786885247,9.583858764186633,13.96595208070618,33083.0,0.462,18533.0,48.15586914688903,5.827505827505827,47.01123595505618,54.14333706606943,31.73033707865169,99.77603583426651,26.38202247191011,0.0,1.94601381042059,12.666666666666664,25.260514752040176,21.581920903954806,34.61393596986817,23.214061519146266,4.193345888261143,12.766666666666662,13.497797538930671,0.7311308722640089,"Searcy County, AR",Arkansas
691,1551,2.465270675271141,2.551239947317235,train,29149,10979,49.08461608525367,50.91538391474634,95.36387649148377,0.23681573913835505,98.99234179766223,67.31156791616284,31.6807738814994,1.007658202337767,17.274793635602347,79.16018662519441,3.565019739203254,20.61452513966481,51.128491620111724,28.256983240223466,58.084609395276395,30.87204775499611,11.043342849727486,26.333457665050354,65.15045486354093,29.253592953175698,25.025357307514984,6.0,40.20946104965874,63.22418136020151,45.17975727043736,11.60980077856652,22.899015342340284,29851.0,0.4464,17070.0,52.09230033476805,6.931374799173744,53.22527290770758,50.2588438308887,23.13926563016871,98.87834339948229,27.224611313264973,0.1725625539257981,1.4573276254668004,11.666666666666664,28.800437198287643,20.129337826760175,35.33108661991074,21.941889060934507,4.399307769377903,11.766666666666662,12.822993765975124,1.0563270993084615,"Oregon County, MO",Missouri
692,1749,2.792527505843612,2.692780771846744,train,32017,5194,54.94801694262611,45.051983057373896,90.64304967269928,2.926453600308048,100.0,81.33223684210526,18.667763157894736,0.0,14.385086254869226,83.2220367278798,2.3928770172509743,25.672200140285245,52.63034837502922,21.697451484685526,41.953035509736544,37.714776632302396,20.332187857961053,13.094002905167045,25.23171987641607,11.998756605533107,15.376634156463995,6.0,38.50025163563161,60.5416887944769,41.31704726500266,2.867764206054169,5.3637812002124265,44866.0,0.4993,23924.0,50.84651679156259,9.115720524017462,63.919483478921386,61.1340206185567,14.887960501329285,100.0,21.192556019749333,0.0,7.142857142857142,16.22222222222222,33.076626877165964,29.63034270311898,27.60877936080093,19.2722371967655,6.4304967269926845,16.32222222222222,14.77269836068646,-1.549523861535759,"Lincoln County, NV",Nevada
693,35,1.895451927785184,2.7076601241943496,train,1071,52860,49.33030646992054,50.66969353007945,90.97048808172528,3.0930760499432464,99.80045115391287,70.89189658164152,28.90855457227139,0.1995488460871074,13.8877962434851,83.72750516274955,2.384698593765365,21.466402615944364,53.54165707180031,24.99194031225533,62.99273998386664,24.563054584565744,12.444205431567626,17.995718490767995,35.031172803199624,18.71112144642753,17.060688232822823,5.0,24.836506321755557,66.5557241446821,41.246145563114865,6.313934707062797,15.040869267289903,37745.0,0.4421,20066.0,56.299125835598325,9.955636743215033,66.46848613263337,63.0939466261662,17.282818380190378,97.78693859839443,21.624869548717623,0.4990236493816446,2.743094967839576,6.5555555555555545,28.087400681044265,25.463488460083237,34.77676882330685,17.864169504351114,5.936435868331442,6.655555555555554,14.994149987433678,8.338594431878125,"Jackson County, AL",Alabama
694,2479,2.7578980068297776,2.3580960795164927,train,47117,31159,49.228152379729785,50.771847620270215,89.367437979396,7.195352867550306,99.8925741909494,66.05344434000268,33.83912985094669,0.1074258090506244,12.712991973904455,84.34696768101634,2.9400403450791877,23.26454033771107,51.13568320625922,25.599776456029698,59.97085370440015,26.59364422715307,13.435502068446784,16.186735058273545,33.80281690140845,15.355786774495785,15.695939810610973,5.0,21.625728032413264,75.8355614973262,33.49766042780749,6.851604278074866,16.669451871657753,42661.0,0.4359,21962.0,62.63200649878148,8.253123080073726,67.34919465206863,66.45411068093829,16.82808716707022,99.45342746526987,19.954732077060747,0.0,4.878205333932411,15.666666666666664,30.21277961423666,26.92320035944671,34.59674572354697,14.535126287749927,3.437209153053692,15.766666666666667,10.570806306487032,-5.195860360179635,"Marshall County, TN",Tennessee
695,771,2.6059764591510066,2.0625298922277233,train,18161,7299,50.43156596794082,49.56843403205918,96.34196465269214,0.16440608302507193,98.66898148148148,72.91666666666666,25.75231481481481,1.3310185185185186,17.066521264994545,81.82479098509633,1.108687749909124,23.9424845343588,53.60307640862732,22.45443905701388,54.60407011887971,26.778158371952447,18.61777150916784,10.431654676258994,17.65913757700205,9.894274885298225,14.163327345585186,2.0,32.41787829833064,73.84407694903814,37.29328383395208,5.129935875801552,10.59736753290584,44277.0,0.3722,21487.0,64.44000726084589,7.211267605633802,71.18527042577676,59.278350515463934,14.959723820483315,98.4536082474227,16.15650172612198,0.0,0.7261268666940677,13.444444444444445,32.196191259076585,24.030689135498015,35.963830661734484,16.331004247157143,3.493629264282778,13.544444444444446,7.8658443980426656,-5.6786000464017805,"Union County, IN",Indiana
696,1661,1.0176432261344426,0.8716634586502876,train,31027,8675,50.67435158501441,49.3256484149856,98.6743515850144,0.08069164265129683,98.8388295401765,80.81746400371573,18.021365536460763,1.1611704598235022,15.877000313774705,82.60119234389708,1.5218073423282084,20.083742419867168,62.503609587063245,17.412647993069598,47.503807750888484,34.82822812658657,17.667964122524964,10.162314749470713,14.840798704803019,10.181503889369056,10.519526210859622,6.0,31.186752529898804,78.4895104895105,34.909090909090914,2.7412587412587404,5.370629370629373,52250.0,0.4382,27774.0,71.47787888296203,1.975417032484636,88.84845890410958,72.03290246768508,6.506849315068492,97.88484136310223,8.497431506849315,0.0,1.6368876080691641,2.6666666666666665,31.94236311239193,19.93083573487032,34.132564841498564,21.11815561959654,1.2449567723342938,2.7666666666666666,2.3908846852671,-0.3757819813995664,"Cedar County, NE",Nebraska
697,2917,2.2204104848050292,1.9084806665189646,train,51600,23402,49.064182548500135,50.93581745149988,69.49406033672335,4.815827707033587,98.90586292320394,80.38810900082576,18.517753922378198,1.0941370767960363,9.349276974416018,76.67408231368186,13.976640711902116,32.52956059276088,49.45525894562916,18.01518046160995,22.755108227732983,22.379191172012373,54.86570060025466,6.993590306436034,4.070526774053112,8.474474112470617,8.026901912830816,2.0,27.582477014602485,85.28404393527816,25.180111019251214,2.362111727884729,4.4643911657021365,105297.0,0.3979,45545.0,73.52582575925516,5.140574357428205,81.87671876048023,84.62519936204147,4.762224159903414,95.78947368421049,15.131799584143806,0.4146730462519936,16.408853944107342,9.111111111111107,25.94650029911973,30.540124775660203,33.779164174002226,14.938894111614392,25.69011195624305,9.211111111111105,6.742836395001444,-2.4682747161096614,"Fairfax city, VA",Virginia
698,1094,2.0918640616783932,2.18839016658454,train,21215,17577,50.071115662513506,49.928884337486494,96.06303692325196,1.4905842862832108,99.67020023557129,73.38044758539458,26.289752650176677,0.3297997644287397,7.737779461917392,90.6555513452065,1.6066691928760894,20.727040816326532,61.42998866213152,17.842970521541947,47.7497712336744,33.782547209050826,18.46768155727477,8.417547083141939,8.676622039134912,9.356870545333996,13.979603529276956,2.0,26.310256795314608,81.42723589903396,27.65659083826737,7.136179495169835,9.660330320972266,63000.0,0.3665,27016.0,68.73815839333079,5.832414553472987,81.84907010014307,75.88264545002487,11.11409155937053,97.91148682247636,10.523962804005723,0.0,1.8205609603459063,8.0,31.05194287989987,24.258974796609213,39.46634806849861,12.04414860328839,2.446378790464812,8.100000000000001,8.920840481928668,0.8208404819286663,"Spencer County, KY",Kentucky
699,1493,2.0780516873907815,2.1296312213058846,train,29033,9096,48.48284960422163,51.51715039577837,95.56948109058924,1.220316622691293,96.31013545072395,68.51938346567024,27.79075198505372,3.68986454927604,15.835648486620851,80.87439684164352,3.2899546717356336,23.37434094903339,51.831823712315796,24.793835338650805,60.975219824140694,22.28617106314948,16.73860911270983,14.277703005832212,23.201438848920866,14.82845188284519,15.685403243723615,6.0,36.53486700215672,70.58498896247241,42.68763796909492,6.263796909492274,11.810154525386315,42415.0,0.447,23403.0,62.643929456347465,8.469055374592834,68.92710572601132,68.00458715596329,19.855384014070747,98.56651376146787,16.357240570646862,0.17201834862385326,1.3192612137203166,7.8888888888888875,30.529903254177647,23.691732629727355,32.827616534740535,19.94283201407212,3.2102022867194373,7.988888888888888,8.411764159977292,0.4228752710884036,"Carroll County, MO",Missouri
700,2547,2.1835512754360096,1.902311907691104,train,48063,12516,48.77756471716203,51.22243528283797,72.00383509108342,17.43368488334931,100.0,69.1350531107739,30.864946889226108,0.0,11.788528896672506,86.42732049036778,1.7841506129597198,26.96594743838839,47.98036609060231,25.053686471009307,58.19167282581916,27.519093372751907,14.289233801428926,19.733033129623674,39.35674989420229,20.002625016406352,16.773778920308484,6.0,30.42014982086636,71.69939065673663,38.27578424734823,6.138569171744527,20.446851726472573,37851.0,0.4474,19738.0,59.16001312479493,7.506008504344611,57.791932059447966,49.75938402309914,11.67728237791932,97.73820981713186,33.63057324840764,0.8662175168431183,22.970597635027165,8.777777777777779,33.06967082134867,25.431447746883983,31.16810482582295,16.994247363374882,10.562480025567275,8.877777777777778,6.701369494615803,-2.176408283161975,"Camp County, TX",Texas
701,1242,2.7578980068297776,2.7944050211741365,train,26035,30710,49.374796483230206,50.62520351676978,96.48323021816998,0.45262129599478995,99.17662253793993,61.268969970939615,37.90765256700032,0.823377462060058,16.774086240592123,80.50230778826563,2.723605971142251,23.826391592059174,50.16348773841962,26.010120669521214,55.11630003606203,33.249188604399556,11.634511359538404,26.11039454972385,70.54198258916034,28.661945583302273,22.206864777700982,6.0,33.654592232613226,59.68313843832516,46.88042248208222,9.93587325537533,24.82082233119577,33015.0,0.4404,19181.0,50.148981956629704,12.683611156956589,53.858701766227924,75.82211086752271,31.14523568455395,99.29533354212342,20.907863651704353,0.20357031005324147,1.846304135460762,15.666666666666664,26.15760338651905,22.44545750569847,35.97525236079453,21.31553239986975,3.064148485835233,15.766666666666667,16.352896231122994,0.5862295644563265,"Clare County, MI",Michigan
702,383,2.3867219722002453,2.3119856116410675,train,13005,11222,50.24059882373908,49.75940117626092,77.93619675637142,14.952771342006773,100.0,63.1008312251536,36.899168774846395,0.0,13.255139361836296,83.74322108714844,3.0016395510152605,27.85291159047725,50.184419358444174,21.96266905107857,62.972051806407634,24.253578732106337,12.774369461486025,17.932903466965705,28.56479331165815,19.671141952028965,17.92355854593029,6.0,19.83676366217175,68.51430017717034,37.61073146038977,9.06099721589471,18.60288534548216,37162.0,0.4306,18349.0,59.86385982604311,4.485154769425142,55.925349922239505,54.69061876247506,16.36080870917574,99.20159680638723,30.544323483670286,0.7984031936127743,7.832828372839067,10.777777777777779,31.794689003742647,29.65603279272857,31.687756193191948,13.990376047050438,7.111031901621815,10.877777777777778,10.094448423020166,-0.7833293547576119,"Bacon County, GA",Georgia
703,2475,2.677209095579635,2.605824870324626,train,47109,26103,48.59211584875303,51.407884151246975,91.7250890702218,6.221507106462858,99.0137731678286,64.07073626934195,34.943036898486646,0.9862268321713994,14.54801549373711,81.60873283364356,3.8432516726193473,21.554120917958628,48.55567598133924,29.890203100702127,64.80052536529304,23.838450172385482,11.361024462321458,20.698914270148265,34.70287836583101,23.79589296826385,19.960389887771356,6.0,29.116117850953213,61.436385737439224,41.81523500810373,9.613047001620746,26.722042139384108,32557.0,0.4639,17751.0,51.35883241066936,14.071533561979422,57.52448204649925,50.277834945462025,26.24075677836253,98.10660629759208,21.91726067550463,0.2881251286272896,1.8427000727885685,14.444444444444445,28.406696548289474,24.71746542543003,33.41378385626173,19.327280389227294,2.0534038233153282,14.544444444444444,13.542391413619331,-1.0020530308251132,"McNairy County, TN",Tennessee
704,2715,1.5380612495918724,1.6380773419653967,train,48399,10445,49.60268070847296,50.39731929152704,91.63235998085207,2.0775490665390137,100.0,50.354889589905355,49.64511041009465,0.0,12.319688109161794,83.10591293047433,4.574398960363872,25.47225852441488,47.73672329808721,26.79101817749792,59.307978267086064,23.205604804117808,17.48641692879611,20.309895067176626,40.7553551296505,21.221662468513856,12.465806955842126,6.0,28.638260209887466,74.61517688360789,39.69754253308129,6.400216041047798,12.341344855522554,41526.0,0.4608,21803.0,57.41558441558442,3.1214657317349017,61.27372715983679,66.84440135724672,12.453432676955831,98.06107610276295,29.32410856838744,0.0,33.56629966491144,4.5555555555555545,31.383437051220678,23.858305409286746,31.249401627573015,20.61273336524653,6.290090952608904,4.655555555555554,5.145267406384282,0.48971185082872815,"Runnels County, TX",Texas
705,3102,1.6507930981160142,1.7941303112130191,train,55123,30279,49.81009940883121,50.189900591168794,97.29185243898412,0.5019980844809934,98.50329781836628,78.42465753424658,20.078640284119736,1.4967021816336885,14.636367776310394,83.40543740607495,1.958194817614645,23.760957518543485,57.09710047201618,19.141942009440324,49.78120851565957,29.73597522002065,20.482816264319784,15.97219890541584,33.495229835212484,14.672135403146255,11.801408027760168,6.0,28.54655056932351,75.72716448375573,35.932981799625786,4.328967511481544,10.563020921925498,47675.0,0.4323,23985.0,62.457554217412955,3.863718738673432,69.54893920484935,63.89733840304183,15.873298864919475,97.5475285171103,17.751233137219945,1.159695817490494,1.5423230621883155,5.111111111111111,32.60675715842664,21.506654777238353,34.37365831104066,18.081838898246303,2.2061494765348924,5.21111111111111,6.014241927919087,0.8031308168079763,"Vernon County, WI",Wisconsin
706,1206,2.2902875651836396,2.2946325140716253,train,24041,37799,47.120294187676926,52.879705812323074,82.23233418873517,11.88655784544565,99.59149175940271,60.304268206789686,39.28722355261304,0.4085082405972673,14.838411514211204,81.78126960023768,3.3803188855511173,23.55243791688849,52.11536654871136,24.33219553440015,39.410073474603344,26.66027757072375,33.929648954672906,11.24190700412007,19.239222316145394,11.239499651516821,13.62506348739608,5.0,36.32304533455007,70.86439529295791,42.91171215575135,2.550674634957797,12.500770131230366,58228.0,0.5049,38317.0,61.11514351699109,6.413301662707839,74.05114917710283,76.67124300348506,14.135598099899235,98.33139719083323,15.90614653807399,0.3485056500158412,5.968411862747692,9.777777777777779,23.929204476308893,20.577263948781713,34.937432207201255,25.70438371385486,5.881107965819202,9.877777777777778,9.920789591748933,0.04301181397115528,"Talbot County, MD",Maryland
707,190,2.132192107065365,2.252422126480414,train,6013,1096068,48.775988351087705,51.224011648912295,60.525989263439854,8.880653390118132,99.4438281875886,73.06687927528193,26.37694891230665,0.5561718124114131,10.677198415878985,83.51504394349756,5.8077576406234295,31.215588345031172,48.59450184681789,20.18990980815095,29.75649659116789,30.634073766614605,39.6094296422175,10.85235859215232,16.27229770975108,10.960736780704996,10.875461691100687,2.0,19.139334740150087,80.6323216671953,27.721333381862806,5.011361095656786,7.331936377864323,80185.0,0.4684,39313.0,66.79750429235708,8.605331083809194,75.20672779022092,68.25776786016161,14.04166929120017,94.692497548771,13.67355100115577,0.9399195320688372,24.939146111372647,8.333333333333334,30.415722382187962,27.70284325425065,34.772295149571015,13.761098763945302,30.593357346442005,8.433333333333334,9.510744185884688,1.0774108525513544,"Contra Costa County, CA",California
708,1384,1.296248080435107,1.823552106698351,train,27153,24466,51.09131038992889,48.908689610071114,95.4099566745688,0.2861113381836017,99.39034716342087,77.95088907705335,21.439458086367484,0.6096528365791702,16.225001377334582,81.63186601289185,2.143132609773566,24.45988048419225,57.07645947188315,18.46366004392461,49.26709119307942,35.504024990988825,15.228883815931756,14.699424120644652,30.175672670669336,13.615461098682575,13.485690755610461,6.0,31.80297798877859,73.9810956398008,36.96513873361114,5.478199003963819,10.997052545990446,46414.0,0.4218,23808.0,64.41868060091444,5.1204055766793415,71.1088724185076,63.70949720670392,19.39267467798805,98.59217877094973,14.00302223501475,0.1564245810055866,5.456551949644403,3.5555555555555562,30.859151475517038,22.86438322570097,34.10855881631652,18.817951442818607,4.3039319872476085,3.6555555555555563,6.193820532362661,2.538264976807105,"Todd County, MN",Minnesota
709,2683,1.8440707637960658,1.9444682023012085,train,48335,9169,61.7842730941215,38.215726905878505,80.43407132729851,10.971752644781327,100.0,62.601626016260155,37.39837398373985,0.0,14.220091871380069,82.80407429598561,2.975833832634312,33.38515351729499,40.27723798419484,26.33760849851017,59.54030226700254,29.50251889168765,10.957178841309824,11.467065868263473,12.1313672922252,13.229308005427413,16.62958018098205,6.0,22.353732347007398,78.75045405012712,34.762077733381766,5.085361423901199,12.313839447875043,49870.0,0.40399999999999997,18764.0,61.91332135010986,5.580645161290324,66.00155480694481,57.14285714285714,9.769370303187356,99.73867595818815,29.826379891163512,0.0,38.69560475515323,6.222222222222222,24.04842403751773,38.41204057149089,29.16348565819609,13.51292398298615,8.594176027920165,6.322222222222222,6.989913646461277,0.667691424239055,"Mitchell County, TX",Texas
710,2432,2.312535423847214,2.1272778369277647,train,47023,17324,47.89309628261372,52.106903717386295,86.533133225583,10.540290925883168,100.0,70.3868269733403,29.613173026659695,0.0,12.940985205657618,82.36872053324662,4.690294261095755,30.392499825089203,46.61722521514029,22.990274959770517,55.93609402258746,28.40877789000092,15.655128087411626,21.6849636116936,37.49096167751265,24.959726137736613,13.311688311688313,4.0,24.161223277909738,71.81429041817583,35.149818900230485,5.432993085281527,21.43562726374712,40167.0,0.4539,19440.0,59.82109578829669,11.862928348909655,67.88499483228415,51.80375180375182,14.43202104669736,98.37662337662336,20.050737573992294,1.6233766233766231,2.4070653428769337,10.0,31.817132302008773,30.021934888016624,31.586238743939045,16.156776725929348,2.926575848533826,10.1,8.391991321281475,-1.7080086787185245,"Chester County, TN",Tennessee
711,2886,3.1588898879380345,2.5073367241797806,train,51155,34528,49.90732159406858,50.09267840593142,92.09047729379057,5.832947173308619,98.8503961472736,61.488270933664744,37.36212521360883,1.1496038527264254,14.802825191288994,81.66568569746909,3.531489111241907,21.78719326465656,50.78202539443512,27.430781340908307,50.23064894448789,31.923377638780302,17.845973416731823,13.4768954688201,21.09647423479272,14.377077460344177,16.701896454196312,4.0,29.15196235696717,70.96244613174636,39.291333196525066,5.759627881524044,15.185717217319928,47495.0,0.4324,25556.0,60.51856216853272,7.095910418695228,70.97627916094883,68.64256075874333,15.168594393256226,98.60699466508595,17.15840031366399,0.14819205690574985,1.4509962928637627,23.44444444444445,23.80676552363299,23.17829008341057,38.035797034291015,20.125695088044488,2.0765755329008337,23.544444444444455,12.272202238763889,-11.272242205680566,"Pulaski County, VA",Virginia
712,1495,2.0640458562018624,2.266572610088258,train,29037,100781,49.00129984818568,50.998700151814326,92.19793413441023,3.6346136672587095,99.0760954311555,74.26711367534696,24.80898175580852,0.9239045688445344,11.321569845148575,86.04852101362205,2.6299091412293607,22.393599678980767,57.163995686304006,20.442404634715214,42.47883719892289,32.810152193641485,24.711010607435608,9.860613862182712,16.678963386516646,9.107366252115682,12.372723541013805,2.0,33.844267320662176,78.93793648702068,30.75767558308077,3.7159045987613655,11.51930425616023,61584.0,0.4043,28398.0,67.8724436181392,6.308183965541197,78.92134756392913,70.74886799024729,10.921815236090927,97.68721699756182,13.8982144944965,0.404040404040404,4.205157718220696,7.777777777777778,32.37018882527461,25.73004832260049,33.89627013028249,14.90657961322075,4.167452198331033,7.877777777777777,9.64628252044377,1.768504742665992,"Cass County, MO",Missouri
713,2164,2.8390784635086144,2.8858084536987736,train,40079,49899,50.1933906491112,49.8066093508888,75.39429647888736,2.4168821018457285,99.41559525797295,67.64067457004508,31.77492068792787,0.5844047420270496,12.861374732568985,81.68577541280378,5.452849854627242,22.718616887998,48.86244049110498,28.41894262089702,58.34277535929393,27.822171864750434,13.835052775955631,22.793464565302703,40.70183814752925,26.29310344827586,20.88829623551133,3.0,30.66606827001769,66.59876679145562,39.85355648535565,7.646994054173089,20.364457168024664,36490.0,0.4608,18881.0,54.18185775697884,8.998694385859194,51.99376947040498,50.902848423194285,20.13153340256144,98.19430315361141,31.301488404292144,0.7502543234994914,6.759654502094231,17.0,30.75813142547947,26.32317280907433,33.14094470831078,16.483296258442053,22.18882141926692,17.100000000000005,17.918047653403416,0.8180476534034113,"Le Flore County, OK",Oklahoma
714,246,2.5640942911418034,2.4783964672065357,train,8011,5895,68.63443596268024,31.365564037319764,83.83375742154368,9.245122985581,100.0,75.34102833158447,24.658971668415532,0.0,17.93208698969859,81.19038534910341,0.877527661198016,35.754735403241554,33.880101542667454,30.365163054091,68.36797694998971,24.6758592302943,6.956163819715991,25.610432852386236,58.13559322033899,27.737924438067914,26.793598233995585,6.0,37.45447187373533,61.46788990825689,45.3211009174312,9.847094801223239,22.99694189602447,36791.0,0.4515,13544.0,48.9704230625234,8.103975535168196,51.46904512067157,55.81699346405229,30.48268625393495,96.60130718954248,22.92759706190976,0.7843137254901961,31.280746395250212,12.888888888888893,19.42324003392706,31.297709923664122,36.75996607294317,15.776081424936384,6.921119592875318,12.98888888888889,11.922131552947528,-1.0667573359413627,"Bent County, CO",Colorado
715,3006,3.085471408308861,2.985716000969753,train,54043,21560,49.63358070500928,50.36641929499073,98.32560296846012,0.4777365491651207,100.0,71.72385283174866,28.276147168251338,0.0,13.649459783913565,82.65306122448979,3.6974789915966384,26.808534915563673,49.05864901871292,24.13281606572341,64.98610559745931,25.52600238189757,9.487892020643114,27.30232558139535,75.35338890902501,29.45381089270453,29.45116279069768,3.0,31.10871905274489,61.92144108081062,45.82186639979985,11.733800350262694,23.22992244183137,35800.0,0.4465,19114.0,47.94142359860761,9.977466199298947,53.11550151975683,64.42033123929183,35.182370820668694,98.22958309537407,17.454407294832823,0.0,0.11131725417439704,21.777777777777786,28.25602968460112,24.45269016697588,36.623376623376615,16.484230055658628,1.1966604823747682,21.87777777777779,19.800674464218584,-2.0771033135592063,"Lincoln County, WV",West Virginia
716,1411,2.158201375540483,2.215892638077915,train,28033,168586,48.5550401575457,51.4449598424543,71.44840022303156,23.86319148683758,99.12203687445127,68.55355575065846,30.5684811237928,0.877963125548727,10.85257999329128,85.1303700431158,4.017049963592928,27.72674954836841,50.04459147350047,22.228658978131122,41.266568483063324,36.375184094256255,22.358247422680417,9.776852234170512,14.472844266271734,9.560246577306287,11.082896705471413,2.0,26.148323606261144,83.70938176970505,25.884019330111645,3.977670388268622,10.143309448425262,58278.0,0.3926,26085.0,71.99774109327811,7.179801975695982,75.9317476131978,66.56206786512074,10.891749934707539,98.2501861504095,17.35328541995144,0.4414423997447081,4.983213315459172,8.555555555555555,34.43643007129893,28.55515879135871,33.05315981160951,11.32063160642046,4.6884082901308535,8.655555555555555,9.16959058523338,0.5140350296778244,"DeSoto County, MS",Mississippi
717,21,2.049841071903545,2.6782836816070485,train,1043,80965,49.504106712777116,50.49589328722287,95.69320076576298,1.19063792996974,99.17636723039757,69.5859872611465,29.590379969251046,0.8236327696024599,13.757180410865546,83.62541784311817,2.617401746016292,19.64312878396057,53.772551644406576,26.584319571632854,52.81408566869274,32.6215193731734,14.564394958133864,18.54415722601239,33.42198581560284,19.967012709808863,15.761845386533663,5.0,27.432074327128767,68.53964905551827,37.542749384728474,6.932591811295426,14.398951641256753,38971.0,0.4517,20881.0,55.54210840554453,6.839047065659503,67.44104115720978,59.18932711234235,13.90143822273801,99.31471896187212,22.373274754424504,0.14580447619741926,4.314209843759649,7.666666666666668,28.67658864941641,26.559624529117517,33.52683258197987,17.332180571852035,3.1161613042672767,7.766666666666667,14.560082101720164,6.793415435053498,"Cullman County, AL",Alabama
718,777,1.6507930981160142,1.941883503163998,train,18173,60995,49.464710222149364,50.535289777850636,94.57660463972456,1.568981064021641,97.84861083613806,76.27532501814822,21.57328581798984,2.1513891638619413,11.343157707843226,86.23107994140885,2.4257623507479247,21.68950242093334,59.42721747192748,18.88328010713918,40.63674925286802,32.3484045117131,27.014846235418876,9.916497933365683,20.71982829783721,8.18811572664733,11.272280678461179,3.0,27.535314280723966,79.26845256303807,31.35952453786654,2.8449066992964216,8.106454573263996,62185.0,0.4185,30507.0,68.90978027094744,4.87467421731716,82.75101950843161,72.42592802815302,9.007494764686433,98.60370076058577,11.44053785958338,0.0,1.7198130994343797,5.111111111111111,31.49110582834659,24.35773424051152,35.378309697516194,15.412738749077793,3.854414296253791,5.21111111111111,6.971870151238578,1.7607590401274678,"Warrick County, IN",Indiana
719,2415,1.1314021114911006,1.231138365721588,train,46123,5504,50.50872093023256,49.49127906976744,82.04941860465115,0.09084302325581396,97.78869778869779,62.65356265356266,35.135135135135144,2.211302211302211,23.133057650206762,76.45341765993675,0.4135246898564826,26.063711294274892,52.68433949654712,21.251949209177987,47.98241076047594,29.90170719089498,22.115882048629075,22.781954887218053,59.437751004016064,22.85034216007141,13.152985074626866,6.0,22.87597081666275,79.68204730515703,35.711516091508344,5.0794881737107405,18.61186506397829,37153.0,0.455,24560.0,69.90527082827302,2.0847810979847115,71.45669291338581,58.09167446211414,11.71259842519685,95.79045837231057,19.914698162729657,0.0,0.5995639534883721,3.0,28.86991279069767,21.765988372093023,34.99273255813954,20.657703488372096,17.859738372093027,3.1,3.4251263643063714,0.3251263643063713,"Tripp County, SD",South Dakota
720,1028,2.2789752273549118,2.239454421570776,train,21083,37502,48.698736067409754,51.301263932590246,91.94709615487172,5.018399018719002,97.053001979327,68.16582361996922,28.88717835935782,2.946998020672971,14.955357142857142,82.35887096774194,2.6857718894009217,23.01611127789453,52.21988725441143,24.764001467694047,54.144342893161046,28.50614560352978,17.34951150330917,17.252448313384114,30.02201027146001,18.20107613438969,15.119635294435,5.0,26.060242240192103,70.3057678943711,38.547602501737316,6.539263377345378,15.684503127171647,39530.0,0.442,20805.0,60.14583407799263,6.7688833422475785,65.81746792676803,61.34343101745144,20.924074327717666,98.238393151136,17.1985572752591,0.2963450773789925,5.941016479121113,9.666666666666666,31.02767852381206,24.95066929763746,33.80886352727854,16.83110234120847,3.0345048264092584,9.766666666666666,9.38820788624947,-0.37845878041719594,"Graves County, KY",Kentucky
721,789,1.6072132174119893,1.9408901276440063,train,19013,132496,48.836946021011954,51.163053978988046,85.21917642796764,9.154993358290062,99.71185606859233,67.35188699135567,32.35996907723663,0.2881439314076885,17.091616028988163,73.11164717497734,9.796736796034484,36.524286872558406,44.30695805999852,19.168755067443065,42.22093765429869,30.74292183002758,27.036140515673733,15.69093118303325,23.16539840811685,17.371322435080785,11.692528122427829,4.0,23.883640841141272,76.19538256058004,31.583667239076508,4.396107613050945,13.894294981873687,48369.0,0.435,25382.0,68.96175820753156,6.402077570146222,78.72130602157692,77.21914194972278,14.697495366189823,98.2397588415783,9.7369421605437,0.1884050169564515,4.0114418548484485,4.888888888888889,28.87106025842289,34.62217727327617,29.356357927786497,14.499305639415526,5.6258302137423,4.988888888888889,6.964947904866058,1.9760590159771692,"Black Hawk County, IA",Iowa
722,1412,2.0780516873907815,2.0987337950987666,train,28035,76267,47.56185506182229,52.43814493817772,59.84370697680517,36.5951197765744,99.18932612734336,50.75156223610876,48.437763891234596,0.8106738726566458,14.5658828057699,75.60622445426053,9.827892739969574,39.680621775194304,36.50969890928091,23.809679315524782,43.362067103074295,29.945773111240737,26.692159785684968,27.79055515004614,53.08019810583022,34.381643574517994,19.852873076566862,4.0,25.115009612743748,76.18554122145589,28.36007576028303,7.6617946610442065,19.40821212879248,36416.0,0.5017,19897.0,64.37016392875071,12.74404345721508,62.10586857835384,56.90072639225182,17.314052133188177,98.28307285934405,23.20111743319023,0.18710103455866167,3.3146708274876424,7.8888888888888875,31.638847732308864,36.467935017766536,27.850839812763052,12.281851914982886,3.5611732466204264,7.988888888888888,8.155836411745366,0.16694752285647763,"Forrest County, MS",Mississippi
723,974,2.0208114572284313,1.6829302630149583,train,20185,4320,50.023148148148145,49.97685185185186,95.57870370370372,0.9722222222222222,99.3230174081238,75.3384912959381,23.984526112185694,0.6769825918762089,16.48282382603215,80.9013551843681,2.6158209895997477,19.66743119266055,60.98050458715596,19.35206422018349,41.23128119800333,36.93843594009984,21.83028286189684,16.136743963662447,33.28912466843501,15.395787944807553,15.693257359924026,6.0,27.023737066342047,76.2541806020067,35.28428093645485,3.400222965440357,10.479375696767,47377.0,0.4213,25476.0,66.77155443675268,2.639019792648445,70.47177759056444,70.27363184079603,10.657118786857623,99.6268656716418,20.682392586352147,0.3731343283582089,12.916666666666668,7.444444444444445,31.087962962962962,21.73611111111111,34.050925925925924,20.277777777777775,3.449074074074073,7.544444444444446,5.381301519371167,-2.163142925073279,"Stafford County, KS",Kansas
724,1664,1.9756230463738251,1.618101363165809,train,31033,10077,49.22099831298998,50.77900168701003,96.14964771261288,0.21831894413019748,98.76237623762377,66.996699669967,31.765676567656765,1.2376237623762376,20.92499337397297,76.58362046117148,2.4913861648555526,21.488833746898266,53.31265508684864,25.198511166253105,33.03238750358269,43.53683003725996,23.430782459157356,11.574074074074074,23.392116182572607,10.192475940507435,11.705752655842854,6.0,30.27450980392157,83.15501934896426,28.522649669929447,2.2991122239927155,6.396539949920328,53814.0,0.4017,30339.0,75.2316653428647,1.5132852366707723,82.05043132050432,68.28309305373526,8.609820836098207,96.72346002621231,11.313868613138686,1.1795543905635648,6.380867321623501,7.1111111111111125,29.72114716681552,26.02957229334127,33.958519400615266,15.957130098243528,3.6320333432569214,7.211111111111112,5.043505435146116,-2.167605675964996,"Cheyenne County, NE",Nebraska
725,1690,0.5690945318899665,0.669199204592011,train,31085,1084,54.61254612546126,45.38745387453874,98.98523985239851,0.18450184501845016,100.0,83.17307692307693,16.826923076923073,0.0,13.127853881278536,86.0730593607306,0.7990867579908676,17.456896551724142,67.9956896551724,14.547413793103447,37.59305210918113,42.67990074441687,19.727047146401986,6.2730627306273075,2.4630541871921183,7.7490774907749085,15.590405904059038,6.0,43.49315068493151,77.59336099585062,36.30705394190871,3.1120331950207474,4.564315352697093,44500.0,0.4265,26221.0,62.671232876712324,1.4571948998178506,70.78651685393258,67.58893280632411,5.939004815409311,95.65217391304348,25.52166934189406,3.5573122529644268,7.011070110701108,1.6666666666666667,25.7380073800738,24.81549815498155,32.65682656826569,23.33948339483395,0.8302583025830257,1.7666666666666668,1.952673002796321,0.18600633612965423,"Hayes County, NE",Nebraska
726,2427,3.125297477908635,3.1607094253068233,train,47013,40176,48.42443249701314,51.57556750298686,97.89426523297493,0.5102548785344484,99.00228392835676,68.15723043635053,30.84505349200625,0.9977160716432264,14.835270080449495,83.02898735793642,2.1357425616140984,21.735867183043624,49.93245068900297,28.33168212795341,69.578113549918,20.194018913354498,10.2278675367275,23.244594867650036,45.76031155956807,26.750202101859337,23.074401008827238,3.0,27.0311027332705,59.6748984057518,45.845576742732106,11.097217880587683,24.63269771803689,32028.0,0.4685,18117.0,48.81427340333855,9.598535373349023,56.87481798893371,55.950095969289826,27.241336273245416,98.40965176857692,20.6598161168199,0.08225939128050452,1.2594583831142971,22.66666666666667,26.47351652727997,24.758562325766626,35.566009557945044,18.969036240541612,1.5954798884906412,22.766666666666676,23.587323439075014,0.8206567724083378,"Campbell County, TN",Tennessee
727,3046,2.0640458562018624,2.2334582573163573,train,55013,15334,51.16081909482196,48.83918090517804,91.541672101213,0.4825877135776705,98.54867256637169,61.94690265486725,36.60176991150442,1.4513274336283186,17.961361248080188,80.51895562201923,1.5196831299005742,21.066748409839832,57.452678366158324,21.48057322400184,48.60311183701539,33.680048138915154,17.716840024069462,15.63571616987602,30.235849056603776,16.209125831537527,16.51756347848967,6.0,43.28358208955223,65.79595185995623,44.09190371991247,5.347374179431072,16.739606126914662,41135.0,0.4296,23963.0,55.376908782419,7.207470090458126,67.20695325346489,66.50271809474502,24.72398402630961,98.39502976960912,13.718581160441628,0.4659590991457417,1.558627885744098,7.777777777777778,23.998956567105772,17.77748793530716,38.13747228381374,25.524977174905445,7.975740185209339,7.877777777777777,9.332083084632602,1.4543053068548248,"Burnett County, WI",Wisconsin
728,875,1.6072132174119893,1.8457137657480438,train,19185,6384,48.43358395989975,51.56641604010025,97.66604010025064,0.4699248120300752,100.0,73.3289646133683,26.67103538663172,0.0,18.431041754533954,79.14382117250105,2.425137072964993,21.62109375,52.9296875,25.449218750000004,53.96536007292616,32.087511394712855,13.947128532360985,13.280254777070065,20.31620553359684,13.800526189906721,16.41197070996498,6.0,31.93986820428336,70.60862865947611,42.642526964560865,3.9676425269645605,15.909090909090908,43358.0,0.4212,23009.0,59.587888982338114,4.234297812279464,71.0907478569317,68.60888565185725,17.14454626071534,99.12600145666424,16.494235885308896,0.43699927166788055,0.986842105263158,4.888888888888889,30.40413533834587,21.64786967418547,31.876566416040102,22.57205513784461,1.864035087719298,4.988888888888889,6.332618183627994,1.3437292947391049,"Wayne County, IA",Iowa
729,863,1.4891517465595983,1.4241750902632477,train,19161,10101,49.17334917334917,50.82665082665083,97.9011979011979,0.7029007029007028,99.77866312527668,76.36122177954847,23.417441345728196,0.22133687472332889,18.564129437966727,80.70221407048342,0.7336564915498494,20.65716356607876,58.274945639043246,21.06789079487799,47.37135685399526,32.910333286849806,19.718309859154925,8.151073309031997,8.62993661628474,8.945868945868945,12.496214797617846,6.0,34.54475899005356,76.05537902859737,35.792101679527924,3.109396277802996,7.512482977757603,49572.0,0.4069,26991.0,68.50156903765689,3.588471082267608,82.0941091954023,70.76923076923076,10.237068965517242,98.84615384615385,11.027298850574713,0.14423076923076925,2.574002574002574,4.333333333333333,29.145629145629147,21.007821007821008,34.29363429363429,22.33442233442233,1.395901395901396,4.433333333333333,4.154429399609967,-0.27890393372336586,"Sac County, IA",Iowa
730,393,2.6222502112988773,2.602590016893183,train,13025,18452,49.50140906134836,50.49859093865163,94.515499674832,3.186646433990896,99.29431299294313,58.696554586965554,40.5977584059776,0.70568700705687,10.662930462355284,86.40218272988719,2.93488680775754,20.5621711437275,50.18000553863195,29.25782331764054,66.63349091813883,24.95645683005723,8.410052251803933,21.04101120494563,32.72939801285798,24.735826518423227,22.78584244005872,4.0,26.954672143171482,69.21440510560704,43.64078407536848,4.361039355721015,23.263941650205137,37206.0,0.4146,17276.0,54.65930018416206,10.795148247978435,46.82389084666124,47.647527910685795,19.969278033794165,97.40829346092505,37.58019336766965,1.3157894736842104,2.1135920225449816,13.666666666666664,32.581833947539565,25.108389334489484,34.86884890526772,13.911771081725556,2.2978538911771085,13.766666666666666,13.498654541609849,-0.26801212505681704,"Brantley County, GA",Georgia
731,2700,1.789905900578732,1.5920567229904214,train,48369,10004,51.47940823670533,48.520591763294675,85.63574570171932,1.6693322670931623,99.22428330522766,68.29679595278246,30.927487352445198,0.7757166947723441,7.876958459105936,86.99151933304586,5.13152220784821,29.325708205878442,50.365740125016615,20.308551669104933,62.66975819807883,22.027161311692616,15.303080490228552,17.2270187912646,38.18181818181819,14.820927545799634,12.880467647651686,6.0,13.42520244352891,84.18114143920594,27.171215880893307,3.8151364764267988,11.166253101736972,45326.0,0.4235,20381.0,68.76527238752335,3.1354515050167224,61.801457827143366,47.86610878661088,8.03540437348143,96.98744769874477,31.707740367927798,2.5941422594142263,61.38544582167134,5.8888888888888875,37.48500599760097,29.28828468612555,28.62854858056778,12.445021991203518,12.694922031187525,5.988888888888888,4.913844960298357,-1.0750439285905307,"Parmer County, TX",Texas
732,804,1.6507930981160142,1.6004573013534602,train,19043,17806,49.96068740873863,50.039312591261385,97.63001235538582,0.9322700213411208,99.49862120832287,73.15116570569064,26.347455502632236,0.5013787916771121,16.29717505746274,81.67865351820271,2.0241714243345443,21.30989314029645,57.20096518441915,21.489141675284387,52.683121019108285,30.525477707006374,16.791401273885352,11.070552672104032,18.247083457971886,10.866193158625192,12.169161591439467,6.0,30.70130998045886,76.39327024185069,37.40799158780232,3.86435331230284,11.382754994742374,48007.0,0.4203,26124.0,67.79823269513993,4.0947105463234506,79.30864197530866,70.91172214182346,15.071604938271609,99.13169319826338,11.041975308641977,0.2894356005788712,1.83084353588678,5.111111111111111,28.383690890710998,21.779175558800407,35.40379647309896,20.414467033584184,1.4377176232730542,5.21111111111111,4.955297970805761,-0.2558131403053494,"Clayton County, IA",Iowa
733,659,1.789905900578732,1.9504454267996911,train,17141,52397,49.81773765673607,50.18226234326393,95.08368799740444,1.1317441838273183,99.51746135601536,73.3295166434939,26.187944712521467,0.4825386439846242,14.368324032221407,82.45498851039116,3.17668745738744,25.21339306767272,53.461447771751956,21.32515916057533,45.464925227658796,34.726670194101764,19.80840457823944,10.590737696993136,15.863260994814675,10.677199642697632,11.93540928009866,5.0,30.34111310592459,76.4844918238387,34.26269837441513,3.714244368337273,11.244030678693745,54849.0,0.4132,27451.0,67.20121028744327,7.432838060933514,77.18978102189779,74.18091168091168,13.077858880778587,98.08879392212728,12.479190677423484,0.641025641025641,9.3879420577514,5.8888888888888875,30.060881348168788,24.575834494341283,35.181403515468446,16.810122716949447,3.7845678187682497,5.988888888888888,7.031819043771381,1.0429301548824927,"Ogle County, IL",Illinois
734,2724,0.43466426280042675,1.9811483451679701,train,48417,3352,48.71718377088306,51.28281622911695,96.44988066825779,0.11933174224343675,100.0,69.79695431472082,30.203045685279196,0.0,14.881889763779526,81.77165354330708,3.346456692913386,18.770825620140688,56.94187338022954,24.287300999629764,48.00693240901214,29.376083188908147,22.61698440207973,19.097744360902254,24.40191387559809,23.36403296170625,17.191719171917192,6.0,23.464998044583496,71.96804647785041,32.316630355846044,8.424110384894698,11.909949164851124,48750.0,0.4408,23826.0,60.314341846758346,3.8436482084690553,63.486333161423424,67.98679867986799,15.781330582774626,98.34983498349837,24.703455389375968,0.0,10.769689737470166,1.4444444444444444,30.90692124105012,23.50835322195704,34.665871121718375,18.10859188544153,3.4307875894988067,1.5444444444444445,7.251064931389731,5.706620486945287,"Shackelford County, TX",Texas
735,1677,1.9443215863701753,1.4481653631737548,train,31059,5697,49.51728980164999,50.48271019835001,97.19150430050905,0.912761102334562,99.81900452488688,78.55203619909503,21.26696832579185,0.1809954751131221,18.555045871559635,80.29816513761467,1.146788990825688,22.464375523889355,55.176026823134954,22.359597652975694,46.230544747081716,35.31128404669261,18.45817120622568,9.405306495882893,13.101330603889458,9.713135379969804,16.578225068618483,6.0,31.38993571270228,77.23214285714286,34.29383116883117,4.1396103896103895,7.021103896103896,52316.0,0.4127,27875.0,69.22018348623853,3.4128561961563952,80.4279421019509,65.5668358714044,9.974826935179358,98.22335025380713,13.876651982378855,0.0,3.5632789187291563,6.8888888888888875,27.488151658767773,21.765841671054947,34.47428471125153,22.941899245216774,1.895734597156398,6.988888888888887,4.255300418491336,-2.7335884703975513,"Fillmore County, NE",Nebraska
736,2887,2.47466924069478,1.833325297818057,train,51157,7431,49.53572870407751,50.4642712959225,92.38325931906876,4.185170232808504,100.0,81.51935719503287,18.48064280496713,0.0,13.980453867815141,83.98211031969521,2.037435812489647,19.95888027834888,61.758658864463065,18.28246085718804,39.16133617626155,25.764036958066807,35.07462686567165,9.888034533926886,19.458987783595113,9.215757137694254,12.019425333872926,2.0,38.601121741999336,77.94072716162542,42.132600061106025,2.5664527956003664,6.477238007943783,57210.0,0.4694,36567.0,60.572468563864994,2.9226987161977593,72.04399633363886,64.64285714285715,7.057745187901008,97.38095238095238,23.02933088909257,1.1904761904761905,3.377741892073745,11.777777777777779,23.159736240075365,20.683622661822103,38.27210335082762,22.621450679585514,3.4315704481227285,11.877777777777776,6.254650692393211,-5.623127085384565,"Rappahannock County, VA",Virginia
737,2513,2.5555031730094866,2.6152388354140994,train,47185,26252,48.92960536340089,51.07039463659911,95.80984305957642,1.7293920463202803,99.96543977881458,77.32849490236737,22.63694487644721,0.03456022118541559,13.550189582917582,83.90540810217522,2.544402314907204,22.471071295259428,51.77304964539008,25.755879059350505,64.12948857453755,23.8139281828074,12.05658324265506,19.57421875,33.767801110306536,21.962787303903685,19.78332366028245,6.0,31.869044710481308,65.91306135032372,43.75706504984072,7.89230294933717,20.2445791799404,34901.0,0.4302,17451.0,53.91365041379999,10.282966524875162,61.37569603668523,58.37679949926977,22.56796593514576,99.64531608595871,20.425810678021623,0.0,2.0379399664787443,12.777777777777779,27.860734420234646,24.58479353953984,34.465945451775106,18.90522626847478,2.4607648941033067,12.877777777777776,13.670480983013125,0.7927032052353482,"White County, TN",Tennessee
738,799,1.7711787615280343,1.7736623871052812,train,19033,43481,48.95011614268301,51.04988385731699,95.04151238471977,1.2511211793657,98.7169560889282,67.71374847915054,31.00320760977768,1.2830439110717842,20.11124473842453,76.81900180396873,3.0697534576067347,26.925318458080092,50.53145727527544,22.543224266644465,38.17439486730825,39.674670295842645,22.150934836849107,13.367154318074565,21.006323893318672,14.051832478516355,13.586474242211946,5.0,33.01999359739239,76.01311542599518,34.617552128695124,5.722629233054973,14.15543829089605,46122.0,0.455,28270.0,68.8256712353098,4.408602150537634,76.06732031189686,76.46984126984125,17.1273064155022,97.63809523809523,10.90094958696827,0.0,4.229433545686622,5.777777777777778,26.846208688852602,23.966790092224198,36.008831443619044,19.13709436305513,3.7073664359145377,5.877777777777778,5.892394120251765,0.014616342473987132,"Cerro Gordo County, IA",Iowa
739,112,2.232401036136941,2.1888671218769575,train,5007,238198,49.44667881342413,50.55332118657587,87.92894986523817,1.4907765808277151,99.3157576977259,77.42774432249175,21.888013375234145,0.6842423022740994,10.563034062975536,85.76905068477116,3.6679152522533065,23.10131237027473,57.63043347987863,19.268254149846644,44.00285269709544,25.83246887966805,30.164678423236516,12.244255988437585,22.217352363892754,11.135720038450547,9.261216620723477,3.0,27.16954321757815,80.49959145558539,28.133535660091052,3.2041554803315044,8.343644216178358,56239.0,0.4442,27934.0,66.03953654832083,4.077262673704431,73.59587238075181,61.38977744504186,10.121792846863922,96.4030490709862,18.966691235828854,0.8439392908187573,15.981662314545042,9.222222222222221,33.76056893844616,29.92216559332992,30.244166617687807,12.67223066524488,10.580273553934123,9.32222222222222,8.925096338855399,-0.39712588336682053,"Benton County, AR",Arkansas
740,2947,2.5203810379816605,2.531845337158397,train,53003,22040,47.93103448275862,52.06896551724138,93.52994555353901,0.4446460980036298,99.8274374460742,65.55220017256256,34.27523727351165,0.1725625539257981,16.364270760642007,79.42544777855315,4.210281460804839,21.84362139917696,51.00685871056242,27.14951989026063,41.11873757136442,40.72102123292065,18.160241195714928,15.190281165155769,25.368157821617107,16.101409210437602,18.8863979503134,4.0,43.99494310998736,67.65870891767477,42.78985119366235,6.551761053420407,19.43046782999679,44394.0,0.4326,25132.0,59.35884778442418,8.971724880148715,64.90583730561849,73.88059701492537,21.61444088458232,98.30393487109907,18.81691021333125,0.203527815468114,3.5571687840290385,12.333333333333336,26.79219600725953,24.169691470054445,34.41470054446461,20.372050816696913,6.0254083484573515,12.433333333333337,12.576692975197966,0.14335964186462924,"Asotin County, WA",Washington
741,1735,1.67189092708065,0.9985807259588511,train,31175,4254,50.0470145745181,49.9529854254819,98.30747531734836,0.07052186177715092,99.79402677651905,83.1101956745623,16.683831101956745,0.20597322348094746,18.64512119328776,79.98756991920447,1.3673088875077688,19.68115942028985,62.89855072463768,17.42028985507246,49.06354515050167,31.73913043478261,19.19732441471572,12.93103448275862,18.193069306930692,13.896746817538896,17.220902612826606,6.0,33.008229198415115,77.227200843437,40.0632577754349,4.480759093305219,7.380073800738008,44612.0,0.4353,25951.0,69.94130367624344,1.4575971731448762,75.5120213713268,71.64480322906155,13.134461264470167,100.0,14.559216384683886,0.0,1.5044663845792194,5.222222222222221,28.185237423601322,21.72073342736248,31.358721203573108,24.047954866008464,1.6220028208744712,5.322222222222221,2.714426578098914,-2.607795644123307,"Valley County, NE",Nebraska
742,865,1.3261904370501851,1.485192663435231,train,19165,11992,49.08272181454303,50.91727818545697,96.07238158772516,0.1917945296864577,98.27269386255051,82.32267548695333,15.950018375597207,1.7273061374494671,18.79216900785311,79.23902223205398,1.9688087600929096,21.861892583120213,56.19437340153453,21.943734015345264,45.089022520929134,33.63990095507605,21.271076523994807,11.159494535519123,15.211754537597232,11.803238165863304,15.276125743415465,6.0,29.39145446698317,73.94393999210422,36.833793920252674,5.68495854717726,10.18555073035926,50952.0,0.4348,27695.0,68.09639619721422,2.889610389610389,77.16415639738324,73.75657096643751,13.464171611136464,98.50384148807116,12.733911455956186,0.0,2.418278852568379,3.6666666666666665,29.06937958639093,20.196797865243493,34.92328218812541,22.16477651767845,3.735823882588392,3.7666666666666666,4.415816097126683,0.6491494304600165,"Shelby County, IA",Iowa
743,1228,2.366081404553173,2.286685034576836,train,26007,29068,49.112426035502956,50.887573964497044,96.73180129351864,0.5676345121783405,97.18161000528448,66.21454993834772,30.967060066936764,2.8183899947155187,16.871635520154054,80.31423694691235,2.8141275329336075,24.680312129754466,51.80781958573355,23.51186828451199,43.68070953436807,39.77449639099873,16.544794074633202,17.208910125781742,33.27632543366724,18.16034101997843,18.14444483155071,5.0,34.89569920164821,66.15312057852539,43.40512498034899,8.21411727715768,21.466750510925955,38829.0,0.4292,22082.0,57.62358158340943,8.948242040138826,63.636897767332535,79.60207323190102,23.93066980023502,99.11386055843504,18.149236192714454,0.11703728473499415,1.248795926792349,10.555555555555557,25.57107472134306,23.011559102793452,36.21852208614285,21.119444062198983,2.7005641943030136,10.655555555555555,9.842256802123716,-0.8132987534318392,"Alpena County, MI",Michigan
744,1172,1.9909138641722421,2.5170587616085047,train,23003,70005,49.41361331333477,50.586386686665236,95.2860509963574,0.7428040854224698,98.7266488753336,66.70987418985894,32.016774685474644,1.2733511246664124,17.6770351969899,79.87543151473086,2.4475332882792378,24.93758855677755,52.22151001956683,22.840901423655623,52.39100684261975,30.44379276637341,17.165200391006845,18.527008758008574,34.51262784387393,20.28040643670141,21.802941091162214,6.0,34.815560737757046,67.47817492999506,40.349201120079066,9.326305386262561,24.453961456102785,36923.0,0.4462,21763.0,58.165752589884214,7.324438418636181,60.12478864518588,56.00956313844815,29.41820866376128,97.90625226400059,15.746231335286133,0.0869376222560313,1.095636025998143,7.222222222222222,25.343904006856647,22.83408327976573,37.383044068280846,20.69566459538605,3.9711449182201273,7.322222222222222,12.392094904420283,5.069872682198061,"Aroostook County, ME",Maine
745,2881,2.0780516873907815,2.2648721948935657,train,51143,62794,49.058827276491385,50.941172723508615,74.84473038825367,21.417651367965085,99.52711223203026,63.634930643127355,35.8921815889029,0.4728877679697352,14.532850870060171,83.79411286388031,1.673036266059522,24.54623369202933,51.85029997143129,23.603466336539373,54.64329643296433,31.21375856615709,14.142945000878575,16.072669673018794,33.92685787397377,15.893385982230996,17.715290549478915,5.0,30.118051255418173,72.54617615631201,40.925049610746456,6.353991756983668,15.58159059685544,41824.0,0.4153,21667.0,60.50186627718274,7.5406538139145,71.38808683563256,62.27716111671712,15.410116565073256,98.48637739656913,17.07036680568923,0.4961318533467878,2.3967258018282003,7.8888888888888875,26.163327706468767,22.47029971016339,38.09599643278021,19.178583941140875,3.737618243781253,7.988888888888888,9.629893772860301,1.641004883971413,"Pittsylvania County, VA",Virginia
746,2331,2.118929313186954,2.218803006832915,train,45043,60572,47.5780888859539,52.4219111140461,64.01637720398864,32.67021065839001,99.88591916558019,48.810299869621886,51.07561929595828,0.11408083441981745,13.337385763393982,83.68617422654481,2.9764400100612063,28.500999861405354,48.15372126635912,23.345278872235532,45.13547917803237,29.066648481542106,25.79787234042553,20.953127867977106,56.22515707141942,20.65044348419377,15.617805065234075,5.0,36.97468512283328,63.481286599338034,47.08902656369346,6.509377917338537,17.389459390647545,42835.0,0.4877,25216.0,52.82381571770235,11.13229278366893,59.166173861620344,61.55568395204392,19.370195150798345,98.14386826520295,26.818450620934357,1.1772353026144735,3.0954896651918378,8.222222222222221,26.068150300468865,21.05263157894737,35.4206564089018,23.17737568513505,3.3134121376213432,8.322222222222221,9.196316347215618,0.8740941249933964,"Georgetown County, SC",South Carolina
747,2440,2.7293042074630365,2.629138075705529,train,47039,11686,48.66506931370871,51.334930686291294,94.1040561355468,2.7811055964401854,99.79372937293728,64.02640264026402,35.76732673267328,0.20627062706270624,15.58139534883721,83.07862679955703,1.3399778516057586,19.346837536171968,53.71021083092186,26.942951632906162,63.270872865275145,24.003795066413666,12.725332068311195,21.555109520900608,47.21212121212121,23.041286278784572,21.18858539139541,6.0,29.32915631414065,64.70470068300523,45.52028927280033,5.6247488951386115,22.358376858175973,37263.0,0.5094,23715.0,55.138427464008856,9.660574412532638,61.89464095946562,59.394187474416704,22.362228632154242,98.32173557101923,19.6447548201002,0.08186655751125665,2.9779223001882595,15.222222222222221,26.159507102515825,22.5825774430943,34.194762964230705,22.437104227280507,3.114838268013007,15.322222222222218,13.86181691482044,-1.4604053074017767,"Decatur County, TN",Tennessee
748,1468,2.1959892467282267,1.9620448439195648,train,28147,14978,49.051942849512606,50.948057150487394,53.19134730938711,45.18627320069435,100.0,64.22091782283886,35.77908217716115,0.0,17.40306582506763,81.32551848512173,1.2714156898106403,32.216170925848346,44.256388772517816,23.527440301633852,62.730850741749926,26.279140175597934,10.990009082652138,28.664072632944226,68.51325757575758,33.005516910530105,20.690119962259065,6.0,21.985752448797864,63.478562749522645,41.06925880923451,9.026210727304287,18.764103454261416,31384.0,0.5061,17872.0,54.012623985572574,10.417362270450752,51.95543692700475,62.51516376870199,19.87930834397121,97.57379700768296,30.764767320413146,0.7278608976951072,1.7625851248497797,8.888888888888891,33.42902924288957,25.530778475096806,32.35411937508345,17.091734543997866,1.6223794899185473,8.988888888888889,7.113858933576596,-1.8750299553122929,"Walthall County, MS",Mississippi
749,1736,1.0570183913692728,1.2324478761421844,train,31177,20257,49.2471738164585,50.75282618354149,97.27995260897468,0.6763094239028484,100.0,78.38226236912337,21.617737630876608,0.0,12.422608348312366,85.45369815591505,2.123693495772585,21.74099748481688,61.84283172811485,16.41617078706828,35.370057947627075,34.9959656715323,29.63397638084061,9.457216157754416,18.314661471018024,8.11919671777154,12.860630823658378,3.0,31.80783982318143,82.46203634553149,30.034851879512075,3.6594473487677375,7.505601194921581,65370.0,0.3994,31151.0,71.35149361758127,1.4570269273330874,85.97511052890127,74.73190348525469,6.607172097592927,99.19571045576409,9.153430489602096,0.0,2.44853630843659,2.7777777777777777,31.68287505553636,24.050945352223927,36.41210445771832,15.490941402971814,2.0437379671224765,2.877777777777778,3.4296145409879903,0.5518367632102121,"Washington County, NE",Nebraska
750,1465,2.7578980068297776,2.4535943117217043,train,28141,19539,48.211269768156,51.788730231844006,94.5340089052664,2.5999283484313422,100.0,69.51331496786042,30.48668503213957,0.0,12.087248322147653,86.16778523489933,1.74496644295302,19.917324314167605,53.16297131404234,26.91970437179005,61.266157461809634,27.511750881316104,11.222091656874266,16.352201257861633,36.920164089618176,15.289384091612506,23.25846776285077,6.0,26.251236399604355,66.49242028227914,42.263460533193935,9.161003659174073,13.251437532671199,35143.0,0.426,18881.0,58.49360048247672,10.333371520219957,59.89088349172826,60.52261871312167,19.579373460049286,98.03315538072492,25.017599436818017,0.0,2.6715799170888994,15.666666666666664,28.42008291110087,24.197758329494857,34.438814678335646,19.06955320128973,2.8660627463022674,15.766666666666667,11.630073794806977,-4.1365928718596905,"Tishomingo County, MS",Mississippi
751,314,2.267533454935127,2.306472260633676,train,12001,254218,48.37108308617014,51.62891691382986,69.86602050208876,19.8963094666782,99.13114428738396,63.503649635036496,35.62749465234746,0.8688557126160497,16.16834216494792,66.60144592820183,17.230211906850258,46.218401771075534,35.638263382643096,18.14333484628139,28.97727272727273,29.45615938194518,41.566567890782096,24.342127275160603,30.788989754517054,32.497510945022576,10.17219375077032,3.0,23.467835948706387,77.37402148847502,23.902050608564373,3.921284758487327,11.789706627508972,43073.0,0.5177,25498.0,61.089581087250025,7.686498346476724,74.4015380514612,64.47764220772639,11.228569646168769,95.82248960692196,17.25997720144958,0.9058032243890898,8.869552903413606,9.555555555555557,27.36116246685915,42.70586661841411,27.39184479462509,11.937785680006925,10.237670031233034,9.655555555555557,10.038947324745106,0.383391769189549,"Alachua County, FL",Florida
752,1347,1.3835127181580138,1.5822120355157925,train,27079,27707,50.557620817843855,49.44237918215613,95.36579203811311,0.5919081820478579,99.1193306913254,71.92132687509174,27.198003816233676,0.8806693086745927,13.119149765990644,84.5017550702028,2.3790951638065523,25.494196590496927,57.122778382299614,17.383025027203484,44.90087988974876,33.918159652284544,21.180960457966712,9.064017821275977,13.319707034576735,8.933263268523383,9.945513984743917,2.0,27.64235429337675,80.61629301596088,30.796198911338678,3.3305655503275218,7.814374019743518,60632.0,0.396,28483.0,71.98436066998117,4.968819151076243,81.50610419436724,73.43562694797411,14.124259639792097,98.36969551666269,7.651396107820621,0.0,5.565380589742664,3.888888888888889,30.94885768939257,24.22492510917819,35.59028404374346,15.595336918468256,4.042299779839031,3.988888888888889,4.865707032577314,0.8768181436884248,"Le Sueur County, MN",Minnesota
753,1968,2.5555031730094866,2.5321787342637014,train,37169,46661,48.94237157369109,51.05762842630891,93.13988127129723,4.1190716015516164,99.62515618492294,65.62890462307371,33.996251561849235,0.3748438150770512,14.103581297365324,82.97447402259856,2.921944680036114,22.488948288269768,54.38984270587026,23.12120900585997,57.34128166915053,29.09687034277198,13.561847988077496,16.979085307645573,30.559382750068888,18.08565531475748,15.224681421864519,3.0,26.602979274611396,70.09173344580346,36.85681147195276,4.475959510754956,14.366301138760019,40696.0,0.4269,20950.0,59.37568276163425,8.955429833034357,68.19829011715865,66.81313316245576,14.75917390845442,98.99914561210792,20.237131900221648,0.03661662394727206,2.8096268832643965,12.777777777777779,26.705385653972268,23.07280169734896,38.12605816420566,18.21649771757999,2.741047127151154,12.877777777777776,12.580886707280424,-0.2968910704973524,"Stokes County, NC",North Carolina
754,2626,2.2442495159810822,2.494256167556978,train,48221,53171,49.40098926106336,50.59901073893664,93.66007786199243,0.8181151379511387,99.59253893516842,77.88844621513944,21.704092720028974,0.4074610648315827,13.47677001835217,82.80450111078916,3.718728870858688,17.808032675289308,55.71363739505333,26.478329929657363,39.96656828688589,34.51824379032048,25.51518792279364,11.747321054036536,21.45775814467145,11.329572925060436,14.966998588378924,2.0,41.827198168987216,70.53315497802409,41.53927001719855,4.5576151347219565,9.124785018154023,56100.0,0.4503,30478.0,55.54453769318209,5.072716189149176,66.45941514074883,71.56107660455487,12.172041541404756,98.71635610766045,24.13910904618748,0.09937888198757763,11.359575708562938,9.333333333333334,26.45615090933027,22.028925542118827,33.70070151022173,23.34543266066089,5.5218070000564206,9.433333333333334,12.112720332498338,2.679386999165004,"Hood County, TX",Texas
755,575,2.3014733641413554,2.401478719976989,train,16061,3812,49.44910807974814,50.55089192025186,89.19202518363066,0.07869884575026233,98.6778846153846,69.23076923076923,29.447115384615394,1.3221153846153846,17.409184372858114,77.07333790267306,5.517477724468813,19.846104520679702,53.382494389227325,26.77140109009298,45.67765567765568,39.12087912087912,15.201465201465199,17.386666666666667,28.34890965732087,19.136807817589574,21.287919105907395,6.0,44.093959731543634,64.8,49.6,7.507692307692308,14.215384615384615,36505.0,0.4244,21152.0,55.468215994531796,6.469500924214418,55.231984205330704,68.66666666666667,18.558736426456075,99.0,29.96051332675222,0.0,4.066107030430221,9.888888888888893,27.806925498426036,20.461699895068207,34.10283315844701,23.609653725078697,10.729275970619096,9.98888888888889,11.039488629417217,1.0505997405283267,"Lewis County, ID",Idaho
756,841,1.6072132174119893,1.7066932318869148,train,19117,8731,50.12026113847211,49.87973886152789,97.75512541518728,0.22906883518497306,100.0,70.1455092824887,29.854490717511286,0.0,17.580254391278018,80.75408843125379,1.6656571774682012,21.974477632870563,54.05973916701725,23.96578320011219,54.11957411957412,30.941850941850944,14.93857493857494,13.106739611221045,19.34703748488513,13.870246085011187,15.084903465922313,6.0,28.67778439547349,72.56661228928765,38.66231647634584,5.193039695486677,12.31647634584013,43962.0,0.4322,23512.0,63.875851627554894,5.6174448921545395,74.38085327783558,70.27777777777777,17.81477627471384,99.83333333333331,12.965660770031214,0.0,0.3436032527774596,4.888888888888889,29.927843316916732,20.787996793036307,34.784102622838155,21.48665674035048,2.0158057496277637,4.988888888888889,5.510708679628939,0.5218197907400501,"Lucas County, IA",Iowa
757,2203,1.8082887711792655,2.186571553016524,train,41003,86495,50.435285276605576,49.564714723394424,87.4362679923695,0.8798196427539164,99.76825028968712,79.6469225001704,20.121327789516734,0.2317497103128621,14.647633358377162,67.63035311795642,17.722013523666416,42.06276824034335,42.504023605150216,15.433208154506435,19.98312042045498,27.224076418460125,52.7928031610849,22.252892176708013,17.820502463850072,31.244239631336413,10.084062844222853,4.0,22.297693101620688,75.89834515366431,27.098108747044922,2.6122931442080377,14.157801418439714,49802.0,0.4823,27888.0,60.49368911004572,8.350470204949282,78.83916762928365,66.32514817950889,13.799742186061303,97.502116850127,11.214906333182665,0.6604572396274344,6.907913752240013,6.0,26.510202901901852,40.235851783340074,28.96583617550148,13.733741834788141,11.683912364876583,6.1,8.90463166364591,2.8046316636459103,"Benton County, OR",Oregon
758,2662,2.0918640616783932,2.156690184736461,train,48293,23454,51.55197407691652,48.4480259230835,78.59640146670077,17.613200306983885,97.4788334901223,59.22859830667922,38.250235183443095,2.5211665098777045,13.249137578202655,83.69291937087061,3.0579430509267382,28.773261637408403,44.56745215878538,26.65928620380621,55.32874139010645,30.882905447714467,13.788353162179089,23.22011903163736,71.4427531436135,21.43463497453311,17.254570526222142,6.0,25.89568405265789,71.61058881741712,39.844136566056406,4.811974270163287,12.382483918852055,37554.0,0.4572,20430.0,58.86636374228126,8.114794656110837,52.97840655249442,68.12098501070663,17.795979151154132,97.80513918629549,33.53685778108712,0.6691648822269808,20.444273897842585,8.0,29.879764645689434,27.649867826383556,32.207725761064204,16.901168244222742,3.7903982263153417,8.100000000000001,8.642485237955565,0.5424852379555638,"Limestone County, TX",Texas
759,2600,1.437726534752161,1.3376896142263779,train,48169,6410,66.25585023400936,33.74414976599064,84.94539781591264,4.9609984399375975,99.45105215004575,63.58645928636779,35.86459286367796,0.5489478499542544,10.538411030860145,89.33026920551544,0.13131976362442546,30.870427103982703,31.465128852045414,37.66444404397188,68.15665368054131,22.472831658806644,9.370514660652043,10.414657666345226,16.630901287553648,9.94971264367816,12.56620125180549,6.0,12.96682464454976,79.177545691906,29.63446475195823,7.310704960835509,13.446475195822456,48508.0,0.4918,18125.0,65.53413917020582,2.0438683948155534,58.02874743326488,54.7923322683706,13.716632443531829,95.36741214057508,31.62217659137577,2.396166134185304,56.00624024961,4.111111111111111,23.010920436817475,33.29173166926677,38.705148205928225,10.29641185647426,10.093603744149767,4.21111111111111,3.8102302265400567,-0.40088088457105364,"Garza County, TX",Texas
760,2186,2.8583840824027678,2.484683616814406,train,40123,38055,48.86348705820522,51.13651294179478,71.07607410327158,2.351859151228485,98.23998228912994,61.36816471109143,36.87181757803853,1.7600177108700463,15.355155719343884,77.46947033745212,7.1753739432039865,29.09413971241485,44.78628541344477,26.119574874140373,45.59566342244672,27.345899552379777,27.0584370251735,18.504647348277746,32.327063106796125,19.975020457384037,15.558510638297873,5.0,26.220122098437553,76.99266671235692,32.97238023439106,6.634226578027551,16.194914673428823,43261.0,0.4241,21827.0,64.6257311989912,6.0054200542005445,62.585271995802,57.34905826439008,15.130313101276894,97.20119697236404,25.913940878082908,0.545678577715191,4.664301668637498,17.333333333333332,30.876363158586262,31.38352384706346,29.362764419918538,15.469714886348706,26.57206674549994,17.433333333333337,11.997323902756927,-5.43600943057641,"Pontotoc County, OK",Oklahoma
761,930,1.296248080435107,1.4994873930465726,train,20097,2536,49.09305993690853,50.90694006309149,95.4652996845426,0.8675078864353312,100.0,81.90127970749545,18.09872029250457,0.0,17.970049916805326,79.81142540210759,2.2185246810870773,25.11938872970392,57.40210124164279,17.478510028653297,35.443786982248525,37.2189349112426,27.33727810650888,15.48936170212766,25.467289719626173,16.367137355584084,15.03850830968788,6.0,24.81089258698941,78.42401500938088,32.17636022514071,7.6923076923076925,11.163227016885552,43963.0,0.4446,24116.0,70.3239289446186,3.789004457652303,76.01902173913044,76.69683257918551,12.907608695652172,97.51131221719456,13.586956521739127,0.6787330316742082,5.678233438485805,3.5555555555555562,29.49526813880126,25.709779179810724,33.47791798107255,19.006309148264986,3.6671924290220823,3.6555555555555563,4.479392314074418,0.8238367585188615,"Kiowa County, KS",Kansas
762,114,1.7127964254212538,2.1915265737156178,train,5011,11206,49.38425843298233,50.61574156701767,60.592539710869175,28.95770123148313,98.57637552904964,49.13428241631397,49.44209311273567,1.4236244709503656,16.525877453896488,81.33254015466984,2.1415823914336705,23.36051837783488,47.79354262093622,28.845939001228913,62.55719701921821,24.46071381879984,12.982089161981955,29.03022101939558,88.60482103725347,30.85564789165897,22.55016647169981,6.0,24.185667752442995,65.20226185297956,35.558938668986514,11.222270552414091,24.488908220965644,33701.0,0.4928,20252.0,54.133835117017526,9.385183575928744,54.257907542579076,49.61079398028023,24.17883211678832,99.53295277633629,25.48661800486618,0.10378827192527244,13.956808852400501,5.4444444444444455,28.743530251650906,25.923612350526504,32.80385507763698,17.9814385150812,10.449759057647693,5.544444444444445,8.94886379291538,3.4044193484709355,"Bradley County, AR",Arkansas
763,315,2.6302888397953126,2.3392394500597486,train,12003,27135,52.614704256495294,47.38529574350471,83.46784595540815,14.512622074811132,94.957858938341,64.58672186899304,30.37113706934792,5.042141061659027,9.509666573269824,86.44998599047352,4.0403474362566545,29.888372093023246,44.534883720930225,25.57674418604651,62.17249522096032,26.340942314179692,11.486562464860002,18.1408985794516,28.3030303030303,20.116990519733747,16.097600584629127,2.0,29.66272276498601,73.4430225472273,31.78549664838513,7.909811090798294,22.010968921389395,47121.0,0.43799999999999994,20471.0,61.80800447802967,8.540119543560952,67.75171856045289,57.28444003964322,17.22604124545087,96.36603898249092,18.84350990699555,0.2642880740006607,2.351206928321356,13.777777777777779,31.25483692647872,29.51907131011609,33.01271420674406,12.533628155518704,2.0195319697807257,13.877777777777778,10.373344115564874,-3.5044336622129038,"Baker County, FL",Florida
764,501,2.366081404553173,2.204073898145599,train,13245,201291,48.41051015693697,51.58948984306303,39.07328196491646,54.83056867917592,99.45596664929651,44.58155289213132,54.874413757165186,0.5440333507034915,16.941899418092536,77.49356711355865,5.564533468348812,41.33516089841438,31.29809040216816,27.366748699417467,47.862359049178544,31.73052298284145,20.407117967980014,25.17023043388001,66.40581330352153,25.51965246889008,17.196541594268687,3.0,41.78270714411617,73.1163906084435,31.293569795326533,7.5888126707935974,22.51965869165133,37424.0,0.4836,20659.0,60.07366559440754,11.712004079787667,61.04684114019003,59.880720751205494,21.307717952992164,98.0077827594958,24.00983497249541,0.4906522290838339,4.5441673994366365,10.555555555555557,30.77931949267479,33.72480637485034,30.04654952283013,12.28221828099617,6.096149355907617,10.655555555555555,9.06185547947613,-1.5937000760794255,"Richmond County, GA",Georgia
765,928,0.7419373447293773,1.175620822899197,train,20093,3952,53.770242914979754,46.229757085020246,83.65384615384616,0.8603238866396761,97.66637856525496,73.37942955920485,24.28694900605013,2.3336214347450297,9.778597785977857,87.85977859778599,2.3616236162361623,21.390374331550802,60.394385026737964,18.21524064171123,45.81339712918661,36.96172248803828,17.22488038277512,10.687418936446171,14.000000000000002,11.133851821530905,10.47471620227038,5.0,17.198136868505912,83.46627991298044,30.09427121102248,2.4655547498187094,5.511240029006528,50506.0,0.4209,23884.0,70.71823204419887,1.5625,84.79532163742691,64.63414634146342,3.868645973909132,96.95121951219512,12.595591542959964,0.0,29.959514170040485,2.0,36.48785425101215,25.86032388663968,30.946356275303646,13.815789473684212,15.485829959514167,2.1,3.240153881281787,1.1401538812817869,"Kearny County, KS",Kansas
766,2896,1.8082887711792655,1.9085446095783818,train,51175,18410,52.476914720260716,47.523085279739284,60.917979359044,35.920695274307434,99.36164307521507,56.9525395503747,42.4091035248404,0.6383569247849015,11.273549359457428,85.8553127354936,2.8711379050489825,28.74708775563034,45.67693502459228,25.575977219777368,54.340523997909976,30.70836754497275,14.951108457117266,15.719202468549724,32.169390787518566,15.48953175223699,15.931721194879088,6.0,37.18035448518469,76.7734211313978,35.318766836276566,5.552229871296018,17.4648308889554,48962.0,0.4324,23259.0,63.97618509307407,7.11509011662151,69.16650662569617,67.42556917688266,15.018244670635688,96.56742556917689,20.155559823314764,0.0,1.3036393264530146,6.0,25.27973927213471,22.59641499185225,40.61922868006519,17.21347093970668,3.1613253666485606,6.1,6.743267566374751,0.6432675663747514,"Southampton County, VA",Virginia
767,3082,1.5846897427449065,1.8001148095592134,train,55083,37476,51.096701889209086,48.903298110790914,96.33098516383819,0.2454904472195539,99.25793244626408,78.17297850562947,21.084953940634595,0.7420675537359263,12.830561613958562,84.84187568157033,2.3275627044711014,22.51921901637235,58.618804078613024,18.86197690501464,53.471735683469156,31.144216232161952,15.384048084368892,9.350887605892193,14.330357142857142,9.311755952380953,12.103947757383569,3.0,35.31376518218624,75.82332429290972,35.39971587240088,3.0672865814283865,10.00904042360842,52765.0,0.3991,26914.0,67.30762685906818,5.0968296506042385,78.54084753167322,56.18358231942091,15.504587155963304,98.87571230555984,9.790301441677588,0.09240720776220544,1.638381897747892,4.777777777777779,26.833173230867754,22.198206852385525,39.051659728893156,17.840751414238447,3.4235243889422566,4.877777777777779,6.05034206164417,1.1725642838663912,"Oconto County, WI",Wisconsin
768,1361,1.561647248597752,1.4921551748539559,train,27107,6692,50.10460251046025,49.89539748953975,93.21578003586373,0.5080693365212193,98.6310299869622,74.51108213820078,24.11994784876141,1.3689700130378095,16.726475279106854,80.38277511961721,2.8907496012759166,24.108286080117068,55.22224254618621,20.669471373696727,49.776548201745044,35.135135135135144,15.088316663119814,12.929848693259974,27.881355932203395,11.445649767544827,11.194029850746267,6.0,29.092319627618302,74.41348973607037,36.80351906158358,5.571847507331379,8.870967741935484,50377.0,0.4207,25314.0,64.05007949125596,5.1815079118833385,73.70410367170626,73.3433734939759,19.89740820734341,98.87048192771084,11.393088552915769,0.07530120481927711,4.617453676031082,4.666666666666667,29.4979079497908,20.487148834429167,34.892408846383745,21.697549312612075,6.276150627615062,4.766666666666667,4.446668547760866,-0.31999811890580077,"Norman County, MN",Minnesota
769,2497,2.502346284073356,2.6592209356930523,train,47153,14592,49.15021929824561,50.84978070175439,89.67242324561403,0.2124451754385965,100.0,69.14830256104824,30.85169743895176,0.0,12.240079905566153,84.69990011804232,3.060019976391537,18.93636904256223,53.17305241695692,27.89057854048084,58.178420379659684,28.86790597029605,12.953673650044262,16.29676158570631,21.696035242290744,18.815406192685295,22.454943984413053,3.0,25.85009791703756,68.3526268922529,41.21104185218165,5.057880676758684,21.353517364203032,45408.0,0.4329,21818.0,55.75229274493781,8.664495114006515,65.92125609611038,63.16193399846508,20.12608540501963,99.34765924788948,16.724158439395744,0.0,3.4128289473684217,12.111111111111107,28.303179824561404,23.958333333333336,34.580592105263165,18.4484649122807,10.115131578947368,12.211111111111109,14.285155707495967,2.0740445963848586,"Sequatchie County, TN",Tennessee
770,345,1.8786165133213217,2.018464691771589,train,12065,14198,52.97929285814903,47.020707141850956,60.91703056768559,36.17410902944078,100.0,59.087171052631575,40.912828947368425,0.0,18.378088077336198,80.13963480128893,1.4822771213748658,30.44692737430168,42.59776536312849,26.95530726256983,51.614689057021586,29.894814541428303,18.490496401550104,15.896866729275164,29.3354943273906,16.4875,18.633963549650826,3.0,37.739219188568505,69.59896507115135,41.729809647015344,7.1336167067085565,15.801145814082425,43355.0,0.4458,21080.0,58.227712137486584,9.463198671831766,70.23525908278737,56.669236700077114,18.418701608100054,97.80262143407863,16.75104228707564,0.0,4.092125651500211,6.4444444444444455,21.62276376954501,25.13734328778701,38.47725031694605,19.256233272291876,2.9088604028736444,6.544444444444445,7.526760161379538,0.9823157169350925,"Jefferson County, FL",Florida
771,1746,2.0640458562018624,1.8405576371064998,train,32011,1669,47.75314559616537,52.24685440383463,95.80587177950869,0.11983223487118035,100.0,88.29787234042553,11.702127659574465,0.0,22.04968944099379,77.9503105590062,0.0,10.855018587360597,64.31226765799256,24.83271375464684,44.64141821112007,33.11845286059629,22.24012892828364,9.735576923076923,1.6216216216216215,13.780918727915196,12.439903846153848,5.0,44.08352668213457,83.57235984354628,24.51108213820078,0.0,5.475880052151238,60250.0,0.3844,30459.0,68.7111801242236,4.745762711864408,72.53588516746412,75.7201646090535,5.645933014354067,100.0,22.966507177033485,0.0,2.636309167165968,7.777777777777778,28.28040742959856,23.1875374475734,39.72438585979629,14.559616536848411,4.074295985620132,7.877777777777777,6.300050423568568,-1.577727354209209,"Eureka County, NV",Nevada
772,1293,2.4932054526026954,2.170744227823846,train,26137,24141,49.33929828921752,50.66070171078248,95.80796155917321,0.3810944037115281,97.27878211227402,69.74310180780209,27.53568030447193,2.7212178877259747,13.601605293128696,83.03595639676772,3.3624383101035846,23.864719755130714,54.960108384765924,21.175171860103365,44.645275242861345,34.81307035619665,20.541654400942008,13.837169939065676,26.18100447538538,13.567931456548347,15.01085323092336,6.0,35.6234096692112,70.77139413419043,40.20691040578546,5.644837284049817,17.667738047408598,48917.0,0.4241,25743.0,60.683532117452,7.720782654680064,68.1891418563923,79.60199004975125,19.76182136602452,99.29895974672094,15.782837127845886,0.045228403437358664,1.5160929538958619,12.0,28.47023735553623,23.126631042624577,36.33652292779918,18.752330060892263,3.8109440371152807,12.1,8.764804625512442,-3.335195374487558,"Otsego County, MI",Michigan
773,1379,1.437726534752161,1.2975959274122364,train,27143,15021,50.6690633113641,49.33093668863592,96.77784435124157,0.3994407829039345,98.64791779340185,72.796106003245,25.85181179015684,1.3520822065981608,14.709061430372904,83.83174202846334,1.4591965411637544,26.483068474914717,56.90989266993927,16.60703885514602,51.42272461508478,32.293899824595606,16.283375560319627,10.686816893806505,21.82672934855608,9.103313840155943,10.468708031157668,2.0,24.05722864965115,80.29597605586963,31.725972730295968,3.2424343199201866,7.532424343199202,56990.0,0.3965,27493.0,72.27085938895837,5.006180469715699,80.12872083668546,75.05014039310069,14.147799103551321,98.47573204973928,8.320882657165843,0.08022462896109105,8.175221356767192,4.111111111111111,31.489248385593505,23.42720191731576,34.691431995206706,17.262499167831702,2.8227148658544703,4.21111111111111,3.6604860070614937,-0.5506251040496166,"Sibley County, MN",Minnesota
774,380,2.3555991282796627,2.397886079407292,train,12133,24629,54.72410572901863,45.27589427098137,79.65812659872508,15.17316984043201,99.5,68.82000000000001,30.680000000000003,0.5,14.1079327631967,83.5446770864052,2.3473901503981125,28.955588091752077,41.41532454856027,29.62908735968765,60.9418757501286,27.91335657541293,11.14476767445848,21.514143852776385,51.94925742574258,21.7459637091013,19.223617976509004,6.0,33.831480159134955,63.14576764491875,41.329129274799904,8.707252000970168,20.676691729323302,38970.0,0.4434,18164.0,54.1766950396243,10.96543504171633,54.35940999304966,64.12139011257953,27.731871186964245,99.04552129221732,22.34149355162561,0.0,3.4227942669211093,10.444444444444443,26.33886881318771,27.902066669373504,34.91818587843599,16.813512525884118,5.168703560842909,10.544444444444443,10.999898873162987,0.4554544287185447,"Washington County, FL",Florida
775,2552,2.2442495159810822,2.017647450800256,train,48073,51167,51.005530908593435,48.99446909140657,80.39947622491059,14.57775519377724,99.24600152322924,61.28712871287129,37.95887281035796,0.753998476770754,11.591949799310305,85.29594663350105,3.1121035671886483,28.95647196436127,46.53940917348997,24.504118862148772,55.14590618593995,28.563246111178106,16.290847702881948,22.075346992729678,53.37278106508876,21.101168112576,13.735062812787255,5.0,25.603114887795638,73.173895876812,36.916915787692474,5.149754639291556,17.919792430481127,39595.0,0.4676,19420.0,58.375903748988065,6.312165263963275,58.1718633341629,59.381496881496886,14.338535926334126,98.79158004158005,31.382657233263412,0.4287941787941788,21.89692575292669,9.333333333333334,32.66167647116305,27.373111575820356,31.195887974671177,15.738659682998804,5.022768581312175,9.433333333333334,7.520611497406534,-1.9127218359267992,"Cherokee County, TX",Texas
776,2293,2.4169053500233435,2.316803311202044,train,42111,76617,51.809650599736344,48.190349400263656,95.67589438375296,2.6404061761750004,99.063775869351,74.82753766014359,24.23623820920738,0.9362241306490215,13.818504780314507,83.95590617000157,2.225589049683925,25.54316906281233,52.188821403859464,22.268009533328208,62.81203140160536,21.869983240716238,15.3179853576784,12.651097943534332,24.4261278028893,12.29948606136116,16.158243959437467,5.0,30.376154438173426,70.4176373273912,41.034471116513046,5.881359937877713,13.616259833215166,44587.0,0.4265,22980.0,60.743142490550355,6.57380184397568,75.22675344457521,72.6664342976647,17.099402247917098,97.5531544092018,12.661266126612661,0.8086441268734751,1.2960570108461569,11.111111111111107,23.938551496404195,24.66162862028009,36.839082710103504,19.917250740697234,1.6836994400720466,11.211111111111107,10.143197778339637,-1.0679133327714698,"Somerset County, PA",Pennsylvania
777,2448,2.6222502112988773,2.456928222331099,train,47055,28949,48.917061038377845,51.082938961622155,86.09969256278282,10.034888942623233,99.26936190940089,68.37148887806461,30.89787303133625,0.7306380905991232,13.056716960552627,82.98036720596254,3.962915833484821,24.123192960402264,50.11942174732873,25.75738529226901,60.447319048089255,24.70623086797669,14.846450083934036,16.442786069651742,25.605966438781852,18.147276035534624,17.065826330532214,6.0,28.371255380831066,68.68195096043198,39.09887580773657,7.6037886164468445,17.90740904664955,41093.0,0.4251,20765.0,57.841867940533064,8.845322630441494,65.54272517321016,65.0127977948415,18.637413394919168,98.83835400669425,18.926096997690532,0.2165780665485332,1.9413451241839093,13.666666666666664,27.479360254240216,25.275484472693357,35.24128640022108,18.200974126912847,3.865418494593941,13.766666666666666,11.668912127009548,-2.0977545396571173,"Giles County, TN",Tennessee
778,2254,2.2789752273549118,2.3807131235573245,train,42033,81343,52.04873191301034,47.95126808698966,95.22392830360329,2.4538067196931515,98.957928802589,68.81553398058253,30.142394822006477,1.0420711974110033,15.472997582861495,82.41780073507499,2.109201682063508,26.93381412120507,49.451843666395256,23.614342212399674,63.800607287449395,22.97739541160594,13.221997300944667,14.952653018039465,29.691109780097552,14.8919591782436,16.87963048255715,5.0,32.31476843207796,69.38429141653832,39.90948235220165,6.993116887198667,17.286356350378732,42257.0,0.4203,21362.0,60.124543697659426,7.4010989010989015,69.18432272166554,66.58294963024976,22.169801112385567,98.83493790986464,13.391910316618693,0.3069624668620064,2.766064689032861,9.666666666666666,24.626581266980565,25.317482758196768,37.17836814476968,18.494523191915714,2.322264976703589,9.766666666666666,10.81261084274211,1.0459441760754444,"Clearfield County, PA",Pennsylvania
779,1900,2.2902875651836396,2.134272388585285,train,37033,23174,50.5350824199534,49.4649175800466,62.68663156986278,32.791058945369805,99.72887483054676,61.97469498418437,37.754179846362405,0.2711251694532309,12.829376097920324,83.89527965093218,3.2753442511475037,26.98070607553366,45.79228243021347,27.227011494252878,59.18850180398651,29.195007984858346,11.616490211155146,20.9115523465704,52.98664792691496,21.29427792915532,21.076999145952264,6.0,26.936422356269684,66.34393729829415,46.02351313969571,8.29875518672199,21.438450899031807,37869.0,0.4327,19698.0,57.81758957654724,10.88878096163186,61.45251396648045,56.44930985245122,23.86062922669803,98.66730128510231,21.045280799764775,0.0,3.4348839216363163,9.777777777777779,24.117545525157514,24.449814447225343,37.59817036333823,18.788297229653924,4.522309484767412,9.877777777777778,8.450895301403419,-1.4268824763743595,"Caswell County, NC",North Carolina
780,1564,2.1959892467282267,2.3745759601942,train,29175,25135,52.3532922220012,47.64670777799881,90.53511040381935,5.0089516610304345,99.82388164846779,62.90947516731244,36.91440648115535,0.17611835153222966,14.156835530881331,82.8764746703678,2.9666897987508682,28.54473942969518,43.8102261553589,27.645034414945922,53.194850789935636,33.0661205383265,13.739028671737858,19.088776928422515,32.77881911902531,20.86205695982174,17.717044572808,5.0,29.984575835475574,69.33727810650889,37.644970414201175,6.6390532544378695,18.473372781065084,37832.0,0.4399,18151.0,58.6472602739726,8.496350364963504,61.57773622896592,71.14001106806863,22.134330504818067,96.76258992805755,20.40126564073062,0.8854454897620365,1.826138850208872,8.888888888888891,28.60155162124527,29.39327630793714,32.846628207678535,15.142231947483593,4.455937935150191,8.988888888888889,10.746455294964703,1.7575664060758136,"Randolph County, MO",Missouri
781,346,2.455782938066032,2.309820585350958,train,12067,8801,59.82274741506647,40.17725258493353,77.32075900465857,18.134302920122714,99.84126984126983,82.01058201058201,17.83068783068783,0.15873015873015872,12.813479623824445,80.99529780564264,6.191222570532916,35.653016048699506,37.755949086884335,26.591034864416162,61.25126135216954,27.12748065926673,11.621257988563741,20.316509837467922,30.34482758620689,23.79801884513168,19.64642144282863,6.0,22.399073940095498,70.3971119133574,36.221419975932605,5.415162454873647,14.881668672282393,35864.0,0.5112,19404.0,61.280249804839976,14.64968152866242,48.63996043521266,62.22222222222222,17.804154302670625,99.53703703703705,35.781404549950544,0.0,12.021361208953529,11.555555555555555,27.928644472219066,33.14396091353255,32.17816157254857,13.203045108510398,4.544938075218725,11.655555555555555,10.072617317786044,-1.5829382377695111,"Lafayette County, FL",Florida
782,1441,1.67189092708065,1.8728663666315166,train,28093,36385,49.24556822866565,50.754431771334346,49.201594063487704,47.59928541981586,100.0,46.560650887573956,53.439349112426044,0.0,12.007304824227667,85.6072135139248,2.385481661847512,35.37228646784339,39.46371813079056,25.163995401366066,60.211757010874,26.416482707873435,13.371760281252556,18.950216765108088,50.642817216321966,16.874916625905993,14.206358249772105,2.0,20.161547454564786,70.12055547077675,37.49427743018465,6.928124523119182,17.57210437967343,37419.0,0.4415,19047.0,56.49562509268872,8.190051187819924,57.99195318215069,44.450980392156865,19.00146305779079,95.6078431372549,26.64136795903439,1.4509803921568627,3.3310430122303147,5.222222222222221,28.62168476020338,28.102239934038753,35.0611515734506,14.46200357290092,3.1991205166964414,5.322222222222221,6.506920915174778,1.1846986929525567,"Marshall County, MS",Mississippi
783,1977,1.3835127181580138,1.7687746291749489,train,37187,12668,46.005683612251346,53.994316387748654,46.71613514366909,48.91064098515946,100.0,49.47368421052632,50.526315789473685,0.0,17.447161210111894,79.70368835474513,2.849150435142976,34.78429096537048,43.16115302766493,22.054556006964606,58.547794117647065,31.043198529411764,10.409007352941178,21.843575418994412,48.5148514851485,22.936245872491746,23.296089385474854,6.0,26.36354368437149,64.37883435582822,38.84202453987729,11.69478527607362,26.533742331288337,34538.0,0.4725,20067.0,52.241735537190074,13.011666996242836,57.00221852468109,61.061588330632105,25.665557404326123,94.97568881685578,21.42262895174709,0.0,4.657404483738554,3.888888888888889,29.65740448373856,22.1739816861383,34.914745816229875,20.342595516261447,4.373223871171456,3.988888888888889,5.863663794797593,1.874774905908704,"Washington County, NC",North Carolina
784,755,2.0059743897979634,1.9056805562023575,train,18129,25567,49.70469746157156,50.29530253842845,97.219071459303,1.3259279540032074,99.55395436610053,71.6417910447761,27.91216332132441,0.4460456338994682,12.569961489088573,85.2836970474968,2.1463414634146343,23.46723044397463,57.81760522775322,18.715164328272152,46.118074065672324,33.284183065842456,20.597742868485227,11.093508653808072,20.32690695725063,10.35867843403485,12.351872333702008,3.0,29.211887615376806,76.21311150722916,33.01643889879184,4.416716181422064,8.9126559714795,58101.0,0.4373,29821.0,64.42756709601272,5.121465551573079,83.7733914380928,71.80015451970127,10.971545757498076,99.20164821014679,9.709048961804664,0.0,1.0325810615246216,7.333333333333332,29.248640826064854,23.34259005749599,38.11553956271757,15.742949896350765,1.4550005866937852,7.433333333333334,6.723982118594642,-0.7093512147386916,"Posey County, IN",Indiana
785,2048,2.799311792380535,2.4599844944372116,train,39023,136827,48.394688182887876,51.60531181711213,86.24101968178795,8.512939697574309,99.0414928510015,58.63452536381874,40.40696748718275,0.9585071489985034,15.424018769245805,80.65105821398895,3.9249230167652382,28.247268399985572,46.51112473405215,25.241606865962282,49.64665449468372,32.2940607883149,18.059284717001397,18.2996103117506,40.334454239752795,17.862437510774004,16.403080112542572,4.0,36.6738894907909,71.22187961831084,35.762374792461095,6.35844478096663,20.88890510682552,43625.0,0.4423,23445.0,62.17011627345974,9.419525065963061,67.38368505491793,70.15704490157046,21.770949031223,97.49612917496128,14.594594594594595,0.09732360097323604,3.005985660724857,16.333333333333332,29.67542955703187,25.975867336125184,33.63590519415028,17.383995848772546,5.246040620637738,16.433333333333334,11.704630051697638,-4.7287032816356955,"Clark County, OH",Ohio
786,2498,2.743703304335216,2.5458113432433693,train,47155,93617,48.99323840755419,51.00676159244581,94.5180896632022,0.6601365136673895,99.10875225315444,63.87943120368516,35.229321049469256,0.8912477468455838,12.246106390889436,82.43710323744476,5.3167903716658165,22.702590619856664,51.533766183274366,25.76364319686897,55.044587150378895,28.51447180205131,16.440941047569773,15.282104534440982,27.388369678089298,15.748982706002035,17.504852275177914,5.0,28.275909029007217,78.1518097883814,37.682817223629385,5.332679685159463,16.700710842389086,42258.0,0.4357,22483.0,65.04047164236536,7.112068965517242,58.343288826423034,62.8699438379504,16.676036542515813,98.47289707831136,28.01475755446241,0.2145516501546034,5.384705769251312,15.444444444444445,27.54627898779068,25.63957400899409,35.66339446895328,17.202003909546338,4.821773823130415,15.544444444444444,12.753571413498882,-2.790873030945562,"Sevier County, TN",Tennessee
787,2132,2.7649205075996024,2.5340473305044284,train,40015,29495,52.00542464824546,47.994575351754534,63.085268689608405,2.7428377691134087,98.68597479216947,64.3336015017431,34.352373290426385,1.3140252078305177,13.44626786659608,81.05779873911159,5.495933394292314,27.40167633784656,44.70664087685364,27.891682785299807,56.668892198654405,27.52298289764265,15.808124903702948,21.249511076343204,37.753950338600454,23.58148654268909,18.215929203539826,6.0,33.23190117176856,71.87806312487749,37.73769849049207,6.743775730248972,15.114683395412664,40674.0,0.455,20003.0,58.92058300062532,9.494652624704058,54.450452639893065,59.26096997690531,16.137067865605445,98.17551963048498,33.228021143447364,0.6235565819861432,11.235802678420072,15.777777777777779,32.03932869977963,27.214782166468893,32.3342939481268,15.138159010001695,34.17189354127818,15.877777777777778,12.60441728261225,-3.2733604951655284,"Caddo County, OK",Oklahoma
788,2442,2.5203810379816605,2.5461363684249205,train,47043,50472,49.06086543033762,50.93913456966239,92.29077508321446,3.9308923759708354,99.809239445965,70.87998672970059,28.92925271626441,0.1907605540350004,12.374245472837028,85.23509477920153,2.390659747961453,25.77136514983352,50.9433962264151,23.285238623751386,60.196221994435504,25.34192414702007,14.461853858544446,16.28868462248625,31.36974234750055,16.142576927792078,16.81913722350115,2.0,28.72781296426616,73.65811597327009,35.034490191851695,5.814830782496227,16.94869583962061,44680.0,0.4449,22369.0,61.562829989440345,7.277015437392796,66.73332240616293,60.433898305084746,18.557613505982626,97.92542372881357,18.08883789542698,0.013559322033898305,3.1542241242669204,12.333333333333336,30.555555555555557,26.14320811539071,34.9223331748296,14.980583293707399,3.778332540814709,12.433333333333337,12.757717319088341,0.32438398575500393,"Dickson County, TN",Tennessee
789,322,3.085471408308861,2.9769260574774803,train,12017,139654,48.248528506165236,51.75147149383477,93.29127701318974,2.99239549171524,97.66306408797877,58.38073568448996,39.28232840348881,2.3369359120212363,16.080579151907006,80.06242046978713,3.8570003783058775,18.86449276544378,52.206254180056455,28.929253054499785,51.53344712376525,31.52509442184776,16.941458454386986,17.448718884590118,43.711602287974,17.905302953722984,20.444234747577397,4.0,50.61724225280757,53.074804956402026,56.80685766734413,5.8267226119451925,14.977381498721561,38312.0,0.4601,23979.0,42.26203231474736,12.700537470844743,57.37756850547899,66.25227667414967,24.10327299955361,98.26125630056336,23.357380448399496,0.4468634842644754,5.061079525112064,21.777777777777786,19.899895455912468,17.004167442393346,33.37462586105661,34.43438784424362,3.7163274950950207,21.87777777777779,19.62739034906369,-2.2503874287141024,"Citrus County, FL",Florida
790,302,2.2442495159810822,2.1981154388921755,train,9001,939983,48.685348564814475,51.314651435185525,73.91591124520338,11.243075672645144,99.47451040022185,73.66648628583953,25.80802411438232,0.5254895997781763,12.001925672480937,82.94003192260631,5.058042404912758,32.775771700972555,48.13580193085443,19.088426368173014,32.9362454163989,21.25168537910004,45.812069204501064,8.974411814470471,12.615538091941856,9.016713520947519,8.878113830286388,3.0,16.03621834423638,81.62897822445561,27.61067240966739,3.272313950705911,9.996410624551329,84233.0,0.5427,50137.0,70.92295034225758,8.615617064196044,74.44599186482561,64.15486736042158,12.40847065970155,94.34962432468357,14.946355134703234,1.3518056652306827,18.26841549262061,9.333333333333334,31.00853951614019,26.524735021803583,35.50596127802311,14.125680996358446,14.841013082151484,9.433333333333334,9.008021326418772,-0.4253120069145613,"Fairfield County, CT",Connecticut
791,1499,1.8440707637960658,1.7912100041838863,train,29045,6919,50.51307992484464,49.48692007515538,97.70198005492122,0.260153201329672,100.0,74.52307692307693,25.476923076923075,0.0,15.935644512545489,81.47864393794292,2.585711549511588,20.312219630360662,56.43280100484479,23.254979364794544,56.25390218522372,30.946930280957336,12.799167533818936,13.68933471013424,25.645161290322584,13.229234439384086,15.535114615272304,5.0,37.93233793233794,75.1500176491352,39.74585245322979,3.741616660783621,11.013060360042358,43883.0,0.4074,23463.0,63.263742578050184,4.1780199818346935,69.92405063291139,64.75216365066875,13.620253164556965,96.45948072383949,20.481012658227847,2.4390243902439024,0.30351206821795057,6.222222222222222,29.643011995953174,22.53215782627547,34.84607602254661,19.092354386472035,2.0378667437490967,6.322222222222222,5.996704115304625,-0.3255181069175972,"Clark County, MO",Missouri
792,1189,2.871050496206451,2.4456785966343464,train,24005,822959,47.31924676684986,52.68075323315014,63.33377482960877,27.115810143640214,99.23147569062952,64.1931903337221,35.03828535690742,0.7685243093704749,14.360008966599414,80.27139975021616,5.368591283184424,34.19212835415889,43.54289235290284,22.26497929293827,36.638370479454004,26.80255444479057,36.55907507575543,9.407106938152737,13.714026151000938,9.487752190320851,11.492310354603662,2.0,24.48945367816949,79.69798657718121,29.5017577500799,4.332694151486098,10.943432406519657,67095.0,0.4463,35011.0,68.69470329169971,6.674666300969098,78.38621249711012,72.01951251452799,13.69949507214504,95.83722110363571,11.175827186061738,0.9674409468153023,4.817007894682481,17.555555555555557,28.191926936821886,29.434880717022352,33.46035464707233,15.430173313615867,9.550415026751027,17.655555555555555,11.538376846460366,-6.117178709095189,"Baltimore County, MD",Maryland
793,636,2.1054882506179364,2.2798842874789056,train,17095,52112,50.19765121277249,49.80234878722751,87.02602087810871,8.49900214921707,99.22398926997506,57.63556236826979,41.5884269017053,0.7760107300249091,20.242233035666548,75.93978931607936,3.817977648254104,32.147544380741856,42.211784209435656,25.640671409822478,49.42367472696762,32.862919864652966,17.713405408379415,18.819820007934684,43.81167183535382,18.578530078026677,15.84639688905092,5.0,31.87396431230337,67.26444767851275,36.94662222430872,7.99492981550162,17.168208065349045,39976.0,0.4383,22241.0,58.786213273063495,7.160644851238586,66.17028493894166,70.81218274111673,23.19877883310719,98.24450084602371,14.389416553595655,0.12690355329949238,5.302041756217378,8.11111111111111,26.2972060178078,27.43705864292293,33.18237642001842,19.333358919250845,4.4749769726742405,8.211111111111109,9.775549190640142,1.5644380795290331,"Knox County, IL",Illinois
794,1010,1.895451927785184,2.3509565600217206,train,21047,74159,52.442724416456535,47.557275583543465,72.45378173923595,19.85059129707789,98.99314378865608,71.870355276406,27.12278851225009,1.0068562113439132,13.855051585704295,83.75315128275746,2.3917971315382496,30.077788930312586,48.15564955549183,21.766561514195587,47.3646757436311,35.98842449831586,16.64689975805304,19.935681874917396,35.3099730458221,20.871489621489626,13.886075560875303,3.0,40.4458529596909,76.36848085890051,27.835899847184677,6.700364405783472,18.956937424082128,39521.0,0.4458,19614.0,60.826185101580144,12.358049432197733,64.23967664409001,62.9229567933368,21.50426043259777,97.96980739198334,18.866069477823906,0.6116605934409162,7.080731940829837,6.5555555555555545,34.64582855755876,37.88751196752922,23.189363394867787,10.759314445987675,7.695626963686133,6.655555555555554,10.49560460024642,3.8400490446908657,"Christian County, KY",Kentucky
795,2690,2.0059743897979634,2.1058005400585005,train,48349,48118,49.28924726713496,50.71075273286504,76.77584271998005,13.635230059437218,99.8078462770216,61.801441152922344,38.00640512409928,0.1921537229783827,12.080073630924987,83.65450989415555,4.2654164749194665,26.50957681375023,48.38349759583455,25.10692559041522,53.117414079468496,31.164558579276857,15.718027341254633,20.73901535203812,45.941155618574975,20.388014360673846,19.02832299185345,5.0,26.784807269033237,76.54631801796647,36.18469989128569,5.841963723751216,20.78159867254105,41505.0,0.4527,20697.0,63.9122328983221,10.846833909258175,57.21265199768385,53.38034010783908,15.283005211349161,97.5390570994055,30.334394904458605,0.7327526614129684,25.2150962217881,7.333333333333332,33.54877592584896,25.57255081258573,32.41822187123322,15.713454424539671,9.588927220582734,7.433333333333334,8.213675754841141,0.7803424215078074,"Navarro County, TX",Texas
796,3075,1.9756230463738251,1.7807206370969377,train,55071,80521,49.81309223680778,50.18690776319222,94.56911861501969,0.4657170179207909,97.90372219963993,73.28842692062018,24.615295279019804,2.096277800360025,16.755991180210195,80.82017607390598,2.4238327458838302,25.85926928281461,54.82183130356336,19.318899413622013,49.60274404116062,30.74621119316789,19.65104476567149,10.009182736455463,17.61085466498811,9.501764438698856,12.317680318230718,5.0,30.68532131847285,74.63082500663187,33.89335927137678,4.28861968343797,10.546172664839213,48398.0,0.4078,26096.0,67.47408706745335,5.482948502824191,79.47604543957854,63.26675166454172,16.043793216990448,98.80294659300185,8.310009878169247,0.2054115313783822,3.4549993169483733,7.1111111111111125,27.674768072925087,23.627376709181448,36.80903118441152,18.162963698910843,4.965164367059526,7.211111111111112,5.934131233215899,-1.2769798778952133,"Manitowoc County, WI",Wisconsin
797,2857,2.436533065503785,2.3115760034790105,train,51091,2244,44.6969696969697,55.3030303030303,99.50980392156865,0.0,95.37037037037035,82.09876543209877,13.271604938271606,4.62962962962963,16.822916666666668,81.51041666666666,1.6666666666666667,18.64837398373984,59.09552845528455,22.256097560975608,54.93895671476138,23.418423973362927,21.64261931187569,12.611806797853308,27.41935483870968,12.54396248534584,18.449197860962567,6.0,42.65625,64.33239962651727,56.76937441643324,4.481792717086835,9.430438842203547,43914.0,0.4258,26809.0,52.29166666666667,1.0956175298804782,65.34140017286084,77.32634338138925,6.65514261019879,100.0,30.423509075194467,0.0,0.0,11.333333333333336,17.647058823529417,13.547237076648841,38.012477718360074,34.0017825311943,0.4901960784313725,11.433333333333337,10.090314501256481,-1.3430188320768561,"Highland County, VA",Virginia
798,2645,1.8786165133213217,2.0394454030957334,train,48259,37361,48.047429137335726,51.952570862664274,92.39046064077516,0.8859505901876288,99.86374474849552,76.3483592596798,23.515385488815717,0.13625525150448506,10.97995863347835,87.44740032807933,1.5726410384423364,22.879847006067,56.785808493801106,20.33434450013189,30.288442722398337,28.883409651285664,40.828147626315996,7.7554670352003905,14.087430276300427,6.7446452984961285,14.768847216953011,2.0,35.339322057688264,76.1732585596222,37.913223140495866,4.014167650531287,6.781286894923258,73240.0,0.4532,36126.0,60.30903976928828,4.291870830627547,78.15317408681102,70.34556249048562,10.344827586206897,98.18846095296087,16.507110326238493,0.5328056020703303,21.84363373571372,6.4444444444444455,31.9477530044699,21.145044297529513,36.709402853242686,18.47916276330933,6.7235887690372325,6.544444444444445,7.686345193336805,1.1419007488923603,"Kendall County, TX",Texas
799,2702,2.7365296724240786,2.550541968766857,train,48373,46113,53.687680263700045,46.31231973629996,83.58814217248933,11.012079023268926,99.30328301488441,56.8774411485274,42.42584186635702,0.6967169851155917,13.711787704337652,84.11476772465598,2.1734445710063723,23.69302422942069,47.2055052593019,29.10147051127741,58.002187386073636,29.67249969619638,12.325312917729981,17.378951389552096,36.66080328349457,17.197566857430804,23.53793529383818,6.0,35.40510240354378,67.42562929061785,44.28489702517162,6.401601830663616,18.4324942791762,39662.0,0.4446,21010.0,54.97374159270293,9.82122905027933,53.83937562940584,54.5308740978348,17.803793219201072,98.69400847748881,31.130412890231625,0.18329705579104136,14.189057315724414,15.333333333333336,26.547828161256035,24.882354216815216,34.89688374211177,19.528115715741766,5.399778804241755,15.433333333333332,12.814046714163197,-2.6192866191701345,"Polk County, TX",Texas
800,673,1.6072132174119893,2.071184430071056,train,17169,7311,53.26220763233484,46.73779236766516,94.39201203665708,4.541102448365477,98.22443181818184,57.24431818181818,40.98011363636363,1.7755681818181819,16.689202240679933,79.9304616573305,3.380336101989569,25.802269043760127,50.6482982171799,23.549432739059966,51.35884636716583,32.70475134035865,15.936402292475504,19.312465064281717,18.189884649511978,25.32816871099634,16.399336283185846,6.0,36.998136540742,73.13333333333333,36.566666666666656,4.666666666666667,11.4,47723.0,0.4122,24077.0,55.099587912087905,5.3287628544717975,61.60535117056856,56.01194921583272,14.894091415830545,94.39880507841671,25.306577480490517,3.51008215085885,0.4376966215292026,4.888888888888889,24.83928327178225,22.965394610860354,38.73615100533443,19.039803036520308,1.0668855149774312,4.988888888888889,7.934215077619878,2.9453261887309887,"Schuyler County, IL",Illinois
801,929,1.9909138641722421,1.9311162015378616,train,20095,7790,50.397946084724005,49.602053915276,97.18870346598206,0.14120667522464694,99.43246311010216,70.26106696935301,29.17139614074915,0.5675368898978433,14.380644062020789,82.07531095586981,3.5440449821093885,20.958839299794985,53.05156915313043,25.9895915470746,44.324817518248175,35.14598540145985,20.52919708029197,10.650032829940908,18.47307430129516,10.118043844856661,16.036130383558053,3.0,30.015007503751878,72.48835662009314,39.58749168330007,4.39121756487026,6.686626746506986,50844.0,0.3953,24998.0,61.91934660541092,4.94641384995878,75.00574844791906,69.3717277486911,10.830075879512536,98.29842931937172,17.03839963209933,0.0,3.0423620025673936,7.222222222222222,29.422336328626447,22.182284980744548,33.92811296534018,20.872913992297818,2.6700898587933244,7.322222222222222,6.897204616945994,-0.4250176052762278,"Kingman County, KS",Kansas
802,2299,1.928295602354331,2.2275495113729704,train,42123,40962,50.04638445388411,49.953615546115905,97.85410868609932,0.493139983399248,98.51770182530932,70.648046061497,27.86965576381232,1.4822981746906776,16.503945849839358,80.66689541158489,2.8291587385757517,23.929111861250142,52.8721918286579,23.198696310091965,56.6547064149425,25.267428992991515,18.077864592066,12.234534857543087,24.798227567653107,11.554906663885706,17.267849157847667,5.0,36.41909409791063,69.68386606673289,42.33039209957342,5.738327587214397,13.761467889908257,44020.0,0.4288,24830.0,61.02957215418653,6.362011743681389,76.22683561021915,71.96642075807681,17.264435180981472,99.16051895192062,11.824672912625367,0.025438819638768758,0.9350129388213464,6.777777777777778,25.972852888042578,22.7308236902495,37.14662370001465,20.16014843025243,1.6527513305014403,6.877777777777777,9.27710476298646,2.399326985208682,"Warren County, PA",Pennsylvania
803,1714,1.8440707637960658,1.7383398323854606,train,31133,2726,50.69699192956714,49.30300807043286,99.08290535583271,0.0,100.0,93.45955249569708,6.540447504302927,0.0,21.784527764594213,77.78832463217844,0.4271476032273375,18.589174800354925,61.1357586512866,20.27506654835848,52.55955397871264,31.170805879371517,16.269640141915865,16.5922619047619,26.030368763557487,18.304323413812465,13.333333333333336,6.0,31.932773109243694,70.49960348929422,38.30293417922285,6.5027755749405225,8.088818398096747,41161.0,0.4987,29030.0,62.0722433460076,4.670750382848391,72.65077138849932,75.81120943952803,8.695652173913043,99.41002949852509,20.47685834502104,0.0,1.797505502567865,6.222222222222222,26.302274394717532,19.51577402787968,33.125458547322076,26.04548789435069,0.9170946441672779,6.322222222222222,5.687892724674771,-0.6343294975474514,"Pawnee County, NE",Nebraska
804,25,1.5380612495918724,2.2067693735531115,train,1051,80763,48.73766452459665,51.26233547540335,75.51601599742456,21.2188749798794,99.91395536434528,67.53966119924712,32.37429416509814,0.0860446356547459,12.600788858249853,84.99598589828615,2.403225243463995,27.768003304621878,48.68197604149137,23.55002065388675,48.8246529053111,29.754646293983694,21.420700800705205,13.6424243224333,25.79321663019693,12.919611742237802,17.11368061350181,3.0,36.10620329697048,76.97462566751597,30.94481867997627,6.233639314509093,13.90876409200377,53555.0,0.4204,24381.0,63.19701948930636,7.460860376519007,78.69695209825558,72.10910487898579,14.047880234884172,98.00230503265465,13.751048590049686,0.0,2.759927194383567,4.5555555555555545,29.534564094944468,29.48008370169509,34.138157324517415,13.326647103252725,3.2651090226960364,4.655555555555554,9.086314437518382,4.430758881962828,"Elmore County, AL",Alabama
805,591,1.513905485712537,2.1188871850122153,train,17005,17313,50.73644082481372,49.26355917518628,90.75261364292729,5.556518223300412,99.82673982096449,70.5746462604678,29.25209356049668,0.17326017903551832,14.755830015438368,77.68749492158933,7.5566750629722925,30.619004899592852,45.5593126768339,23.82168242357325,52.875292544299576,29.55533266466065,17.569374791039785,16.513819895554708,28.647822765469822,17.567438757029837,15.225830303777187,2.0,29.60340966553493,71.76317501626545,37.88223812621991,7.205595315549773,16.395575797007155,47946.0,0.4308,22867.0,62.483352918135516,5.767301905717153,72.68957345971565,66.36329161926432,22.70932069510269,96.05612438376943,7.849526066350711,0.0,3.3905157973776934,4.4444444444444455,26.61583780973835,29.879281464795238,33.95136602552994,16.161266100618032,3.6908681337723097,4.544444444444445,8.321871629575192,3.7774271851307466,"Bond County, IL",Illinois
806,665,1.8440707637960658,2.1390531380998397,train,17153,5871,48.85028104241185,51.14971895758814,65.20183955033214,32.00476920456481,97.55192878338279,59.34718100890208,38.20474777448072,2.4480712166172105,20.34689793195464,76.69557482766288,2.9575272403824773,28.432615124630328,42.58555133079848,28.98183354457119,55.007400098667965,33.349777997039965,11.642821904292054,20.174687446480558,37.34439834024897,22.12604814714633,24.27085110011939,6.0,35.02100375856732,56.169665809768645,47.12939160239931,8.226221079691516,26.22107969151671,31980.0,0.4675,18923.0,50.47619047619048,16.059675296182533,56.663698426832894,59.860383944153575,33.719204511724556,99.12739965095986,15.939447907390914,0.0,1.822517458695282,6.222222222222222,29.909725770737534,24.288877533639933,33.23113609265883,19.519672968829845,2.7933912451030487,6.322222222222222,8.491393644094888,2.169171421872666,"Pulaski County, IL",Illinois
807,679,2.232401036136941,2.3324546559563544,train,17181,17551,49.83191840920746,50.16808159079255,94.666970542989,1.5212808386986496,99.42950285248574,72.83346916598752,26.59603368649823,0.5704971475142625,14.561429858816464,83.03544607990388,2.403124061279664,26.492949958529174,50.79485761680951,22.71219242466132,46.25,32.13141025641025,21.618589743589745,17.1585330638175,27.659574468085108,19.012495661228737,17.547994022301413,6.0,32.29737525237958,68.19129916567343,39.853992848629325,4.424910607866508,17.297377830750893,42606.0,0.4472,23140.0,57.156398104265406,6.9779308585278725,62.23307478693862,63.630806845965786,26.87924925787609,97.46332518337408,14.373264387628074,0.0,5.036750042732608,9.222222222222221,26.460030767477637,25.49142499002906,34.106318728277586,19.41769699732209,3.811748618312347,9.32222222222222,10.303201332822356,0.9809791106001367,"Union County, IL",Illinois
808,2525,1.928295602354331,2.4782643614064392,train,48019,20796,49.947105212540855,50.05289478745912,93.48432390844394,1.4137334102712062,97.42128121606949,72.9641693811075,24.457111834962,2.5787187839305106,14.672930972172027,82.39971087820743,2.9273581496205283,18.219554608178605,54.125764290121715,27.654681101699676,43.40909090909091,33.97727272727273,22.613636363636363,13.018388106416275,26.726296958855094,12.774331265425925,18.425395592660905,2.0,49.7716092761771,72.8895320791124,42.064640617462615,3.2079112397491563,9.49107573564882,49863.0,0.4055,26663.0,55.750118315191656,4.4567062818336165,63.892155215857535,66.1264505802321,14.001343860238535,97.75910364145659,25.676129682513018,0.26010404161664663,17.52260050009617,6.777777777777778,22.985189459511442,19.590305828043853,38.11790728986343,24.41334872090787,5.101942681284863,6.877777777777777,11.920556674247466,5.042778896469689,"Bandera County, TX",Texas
809,1323,1.513905485712537,1.8035673012180837,train,27031,5194,50.096264921062755,49.90373507893722,86.9849826723142,0.9048902579899883,99.87113402061856,59.5360824742268,40.335051546391746,0.12886597938144329,16.993006993006993,80.2097902097902,2.797202797202797,18.09419496166484,62.037239868565166,19.868565169769987,29.444852042064074,31.59696747370995,38.95818048422598,11.417475728155338,28.304821150855364,10.359785659607043,11.844660194174757,6.0,32.89835164835165,78.58220211161388,36.31221719457013,4.411764705882354,4.826546003016592,52299.0,0.4476,33056.0,65.15606936416185,4.045422285308728,74.87244897959185,77.20773759461733,17.219387755102037,97.47687132043734,12.85076530612245,0.0,1.7135155949172125,4.4444444444444455,20.215633423180595,18.521370812475933,41.990758567577984,23.58490566037736,12.110127069695805,4.544444444444445,6.071266917806162,1.526822473361717,"Cook County, MN",Minnesota
810,2988,2.366081404553173,2.661483694377065,train,54007,14466,50.1589935020047,49.8410064979953,97.9123461910687,0.4977187888842804,99.69335604770016,71.75468483816013,27.938671209540033,0.3066439522998297,14.295983466618745,83.38574894419983,2.318267589181418,24.009304644014286,50.27830854864169,25.71238680734402,68.64325465361735,19.353291114949144,12.003454231433508,21.00864347453389,38.334946757018386,23.89902135231317,20.43376568147991,6.0,29.613845886241087,64.02710897092918,43.48136258248617,8.025682182985554,20.349563046192266,32750.0,0.4487,19409.0,53.85512970110403,12.816666666666668,57.51400309855798,52.90909090909091,24.657370992730307,98.07272727272728,21.666070790132284,0.0,0.5737591594082676,10.555555555555557,26.068021567814192,22.791372874326008,37.28051983962395,19.411032766486933,1.5899350200470068,10.655555555555555,14.317516165772231,3.661960610216676,"Braxton County, WV",West Virginia
811,1058,2.1709566505156093,2.394024176115682,train,21143,8402,54.60604617948107,45.39395382051893,91.64484646512732,6.189002618424183,97.9916317991632,66.61087866108787,31.380753138075317,2.00836820083682,18.666893965223323,77.17354244800546,4.159563586771224,23.9908503767492,44.05274488697524,31.95640473627557,51.39538391914315,30.77387237894101,17.830743701915825,14.265375854214124,39.015606242497,13.046829832337634,21.15847613652457,6.0,40.37741085056195,63.96284829721362,48.5139318885449,5.572755417956656,12.105263157894735,46931.0,0.4412,24723.0,48.27821343334471,7.309322033898304,71.67318982387475,75.0843644544432,17.979452054794518,98.70641169853769,15.753424657534245,0.0,0.7260176148536063,8.666666666666666,18.91216377053082,24.387050702213763,38.966912639847656,22.423232563675317,2.1661509164484647,8.766666666666667,10.957500249884198,2.1908335832175307,"Lyon County, KY",Kentucky
812,1786,2.1835512754360096,2.246229468939301,train,34037,145930,49.60666072774618,50.393339272253826,93.33721647365176,2.1119714931816627,99.69445656918377,80.63228783438298,19.06216873480077,0.3055434308162375,10.797743755036262,86.93884859880026,2.2634076461634884,27.939356178608517,54.539563862928354,17.521079958463133,37.11340206185567,29.13158101833635,33.755016919807986,5.703701139078351,7.414512654819603,5.6675370540829935,9.78904412781851,2.0,23.94382309201785,83.63582432657904,30.09584546078123,2.9662038152796577,4.723679575832853,86565.0,0.4063,38810.0,72.35512788588099,8.10113201981342,83.08365958089323,69.6851391776099,8.72833554426721,96.70942554378135,10.712783511825801,0.6185671550981088,7.078736380456383,8.777777777777779,29.11738504762557,23.46810114438429,40.41800863427672,14.028643870348796,4.550812033166586,8.877777777777778,9.452029392123274,0.5742516143454957,"Sussex County, NJ",New Jersey
813,592,1.9909138641722421,1.8907438123388804,train,17007,53851,49.91922155577427,50.08077844422574,87.4115615308908,2.211658093628716,99.54318936877077,73.48421926910301,26.058970099667768,0.4568106312292359,8.853633572159671,88.83060388945749,2.3157625383828044,27.450467378636155,53.050448350498286,19.49908427086555,49.23565041822901,30.559561580617252,20.204788001153734,10.940455899155257,17.47700394218134,10.497003279430057,9.717370593839314,3.0,25.257627290725413,79.64035523194882,30.145071432511443,3.011749131226212,14.121021567654035,58248.0,0.4156,26170.0,68.98554432646796,9.46482216370582,73.14809065507606,69.71636363636364,13.408879230052776,99.24363636363636,15.821173548587394,0.0,20.378451653636887,7.222222222222222,34.781155410298794,25.80453473473102,34.23149059441793,13.125104454884776,10.376780375480491,7.322222222222222,6.624294080703073,-0.6979281415191494,"Boone County, IL",Illinois
814,2978,2.6540241312485775,2.555307782562629,train,53065,43548,50.277854321668045,49.722145678331955,89.17745935519426,0.4891154588040783,99.15521628498728,70.24936386768448,28.9058524173028,0.8447837150127226,13.47167325428195,82.90513833992095,3.6231884057971016,21.549264253343033,55.5558663906451,22.894869356011863,44.11401857022271,39.221479124732156,16.664502305045126,17.97880481413631,33.41179728607034,18.971152479749893,18.56027352954766,3.0,47.31779723912721,66.98908309293512,41.41071327563776,7.981220657276995,20.210419141354148,41978.0,0.4206,22221.0,52.80949249805727,9.027109627030393,61.29534920888605,64.46026097271647,24.968035799904108,98.44602609727163,19.222470832667405,0.1779359430604982,3.24928814182052,14.111111111111107,29.601818682832732,19.045650776155046,38.64012124552218,19.73454578855516,10.333425186001657,14.211111111111109,12.875261828827442,-1.3358492822836663,"Stevens County, WA",Washington
815,132,2.5555031730094866,2.5969906703581147,train,5047,17866,49.2387775663271,50.7612224336729,94.81137355871486,0.9123474756520764,100.0,72.25667938931298,27.743320610687018,0.0,13.29166352888019,82.06943293922734,4.638903531892462,20.515499825844653,52.69940787182167,26.78509230233368,58.316102886444476,29.377222727648665,12.306674385906872,21.9801528458994,39.458737053123954,25.01169645363525,18.430034129692828,6.0,34.6679400528945,66.86320754716981,40.89033018867924,10.126768867924527,17.15801886792453,39285.0,0.4261,19550.0,54.5542998278572,10.111126354781176,60.38816108685104,49.901832460733004,23.658418243571084,99.934554973822,19.883551673944687,0.0,2.7202507556252096,12.777777777777779,30.44330012313893,25.77521549311541,32.41352289264525,18.056643904623307,4.276278965633047,12.877777777777776,13.423282112177205,0.5455043343994284,"Franklin County, AR",Arkansas
816,888,2.1959892467282267,2.0537447216270452,train,20013,9880,48.663967611336034,51.336032388663966,86.00202429149797,1.751012145748988,99.63651050080774,68.33602584814217,31.30048465266559,0.3634894991922456,18.827245262290575,79.16781104092281,2.004943696786597,20.83547557840617,54.15167095115682,25.012853470437022,47.13175978488199,33.05945622945921,19.8087839856588,16.367919696814507,34.292035398230084,15.384615384615385,16.719339382200022,6.0,34.49067819508241,75.47537786445636,37.103851779619696,3.998049731838128,12.920526572403707,43724.0,0.4219,22600.0,64.46202100095458,4.379098794161202,71.44665461121157,69.99445368829728,15.226039783001807,96.28397115917916,16.799276672694393,0.055463117027176934,3.7044534412955454,8.888888888888891,30.921052631578945,21.993927125506076,34.321862348178136,18.62348178137652,12.246963562753036,8.988888888888889,7.7970442660304995,-1.1918446228583894,"Brown County, KS",Kansas
817,518,1.9443215863701753,2.044458883277204,train,13279,27210,46.83204704152885,53.167952958471155,66.40205806688716,25.69276001470048,98.66077407258604,60.80085710459353,37.85991696799249,1.3392259274139549,15.976761074800296,82.38925199709513,1.6339869281045754,26.76569238140873,49.8993770963105,23.334930522280782,59.9529465771504,24.381706547311644,15.665346875537958,24.818712580417237,50.20267531414674,27.46188575541451,14.703036618041086,5.0,24.622987568779287,71.06076210092688,34.875011703024065,6.132384608182755,24.052055051025185,33679.0,0.4944,19564.0,59.63898916967509,8.595641646489103,52.43933588761176,44.45040214477211,18.205619412515965,97.5603217158177,32.60536398467433,1.6621983914209115,11.39287026828372,6.8888888888888875,34.222712238147736,28.14773980154355,29.797868430723994,14.52039691289967,7.905181918412348,6.988888888888887,7.72497729234485,0.7360884034559625,"Toombs County, GA",Georgia
818,1955,2.4169053500233435,2.242354999425035,train,37143,13498,47.42924877759668,52.570751222403324,73.02563342717441,24.270262261075715,99.92750996737949,61.362812613265675,38.56469735411381,0.07249003262051468,12.829905137597446,84.07063022447639,3.0994646379261765,20.29438001784121,53.46119536128458,26.24442462087422,51.09143949300875,32.59229453777286,16.31626596921839,19.608721624850656,51.72222222222222,18.904751282623245,18.57858157088409,5.0,40.70887496493033,64.83636363636364,44.23636363636364,5.6545454545454525,21.29090909090909,44329.0,0.4482,23006.0,51.383920165693844,12.22059362403811,59.488415695727866,70.36450079239303,20.34284183741797,98.6687797147385,27.561269586179186,0.0,2.281819528819084,11.111111111111107,25.292635946066085,21.232775225959397,34.56808416061638,23.707215883834643,2.704104311749889,11.211111111111107,9.415478645495803,-1.795632465615304,"Perquimans County, NC",North Carolina
819,2963,2.4169053500233435,2.5169870191346346,train,53035,255441,50.941704738080425,49.058295261919575,81.78052857607041,2.5947283325699475,98.40470501746005,71.33431354530417,27.07039147215585,1.5952949825399745,13.246726413388775,80.94630543144194,5.806968155169296,27.881653209537237,49.90435232521159,22.21399446525117,28.674673857422942,40.97868646041155,30.346639682165502,10.644297308324685,15.14659039199116,11.059568220380138,15.504418185956993,3.0,53.994824219266825,76.33084029916411,29.957335352315866,5.794002394131309,13.576975414113095,62941.0,0.4265,32063.0,61.80873114235651,7.896215244466339,75.22095430819022,78.58403815245171,17.963132961223273,96.35338444918716,12.701103598925213,0.5085237003662425,7.088916814450303,11.111111111111107,27.50498158087386,29.443198233643,34.017248601438304,15.219561464291168,15.624743091359651,11.211111111111107,12.391205896765591,1.1800947856544841,"Kitsap County, WA",Washington
820,467,2.345005808877998,2.143456820449778,train,13175,47886,47.633963997828175,52.36603600217183,61.32690139080316,36.13373428559496,99.76407145264578,55.44320862824403,44.32086282440175,0.2359285473542299,14.76138579786624,81.95480096363428,3.283813238499484,31.99526191102921,42.705975256646475,25.298762832324297,62.50431399617232,22.37944341605748,15.116242587770214,27.478838529947485,63.55860908581044,31.03706476974916,12.890966929268346,5.0,28.15002224199288,64.8639455782313,37.93650793650794,7.01814058956916,20.374149659863946,32356.0,0.5216,19194.0,51.43134955815483,6.489101423487545,60.78777613607698,58.99141036298143,20.847598111643666,96.86893876420059,22.934159789541965,0.3463563313937379,2.503863342104164,10.333333333333334,31.347366662490078,27.22925280875412,32.013532138829724,15.93785239944869,2.5393643236018875,10.433333333333334,8.528869499731506,-1.9044638336018274,"Laurens County, GA",Georgia
821,476,1.7326383462202575,1.650040725370767,train,13193,14045,54.966180135279465,45.033819864720535,36.81737273050908,59.49448202207192,99.96384671005062,55.712219812002886,44.251626898047725,0.0361532899493854,15.637471119512709,80.43478260869566,3.9277462717916407,42.973041494126605,31.682582607960786,25.34437589791262,66.09384647046717,25.962132125951843,7.944021403580984,29.609438567941407,50.68045726728362,39.74170824772527,21.774521774521777,6.0,23.081018723932914,64.8804440649018,37.339880444064896,16.502988898377453,27.924850555081125,28684.0,0.4678,13431.0,57.192392560680894,18.500826749954072,51.95378423990653,47.353914002205066,21.809684538491496,97.35391400220509,31.377385434246396,2.6460859977949283,3.9943040227839086,5.5555555555555545,26.991812032751866,28.85724457102172,37.46529013883946,13.948024207903169,3.6881452474190106,5.655555555555554,5.2071918876819785,-0.4483636678735756,"Macon County, GA",Georgia
822,2346,2.6540241312485775,2.576104175460209,train,45073,74949,49.333546811832036,50.66645318816797,88.21465263045538,7.49843226727508,99.76834999007215,62.36018267257926,37.40816731749288,0.2316500099278576,13.600230025032134,80.58318111088559,5.816588864082267,24.24670962765359,51.79905828659586,23.95423208575056,48.561077184529466,28.627187330756158,22.81173548471436,20.05762679915445,39.85771786951232,21.850033887166013,19.97069262206926,5.0,33.70809141859919,67.84264956146093,42.99973818562639,4.801021076057077,15.754679931928262,41237.0,0.4804,24666.0,53.7612821594264,10.104496814886872,65.75354974204447,70.37946861464866,17.449664429530202,98.53901351089272,21.693375336711863,0.0905035878208029,4.8246140709015455,14.111111111111107,25.906950059373703,24.88759022802172,33.884374708134864,20.830164511868073,4.286915102269544,14.211111111111109,13.145824444477288,-1.0652866666338205,"Oconee County, SC",South Carolina
823,1316,2.1959892467282267,1.9492715776728933,train,27017,35443,51.508055187201975,48.491944812798025,89.65381034336822,1.2386084699376465,98.5099939430648,66.27498485766202,32.23500908540279,1.4900060569351907,14.791453126231966,81.51068359221004,3.6978632815579915,28.44785319044617,49.338096238705596,22.21405057084822,42.24194339931295,35.00327171601505,22.754784884672013,13.737285672769545,18.55850598190837,15.13425905646327,11.494286127585704,3.0,33.58629581875115,74.1603224361845,33.78116136736826,4.911180773249738,8.426630840423945,53227.0,0.4003,24584.0,65.07906340276722,5.25670229542667,73.89443651925818,68.43501326259947,21.459819305753687,97.63167866616142,8.873038516405135,0.6631299734748011,1.6336088931523856,8.888888888888891,29.455745845441974,24.848348051801487,35.96760996529639,15.867731286854953,9.107581186694127,8.988888888888889,7.023569591880257,-1.965319297008632,"Carlton County, MN",Minnesota
824,424,1.8082887711792655,2.248196722380899,train,13089,716331,47.65422688673253,52.34577311326747,35.14492601883766,53.7225109621111,99.36003400557314,55.069546120058575,44.29048788551457,0.6399659944268644,16.837771160569112,74.62327596889328,8.538952870537608,42.03450127416497,34.92331398328282,23.04218474255221,32.67691729950764,26.234665776516728,41.088416923975636,19.302527713658773,43.116238616596746,18.906418749652055,9.961308596036634,2.0,21.820470121404977,83.2465706293288,21.39672994360424,4.53335128423761,16.352151864650182,51376.0,0.4904,29486.0,71.55715821869553,10.988561138963377,66.69417356997778,56.74687477418888,10.9586652062486,94.82043500252908,24.94486212873656,2.1489992051448805,9.06955024981468,6.0,29.704982752386808,33.847062321747906,32.50089693172569,9.923624693053911,11.132563019051249,6.1,9.47064223155846,3.3706422315584597,"DeKalb County, GA",Georgia
825,874,1.6072132174119893,1.6081631981785656,train,19183,22017,49.26647590498251,50.73352409501749,95.88953990098558,0.8311759095244583,99.04147465437788,76.46082949308756,22.58064516129032,0.9585253456221198,15.145547418302664,81.79580281863498,3.0586497630623417,23.329525985151342,56.58480868075385,20.085665334094802,45.49876724195376,33.5710001999067,20.930232558139533,9.334569904938558,15.52551242913214,8.693037551784045,13.920899787959804,4.0,25.687409551374817,80.16334750503471,34.515551577534126,4.9787424479749385,10.841351532781385,56390.0,0.3959,27228.0,71.35391047712741,4.118914261094356,76.15593112244899,72.09677419354837,15.027104591836734,96.39784946236557,12.84279336734694,1.747311827956989,5.495753281555163,4.888888888888889,31.09415451696416,23.21842212835536,34.04187673161648,18.076940545941774,3.27928418948994,4.988888888888889,4.993630489237893,0.004741600349004393,"Washington County, IA",Iowa
826,4,2.3968846612924475,2.480865334580276,train,1009,57710,49.40564893432681,50.5943510656732,95.09790330965171,1.5317969156125455,99.92684175872412,72.5656595215451,27.361182237179012,0.07315824127587972,10.89197772356975,87.1910526073549,1.916969669075344,19.868304964386393,55.13761270469756,24.994082330916058,54.94062119366626,32.168595209094605,12.89078359723914,16.720932675139167,37.44171903506994,15.535164951734377,16.240167802831674,2.0,29.73200281863024,71.7957340507302,36.17409684857802,6.7303996925441965,13.67217524980784,45813.0,0.4037,20532.0,54.71711115705327,7.413937867338372,71.52763614113806,59.845853234910976,16.383555257713937,96.50455927051672,17.146936278080478,0.9118541033434652,8.629353664876103,10.888888888888893,30.509443770577025,25.25385548431814,34.552070698319184,16.48241206030151,3.370299774735748,10.988888888888894,11.951602079004854,0.9627131901159593,"Blount County, AL",Alabama
827,956,1.895451927785184,1.7351656691345785,train,20149,22625,49.54254143646409,50.45745856353591,94.08618784530388,1.2906077348066298,99.9850879809126,83.7309871756636,16.254100805249028,0.014912019087384432,12.869509458159671,84.03334402051941,3.097146521320936,23.02415572232645,60.6765947467167,16.299249530956846,35.44223444773593,32.33883481450134,32.21893073776273,8.918338108882521,9.31870291516541,9.994381233319288,9.548532731376977,4.0,26.816818732852678,82.48291015625,26.7333984375,4.33349609375,6.73828125,60216.0,0.3892,25964.0,70.59052059052058,3.2929737662814165,82.64904829322008,79.56043956043956,8.714802579833254,97.91208791208791,11.192386345760578,0.07326007326007326,5.14475138121547,6.5555555555555545,36.94143646408839,26.74475138121547,30.766850828729282,12.848618784530387,4.623204419889503,6.655555555555554,5.669867047967959,-0.9856885075875947,"Pottawatomie County, KS",Kansas
828,2805,2.158201375540483,2.0407558862823088,train,50013,6952,49.1800920598389,50.8199079401611,94.92232451093213,0.0,99.84813971146544,69.70387243735763,30.144267274107822,0.15186028853454822,13.203194321206743,83.79769299023957,2.9991126885536823,22.460344245696927,58.758015524805934,18.78164022949713,35.785172212492704,29.11072193033664,35.10410585717065,8.612991502232465,12.855910267471964,8.6579251831855,12.09723820483314,4.0,27.684117125110912,78.71838111298483,33.69308600337268,5.564924114671164,13.726812816188872,62608.0,0.4538,35214.0,69.21029281277728,6.641025641025642,74.63719580263452,72.57785467128028,23.264121455682073,98.0968858131488,6.697923643670462,0.4325259515570935,1.6542002301495975,8.555555555555555,25.50345224395857,21.130609896432677,43.296892980437285,16.628308400460302,5.077675489067894,8.655555555555555,7.696424622497604,-0.9591309330579509,"Grand Isle County, VT",Vermont
829,1879,1.3552622518721622,2.19955961920404,train,36115,62700,51.78787878787878,48.21212121212121,94.01754385964912,3.2312599681020733,99.09744408945689,62.86741214057509,36.23003194888179,0.9025559105431308,13.116498861193294,83.59692628621299,3.2865748525937124,30.173628298366523,47.21852035182576,22.60785134980772,53.10341744708433,27.46474151225945,19.431841040656227,13.477697139104519,24.987167641925893,13.375918543777914,14.335471123093152,4.0,31.30387931034483,75.45075710690267,39.00647769938524,6.634484465899244,15.245286132772208,51143.0,0.405,24345.0,66.14543605390287,9.452879748862836,70.85374387683694,73.17267476598288,22.568229531140656,98.20752838080065,12.281315605318403,0.3485361481776539,2.507177033492823,3.7777777777777777,26.103668261563,25.679425837320572,37.6762360446571,16.618819776714517,2.751196172248804,3.877777777777778,9.021039931811343,5.143262154033565,"Washington County, NY",New York
830,2338,2.312535423847214,2.4087963702016033,train,45057,81263,48.980470816976975,51.01952918302303,73.83434035169756,22.796352583586625,99.01510540585406,57.62186687323632,41.393238532617715,0.9848945941459636,13.125938499706207,83.08741920741659,3.786642292877195,29.171774034896565,44.35616894417456,26.47205702092885,49.66125257360058,28.465342178893838,21.873405247505584,18.68797818347095,37.80129789864029,19.25573260785076,14.240207496569006,2.0,29.9178056158244,69.2634801837047,39.639394454839255,5.511141350569824,14.713386630379315,44016.0,0.4511,22647.0,59.19315403422984,9.720501170315297,63.35986718883024,61.92398719198107,17.04622850332028,98.4755673117082,23.34837391452409,0.27147431435333425,4.889063903621574,10.0,28.01890159113003,25.744803908297754,33.819819598095066,18.16078658183921,3.369307064715799,10.1,11.120568039444333,1.020568039444333,"Lancaster County, SC",South Carolina
831,1397,1.8786165133213217,2.02709188413726,train,28005,12840,49.49376947040498,50.50623052959502,57.59345794392523,42.18068535825545,100.0,65.45718432510886,34.542815674891145,0.0,19.86761608665129,78.57787583993581,1.554508073412897,27.235579207450343,43.3526560866673,29.411764705882355,61.9340232858991,25.99180681328159,12.07416990081932,22.409051622534765,52.686980609418285,23.556381660470876,24.85267541447316,5.0,18.712812376041256,59.89969909729188,45.25576730190572,11.434302908726178,18.896690070210628,30704.0,0.4577,17635.0,51.86039514592318,12.473409398568945,52.68817204301075,49.19004346108258,24.55645161290323,97.47135519557487,25.403225806451612,0.0,0.38161993769470404,6.4444444444444455,26.78348909657321,21.90809968847352,36.39408099688474,20.233644859813086,0.2258566978193147,6.544444444444445,7.591975878960893,1.047531434516448,"Amite County, MS",Mississippi
832,2763,2.707309185877491,1.977184007993152,train,48495,7576,50.263991552270326,49.73600844772968,88.31837381203802,3.3130939809926083,100.0,65.55506801228609,34.444931987713915,0.0,12.755298651252408,84.60500963391137,2.639691714836224,24.06917240162344,52.002823363331565,23.928004235044998,59.882198952879584,29.057591623036647,11.06020942408377,13.941018766756036,21.781115879828324,13.915715539947321,14.446378363904135,6.0,19.879176892580702,81.54490106544903,26.75038051750381,5.859969558599695,13.470319634703195,55756.0,0.4039,22656.0,63.66088631984586,2.5726392251815984,62.72790214631896,51.80863477246209,10.431571659358411,93.11551925320886,29.633048696053553,3.5005834305717616,56.850580781415005,14.888888888888893,37.513199577613506,28.379091869060193,30.227032734952477,11.312038014783528,8.368532206969379,14.988888888888894,7.222376168662126,-7.7665127202267685,"Winkler County, TX",Texas
833,1438,1.86149280724273,1.9349066629798275,train,28087,59699,47.68756595587866,52.31243404412135,53.79654600579575,43.833230037354056,99.60660344221986,54.46434843695118,45.14225500526871,0.39339655778011945,15.286043277013931,81.43967895660897,3.274277766377089,31.918815323712373,43.70902540686593,24.37215926942169,46.00529032589436,32.160558822774085,21.834150851331568,23.45867499228051,49.074658254468964,25.65723888461648,16.53282213356821,5.0,34.26518113403693,73.6699613235926,32.002578427159435,8.994413407821229,22.247529007305545,40239.0,0.4619,21410.0,63.130769406967964,12.405210260875876,62.34633735616053,59.29986296250157,19.848442323884367,98.85386819484242,22.43614931237721,0.2989909056932851,1.8559774870600847,6.333333333333332,30.93184140437863,30.147908675187193,31.78445200087104,13.949982411765694,2.3702239568501984,6.433333333333332,6.923397815898107,0.4900644825647751,"Lowndes County, MS",Mississippi
834,1942,2.267533454935127,1.9365960071994854,train,37117,23729,47.14062960933879,52.85937039066122,53.33558093472122,43.562729149985245,99.77991196478592,66.20648259303721,33.57342937174869,0.22008803521408565,14.900145341013081,82.80131345211821,2.298541206868709,29.65976707521741,45.196562070894565,25.14367085388801,54.92707221629315,31.412308786908568,13.660618996798293,21.27017841971113,42.72937103289094,23.40213712086016,18.833453435632233,6.0,21.724966622162885,64.94767504585178,45.86255259467041,7.832560146725645,19.451936562736,35080.0,0.4314,19032.0,56.779433119991396,14.767452874869758,58.202005730659025,56.52924670839629,21.432664756447,98.31642564213251,25.10744985673353,0.4101014461472048,3.5399721859328253,9.555555555555557,27.127144001011423,22.80332083105061,36.187787095958534,19.920772051076746,3.1016899152935227,9.655555555555557,6.935103702831063,-2.7204518527244934,"Martin County, NC",North Carolina
835,1092,1.67189092708065,2.2080762728824226,train,21211,44290,48.14630842176564,51.85369157823436,86.71483404831791,7.243170015804921,99.61635632076354,71.71329652849256,27.903059792270984,0.3836436792364555,10.826201862572363,86.09363201610874,3.0801661213189027,25.00565866908104,52.73879583521956,22.255545495699405,45.64301477964289,30.602554671303416,23.754430549053698,12.97738400559571,20.62066613618279,13.152452062957899,12.795811518324607,2.0,25.7846062052506,79.97860020140986,32.867573011077546,3.839375629405841,14.470040281973818,60324.0,0.4307,27631.0,68.37028996743682,5.379660709425746,72.37958737223248,75.17445917655269,13.268962395805831,98.76133984647592,18.277825972164603,0.0,8.825920072251073,5.222222222222221,30.69767441860465,27.816662903589968,34.58342741025062,13.373221946263268,6.041995935877173,5.322222222222221,9.098197098792424,3.775974876570203,"Shelby County, KY",Kentucky
836,374,2.5810582263605166,2.385275483154204,train,12121,43595,49.65477692395917,50.34522307604084,82.76407844936345,13.535955958252096,98.53788687299894,57.609391675560296,40.92849519743864,1.4621131270010672,12.059516884548266,82.2031044300891,5.737378685362643,27.037265686384554,45.106072510944,27.85666180267145,61.95627081753126,26.415592124789768,11.628137057678993,23.90411613026454,68.02496328928046,23.86466848319709,18.257153033361035,6.0,37.453960830166615,66.6943574669308,46.252156687328274,7.508466994696146,23.13885871301681,36289.0,0.4416,18573.0,53.17445768408188,10.675706734084118,50.45830447712552,56.4585115483319,28.357844135739608,98.17915190028108,26.650914572045465,0.5988023952095809,8.851932561073518,13.111111111111107,26.87234774630118,26.26906755361853,32.63447643078335,19.568757885078565,3.699965592384448,13.211111111111109,10.862054565845376,-2.349056545265732,"Suwannee County, FL",Florida
837,951,2.232401036136941,2.1321408007695375,train,20139,16080,49.86318407960199,50.136815920398035,96.318407960199,0.1492537313432836,99.81921487603306,77.40185950413223,22.417355371900825,0.18078512396694216,15.524277504788873,82.71008578329308,1.7656367119180478,20.768399938281128,56.002160160469074,23.22943990124981,49.76962688589755,30.77062065227211,19.459752461830337,12.591424968474147,16.494217894096167,13.75626359081025,16.454579816051403,4.0,34.488421744128765,74.75787855495773,38.20138355111453,4.704073789392775,11.406610299769408,49915.0,0.3984,24243.0,64.30594900849859,8.059082663902565,74.9134948096886,70.55192447349309,15.22491349480969,98.9832970225127,15.192474048442905,0.6535947712418301,2.5808457711442787,9.222222222222221,31.144278606965173,23.215174129353233,34.745024875621894,17.960199004975127,3.532338308457712,9.32222222222222,8.432900661338016,-0.8893215608842038,"Osage County, KS",Kansas
838,40,1.6072132174119893,2.0438086987191184,train,1081,150982,49.19593064073863,50.80406935926137,69.88780119484443,23.24449272098661,99.45939379213995,64.91830164611552,34.541092146024425,0.5406062078600499,13.83257641067572,72.94008905320973,13.227334536114546,40.101941747572816,41.96278317152103,17.93527508090615,36.8824405607923,29.091384583897124,34.026174855310586,23.76404417123919,31.53994845360825,31.065422298671564,11.746076477653196,4.0,25.6970784213224,80.71399835580976,24.589389725560164,4.5827429990729565,12.506340627241087,44570.0,0.4976,24356.0,63.02899737170925,6.91394821033059,78.5506960213249,67.89562860047441,10.45809063086188,97.4178244662826,14.547339322736695,0.3049813622500847,3.718986369236068,4.888888888888889,30.578479553854102,40.20346796306844,27.99737717078857,9.940920109681947,6.867706084168974,4.988888888888889,7.719956263872277,2.731067374983388,"Lee County, AL",Alabama
839,1689,1.86149280724273,1.411071083058394,train,31083,3458,52.6604973973395,47.3395026026605,97.36842105263158,0.20242914979757085,100.0,81.15543328748281,18.844566712517192,0.0,19.15450804339693,78.56341189674521,2.282080059857837,15.992970123022847,61.370826010544825,22.63620386643234,46.70373312152502,37.17235901509135,16.123907863383643,13.239187996469553,36.483931947069934,10.6198347107438,17.621145374449338,6.0,31.42857142857143,73.50482315112541,40.90032154340836,3.858520900321544,9.453376205787778,46766.0,0.4225,26139.0,63.65334329473289,1.7018779342723005,77.23404255319149,74.15307402760351,9.25531914893617,98.11794228356337,16.648936170212767,0.0,3.0364372469635628,6.333333333333332,26.055523423944482,18.68131868131868,36.00347021399653,24.262579525737422,2.42914979757085,6.433333333333332,4.100344862830231,-2.3329884705031008,"Harlan County, NE",Nebraska
840,549,2.677209095579635,2.36266204250523,train,16009,9088,50.40713028169014,49.59286971830986,86.78477112676056,0.4731514084507042,99.36086529006883,68.87905604719764,30.48180924287119,0.63913470993117,15.920183749641115,78.33763996554694,5.7421762848119435,22.601538253946835,48.684388071785186,28.714073674267983,54.841742400501424,31.870886869319964,13.287370730178626,16.588733021598753,27.91878172588833,17.748478701825558,18.518107087313933,6.0,44.10387398893147,68.0752453653217,41.87568157033807,5.288985823336969,14.99454743729553,39863.0,0.41200000000000003,20937.0,56.50301464254953,10.13719512195122,60.745317628885886,57.69445998880806,15.620776211623864,97.36989367655286,28.01699169723885,0.3917179630665921,3.2020246478873235,14.444444444444445,28.620158450704228,20.818661971830984,36.3556338028169,20.3675176056338,12.742077464788732,14.544444444444444,10.619182574923421,-3.925261869521023,"Benewah County, ID",Idaho
841,234,2.1835512754360096,2.341972076707223,train,6101,95247,49.711801946518,50.288198053482006,69.56439572899934,2.1512488582317557,98.74505146476645,69.98020585906572,28.764845605700717,1.2549485352335707,10.056400516158966,86.04920908787751,3.8943903959635207,28.107038537642524,49.14323403911644,22.749727423241037,46.334605012168645,36.01591791093863,17.64947707689272,17.791639215352898,32.18476241040616,18.24938490978677,13.683829941087644,4.0,28.88310043605279,77.50415139267473,30.82369896920137,8.772754331547452,12.012407181126044,52017.0,0.4542,23689.0,62.045993396267576,12.968867216804199,56.859824488990185,59.2200214954706,24.709724889184,95.70090588054659,22.39111318486083,2.049746660525104,29.671275735718712,8.777777777777779,33.704998582632534,29.28176215523849,30.10278538956608,14.052936050479284,28.284355412768907,8.877777777777778,10.401729357589561,1.5239515798117829,"Sutter County, CA",California
842,2840,1.8082887711792655,1.6405397047280317,train,51057,11151,46.2559411711954,53.744058828804576,55.743879472693045,41.03667832481393,100.0,63.10466138962181,36.89533861037819,0.0,15.246430216490095,79.5370796867803,5.2164900967296175,32.60963026655202,43.72312983662941,23.66723989681857,56.23243933588761,28.582375478927197,15.185185185185185,13.874558783600323,24.54293628808865,14.135650369601867,12.234762979683973,6.0,29.165258533288274,70.42936288088644,41.62049861495845,4.43213296398892,13.088642659279778,42760.0,0.4505,23448.0,63.424610839677314,8.204944464349692,70.20733173076923,70.86247086247086,13.221153846153848,98.74125874125878,19.32091346153846,0.0,0.5291005291005291,6.0,27.109676262218628,22.921711057304282,36.803874092009686,19.88162496637073,3.2194422024930507,6.1,5.157952532531292,-0.9420474674687078,"Essex County, VA",Virginia
843,2768,1.86149280724273,1.360498187774401,train,48505,14308,49.993010902991344,50.00698909700868,97.18339390550743,1.125244618395303,100.0,61.70256835128417,38.29743164871582,0.0,8.416260851153927,90.63095490154562,0.9527842473004446,27.91997646366579,50.70118662351673,21.378836912817494,72.69414425735107,18.924352852475494,8.38150289017341,37.389597644749756,106.600942991856,43.14290043946053,15.37760963990472,5.0,14.272151898734178,78.28204560549038,28.11600619880452,7.261456719061324,33.84990037635599,32162.0,0.5085,16619.0,62.005081515985616,11.490524159125831,37.26264814578821,36.33520950594122,11.392889002166429,94.99687304565352,52.618835223652354,1.813633520950594,93.61895443108749,6.333333333333332,40.33407883701425,31.632653061224488,23.245736650824718,11.378249930109027,1.6913614760972882,6.433333333333332,3.898134821245343,-2.5351985120879887,"Zapata County, TX",Texas
844,921,1.9756230463738251,1.8754063992200873,train,20079,34835,48.876130328692405,51.1238696713076,92.91517152289364,1.6362853451987944,99.03769045709706,77.43155000572804,21.606140451369,0.9623095429029672,14.824384335890189,81.0335082761405,4.142107387969316,24.162853199680395,56.77344374228228,19.06370305803733,39.687241364289754,33.824105937186914,26.488652698523325,13.188552993189152,25.275681950087066,12.057377418918307,13.072717172012513,3.0,23.72998502476673,76.60702451954938,31.507252779618586,4.565201384286871,9.807819748177602,51327.0,0.3947,24453.0,65.99403266331659,4.128494943486022,80.13965491069169,68.71606235768085,9.558265445529523,98.63373620599054,13.287456357840409,0.017516202487300753,11.342041050667431,7.1111111111111125,32.46447538395292,26.3470647337448,30.73632840533946,17.70632984067748,5.448543131907563,7.211111111111112,6.523469714698206,-0.6876413964129062,"Harvey County, KS",Kansas
845,1407,1.296248080435107,1.3962978456408048,train,28025,20279,46.52596281867943,53.47403718132058,40.50002465604813,58.23265447014153,100.0,42.31612517440701,57.683874825592994,0.0,13.39958647368772,85.68665377176016,0.9137597545521244,35.18220128904313,42.811105602379776,22.006693108577085,54.28464699290251,27.90437056406425,17.810982443033247,26.561795501227394,70.20254033642294,27.728588455644477,16.239871961588477,6.0,21.74084285151634,68.87748556767157,35.45862732520847,9.506093649775496,26.542655548428478,31669.0,0.4874,18405.0,59.537958202577286,16.115285409891218,60.96063257065949,50.82550987374554,22.097913862718702,98.70508255098736,21.51749663526245,0.16186468112657815,1.1884215197988066,3.5555555555555562,31.372355638838204,26.835642783174716,32.62981409339711,15.784802011933527,1.2673208738103456,3.6555555555555563,4.040214746524927,0.3846591909693706,"Clay County, MS",Mississippi
846,3001,2.799311792380535,2.598331609234182,train,54033,68998,48.81300907272674,51.18699092727326,95.67378764601871,1.8203426186266267,98.56652533817888,67.23198061780738,31.33454472037149,1.4334746618211185,16.08108108108108,81.20495495495494,2.713963963963964,24.89583333333333,50.317796610169495,24.786370056497177,51.99828104856038,27.65056172877402,20.351157222665602,16.303451525503593,31.27206880941603,16.63500382137788,18.5194930491602,5.0,31.136107154089505,70.23489200785397,38.57901243545923,7.1122100210893775,14.59530215984292,43987.0,0.456,24415.0,58.98187932000746,7.246698128147467,66.1128302785051,69.66145833333334,20.72601761485361,98.84548611111113,17.8695548678886,0.2777777777777778,1.465259862604713,16.333333333333332,27.455868286037283,25.989159106061038,35.02130496536132,17.365720745528854,2.505869735354648,16.433333333333334,13.441293986718291,-2.9920393466150426,"Harrison County, WV",West Virginia
847,1933,2.6998686753609076,2.4088510981466245,train,37099,40812,49.13995883563658,50.86004116436342,83.30638047633047,3.0922277761442722,99.54538997016623,60.860917743997724,38.684472226168495,0.4546100298337832,16.330537806176785,74.82028753993609,8.849174653887113,35.71305644791188,43.270995869664986,21.01594768242313,39.382877343990174,31.086689209960042,29.5304334460498,21.97116942014901,45.42613044384247,24.719986725296607,13.597628751389403,5.0,29.58185978780945,71.70343444472299,34.23163700175483,4.894710453747806,12.985710704437206,38015.0,0.4656,21517.0,55.67790777701308,6.185844037190305,69.02774137995581,64.07274895646988,13.571187900116058,98.46451997614788,21.096177604732134,0.1937984496124031,5.290110751739684,14.777777777777779,27.604626090365585,36.16093305890425,29.64814270312653,16.816132510046064,13.60139174752524,14.87777777777778,11.121176661934776,-3.7566011158430044,"Jackson County, NC",North Carolina
848,3010,2.5555031730094866,2.3840418022190963,train,54051,32480,49.230295566502456,50.769704433497544,97.66625615763547,0.8589901477832512,95.33686601059804,66.41937925813778,28.91748675246026,4.6631339894019685,13.816280806572069,83.50693762037655,2.676781573051373,22.17423403469915,56.19785898855665,21.627906976744185,55.90557903274002,27.30609979937679,16.78832116788321,13.033182837116787,19.687017001545595,13.898699092494075,14.656650353791964,4.0,34.43288603580959,69.16500847520085,40.93890485665857,6.640135603213206,14.334144004716634,45182.0,0.4196,23543.0,56.54563297350344,6.962860118014579,69.9615877080666,76.58823529411767,19.76952624839949,99.19327731092436,15.513444302176694,0.0,0.9759852216748768,12.777777777777779,26.102216748768466,23.58374384236453,37.29679802955665,18.743842364532014,1.4747536945812807,12.877777777777776,10.848662518666561,-2.029115259111215,"Marshall County, WV",West Virginia
849,1579,2.2442495159810822,2.460608381431334,train,29207,29837,48.59402754968663,51.40597245031336,97.20481281630192,1.4947883500351908,98.59841560024375,71.49603900060939,27.102376599634372,1.4015843997562458,16.168562108789562,80.74583443533456,3.0856034558758707,21.67963949201147,50.983203605079886,27.33715690290864,59.540772118994894,26.76903822085299,13.690189660152113,15.695205479452055,23.54876160990712,17.306802406293382,21.966299768990353,6.0,35.137464448849435,69.7384806973848,43.10502283105023,7.8621834786218345,19.12826899128269,38203.0,0.4424,21797.0,58.406032177458236,9.149590932973052,59.23490393412625,60.77399962427202,23.57616651418116,99.39883524328388,23.198764867337605,0.0,1.5551161309783157,9.333333333333334,28.387572477125715,25.240473237926068,33.77350269799243,18.775346046854576,1.3003988336629018,9.433333333333334,11.711934696557435,2.2786013632241016,"Stoddard County, MO",Missouri
850,402,2.6848194823870495,2.488238425564563,train,13045,112595,48.727741018695326,51.272258981304674,76.4225764909632,18.339180247790754,99.67591581093876,64.9989075813852,34.677008229553564,0.32408418906124825,12.540726624454415,80.61228253519394,6.846990840351633,32.34782026384517,44.36148128306436,23.290698453090467,55.43493868642486,26.629045690818767,17.936015622756386,20.65838772335196,38.36842640626589,22.39274869975649,15.445293990954125,2.0,24.568020555856773,76.59829315765833,30.381294604980784,7.77311972850227,21.20327394320507,43586.0,0.4609,21320.0,63.56134610332228,11.517144199154535,65.10306422513602,58.19408017984264,14.809711192874293,98.41888347695766,23.73247339934369,0.344698388909704,6.449664727563393,14.555555555555555,32.80163417558506,32.600026644167144,30.726941693680892,12.06891957902216,5.238243261246058,14.655555555555555,12.040047987729645,-2.61550756782591,"Carroll County, GA",Georgia
851,1079,2.0059743897979634,1.945006177804743,train,21185,63037,52.83722258356204,47.16277741643797,90.3485254691689,4.22291669971604,99.93359893758301,81.99927562477363,17.934323312809372,0.06640106241699867,7.547930903568718,90.85041761579346,1.6016514806378133,26.26325514138817,55.310089974293064,18.426654884318765,30.856829087783797,29.751474204407096,39.3916967078091,5.967530365751863,9.177004134987328,5.290518356382449,8.990292252503442,2.0,28.316045975028572,85.00456713691261,26.362529178930288,3.039683345174059,6.191007814878717,85452.0,0.42200000000000004,34423.0,71.11947541604526,4.100788869287355,87.34351316454277,72.34396252077981,8.333801156458764,97.06815777542694,7.3008476955032835,0.0,3.8152196329140033,7.333333333333332,33.97845709662579,24.353950854260198,38.29655599092597,11.053825531037326,5.428557831115059,7.433333333333334,6.993675060458471,-0.4396582728748628,"Oldham County, KY",Kentucky
852,1423,2.3234764520254214,2.4296121897771945,train,28057,23451,49.678052108652075,50.32194789134793,91.71463903458277,6.528506247068355,99.62114036749384,69.7101723811328,29.91096798636105,0.3788596325061565,14.657182835820894,83.16814365671642,2.174673507462687,24.062549029862453,50.232728413785885,25.704722556351648,51.95681511470986,34.830666409613784,13.212518475676372,18.75780274656679,36.259740259740255,19.560225454039387,20.79169538249484,5.0,23.396164021164022,68.907753254103,38.39275608375778,6.7685342388228635,14.4878324844369,35004.0,0.4643,19483.0,57.36204876415779,9.36679311351036,65.94284905927287,54.98018494055482,17.979912293110765,99.04887714663143,19.083321544772954,0.0,1.4583599846488422,10.111111111111107,30.96669651614004,28.037183915398067,32.506076499936036,16.826574559720267,1.7568547183488978,10.211111111111105,11.354477843470363,1.143366732359258,"Itawamba County, MS",Mississippi
853,2787,2.9896024131784547,2.3777317989584095,train,49035,1078958,50.21798809592217,49.78201190407782,82.34111059003223,1.6778224917003255,99.3219908252098,76.35601834958034,22.965972475629464,0.6780091747901787,10.686100969871298,82.13297931187078,7.180919718257918,31.43824808810893,49.36706230619835,19.194689605692712,33.213778393043015,34.645274316073944,32.14094729088304,12.363165037874696,19.320546778923468,12.160397785566142,9.09107886529591,1.0,17.79911795473483,85.91016561899673,22.424493878803727,3.519261591624703,9.506325804508203,62117.0,0.4365,27314.0,73.15680601196631,5.453497715554809,75.66507947254004,62.94809060182615,8.420403342886587,95.6767391414014,18.206846749260933,1.2288755486051557,17.63191894401821,19.777777777777786,35.41314861190148,34.14312697991951,27.98338767588729,9.342532332120435,15.98106691826744,19.87777777777779,10.78042294518483,-9.097354832592961,"Salt Lake County, UT",Utah
854,2774,2.589433484697249,2.4897578482352527,train,49009,776,54.38144329896907,45.61855670103093,97.29381443298969,0.0,100.0,93.06358381502892,6.9364161849710975,0.0,15.236051502145926,84.76394849785406,0.0,25.596184419713826,55.00794912559619,19.395866454689983,41.26679462571977,42.80230326295585,15.930902111324375,7.2196620583717355,3.5502958579881656,9.42528735632184,13.36405529953917,6.0,38.44856661045532,67.30038022813686,52.09125475285172,4.182509505703422,2.6615969581749046,56750.0,0.3674,22149.0,48.109243697479,4.366812227074235,90.282131661442,72.61146496815286,7.836990595611286,98.08917197452229,7.210031347962383,1.9108280254777068,2.31958762886598,13.222222222222221,29.896907216494853,26.030927835051546,30.15463917525773,20.2319587628866,2.7061855670103103,13.322222222222221,12.058355814739908,-1.263866407482313,"Daggett County, UT",Utah
855,810,1.2006339030604214,1.4574536005741472,train,19055,17507,49.87147997943679,50.12852002056321,98.25783972125437,0.2227680356428857,98.16167805797785,69.40843742634928,28.753240631628564,1.8383219420221544,12.970069071373752,84.93476592478895,2.095165003837298,23.891028383968052,57.03180716017686,19.077164455855087,54.17573221757322,30.99581589958159,14.82845188284519,10.0023301875801,16.49957032368949,9.541729386184981,11.665321185561064,6.0,20.96652593486128,83.03456188154307,31.134375448157176,3.570916391796931,9.235623117739854,58274.0,0.3881,27563.0,72.82998702191007,3.658280922431866,82.96179907689286,72.90809327846365,12.687813021702835,98.07956104252399,6.717077482077973,0.0,1.1138401782144287,3.2222222222222223,31.17610098817616,22.865139658422347,35.32301365168218,17.575826812132288,1.519392243102759,3.3222222222222224,4.295008783876385,0.9727865616541629,"Delaware County, IA",Iowa
856,2165,2.6302888397953126,2.5489334394412744,train,40081,34504,49.76524460932066,50.23475539067934,85.7784604683515,1.767910966844424,99.4127319708715,70.49565421658444,28.917077754287057,0.5872680291284942,13.099054022359473,84.44609491048394,2.454851067156594,20.7009260940621,55.04630470310514,24.25276920283276,54.86182629591486,31.737040851355985,13.401132852729145,15.67826495826966,26.01467725026209,16.34265988372093,19.819370729847808,2.0,38.172769011150116,72.25455369964476,37.94875670773185,5.509787619983372,14.405562693673945,45149.0,0.4441,23072.0,60.36504338310014,6.545807704758822,63.52835463258786,64.0439323010443,17.8314696485623,97.67734965790424,23.34764376996805,0.10803024846957147,2.9474843496406216,13.777777777777779,31.732552747507533,24.23197310456759,34.30616740088105,16.66183630883376,12.45362856480408,13.877777777777778,12.79345151267747,-1.0843262651003087,"Lincoln County, OK",Oklahoma
857,1538,2.8259978322655077,2.343972046813608,train,29123,12401,48.93153777921136,51.06846222078865,95.54874606886541,1.7901782114345617,100.0,74.14850136239781,25.851498637602177,0.0,12.747418244406195,83.48752151462996,3.7650602409638565,23.37164750957855,53.881831014317406,22.74652147610405,59.9622285174693,28.83616619452313,11.201605288007558,18.353288502542235,31.547889241942805,19.901973429640137,23.634728580771746,6.0,30.385391230491557,67.18279569892474,39.89247311827957,13.78494623655914,17.419354838709676,35097.0,0.4035,17179.0,57.035283993115314,9.65673330818559,63.59886201991465,54.06001765225065,20.69701280227596,97.96999117387469,20.81081081081081,0.0,0.4918958148536408,16.77777777777778,30.02983630352391,23.2158696879284,33.94887509071849,18.78880735424563,2.6610757197000243,16.877777777777776,10.422553322071565,-6.455224455706212,"Madison County, MO",Missouri
858,2459,2.743703304335216,2.5411940414809857,train,47077,28013,48.066968907293045,51.933031092706955,89.02652339985006,7.5893335237211295,99.56508698260349,56.703659268146374,42.861427714457115,0.4349130173965207,14.106702107461553,82.54699069679134,3.346307195747104,23.337036214174628,49.74005776494113,26.922906020884252,59.98114294693836,27.20653711172804,12.812319941333616,21.491530342050854,50.06934812760056,21.70573969280517,18.2162298568802,6.0,25.09259693375217,70.01572763437875,37.348505874734016,8.002590433897678,24.12804144694236,38745.0,0.4234,19269.0,57.762589586596434,9.416598192276089,64.87493987493987,54.87942303358125,21.164021164021165,98.39981969799412,17.472342472342472,0.676132521974307,2.2132581301538568,15.444444444444445,30.150287366579803,25.256131081997644,34.61964088101953,16.292435654874524,3.3841430764288014,15.544444444444444,12.694820066462709,-2.849624377981735,"Henderson County, TN",Tennessee
859,1047,3.1105479479825724,3.1387235563089426,train,21121,31809,48.68747838662014,51.31252161337986,97.27435631425068,1.1569052783803326,98.56741196947382,56.701030927835035,41.866381041638775,1.432588030526175,16.601810337534893,81.16487606801455,2.2333135944505544,25.313684868858232,45.89375757338858,28.792557557753195,70.4108945761916,18.614698285982627,10.974407137825782,32.59170756910359,95.30416221985058,38.074385473229405,17.865429234338745,5.0,17.462409886714724,53.332798588273036,42.889227560760396,19.21873746691265,35.830592764899336,26599.0,0.4768,15599.0,46.269404106159236,15.945165945165947,45.436821582885436,40.95467308463697,36.89008325429445,98.85679903730446,21.303614711771523,0.0,1.068879876764438,22.33333333333333,30.390769907887712,27.240718035776034,32.742305636769466,16.331855764091927,1.5687384073689836,22.433333333333334,23.074394887288914,0.6410615539555806,"Knox County, KY",Kentucky
860,1068,2.0354316006833932,2.135689939053388,train,21163,29098,50.42270946456802,49.577290535432,92.13347996425873,3.8834284143240083,99.17119565217392,70.19021739130434,28.98097826086957,0.828804347826087,9.651810584958216,87.49767873723307,2.850510677808728,22.94704861111111,55.186631944444436,21.86631944444445,53.337498698323444,31.844215349369982,14.81828595230657,16.68864062174728,30.731882754900198,16.806677144870196,16.45816351844633,4.0,55.47212849878819,74.48458483071686,31.312653678834877,5.437866464913942,16.133913372422928,49884.0,0.4326,23473.0,60.19561777820397,11.031461569095976,68.79785167409439,74.51564828614009,22.80882184893155,98.2414307004471,17.889384070391948,0.0,3.8903017389511305,7.555555555555554,32.19808921575366,28.819850161523128,34.174170046051266,11.712145164616125,3.98309162141728,7.655555555555553,8.462883366830242,0.8073278112746891,"Meade County, KY",Kentucky
861,1733,0.09531017980432493,0.09391656923376446,train,31171,675,52.74074074074074,47.25925925925926,95.70370370370372,0.0,100.0,89.61038961038959,10.389610389610393,0.0,16.923076923076927,82.88461538461539,0.19230769230769232,19.642857142857142,65.53571428571429,14.821428571428573,38.125,34.375,27.500000000000004,8.160237388724036,15.909090909090908,6.981519507186857,11.25925925925926,6.0,36.2763915547025,82.66666666666667,35.0,1.6666666666666667,1.3333333333333337,51000.0,0.4373,30475.0,71.78502879078695,0.0,84.96240601503759,71.31147540983606,4.511278195488722,98.36065573770493,12.280701754385964,1.639344262295082,0.5925925925925926,1.0,31.11111111111111,18.666666666666668,40.444444444444436,18.074074074074076,4.296296296296296,1.1,1.0984680960590785,-0.0015319039409216195,"Thomas County, NE",Nebraska
862,3108,1.5846897427449065,1.970012084422294,train,55135,52125,50.6052757793765,49.3947242206235,96.91127098321344,0.4412470023980816,98.03202433133556,73.79908757491725,24.23293675641829,1.9679756686644605,15.825618068979551,81.7021060128192,2.4722759182012406,23.74194448968197,53.937603238489636,22.320452271828398,53.440620038214156,29.618665733738798,16.940714228047042,10.389197776012706,19.11572052401747,9.678047153024911,13.289364559061651,6.0,35.390785483713195,75.41798253761844,35.5052944454765,3.9383243544491915,10.807170722645363,51994.0,0.4142,27257.0,67.46178610357677,5.568707022883554,78.73779113448533,61.396559529198726,15.101427498121714,99.10593028519692,9.6854277594486,0.14712539610683567,2.8335731414868106,4.777777777777779,27.840767386091127,23.430215827338127,35.93477218225421,19.084892086330935,2.647482014388489,4.877777777777779,7.170763142353012,2.292985364575233,"Waupaca County, WI",Wisconsin
863,18,1.9756230463738251,2.200695367301017,train,1037,11027,50.593996553913115,49.40600344608689,67.35286115897343,30.68831051056497,100.0,61.222493887530575,38.77750611246944,0.0,16.81792073520965,78.34577828834004,4.836300976450317,26.422937539970153,42.12321466638244,31.45384779364741,63.53777112939416,27.998005484916487,8.464223385689355,19.28372093023256,37.89615643964936,21.00361412288018,22.120930232558138,5.0,28.22311289245157,61.10112359550561,47.41573033707866,12.292134831460675,18.179775280898877,31212.0,0.4207,17519.0,52.5100516944285,17.020345657405382,58.06642066420664,63.47150259067358,24.369003690036894,99.58549222797927,23.89667896678967,0.0,2.1492699737009158,7.1111111111111125,24.82996281853632,23.49687131586107,40.101568876394296,17.856171216105928,1.9588283304615943,7.211111111111112,9.03129138117674,1.8201802700656273,"Coosa County, AL",Alabama
864,1511,2.6059764591510066,2.65202886127593,train,29069,31562,48.22254609974019,51.77745390025981,85.71383309042521,9.76173879982257,99.4579278058396,59.504743131698895,39.95318467414069,0.5420721941604041,18.253409590849106,79.87681478222612,1.869775626924769,24.65963721569103,45.21472144790529,30.12564133640367,65.56000579066738,22.627032765526234,11.812961443806396,27.74401144082945,64.81252575195715,31.018012315129194,22.36573759347383,5.0,24.659115195554605,64.63598193773271,39.77659827299374,13.126831973381922,27.44197100530777,31077.0,0.4735,18009.0,54.28471032634953,7.2983251072093225,51.73345339936966,55.29105821164233,26.96420531292211,97.59951990398079,25.236380009004954,1.3202640528105622,6.108611621570243,13.444444444444445,32.95101704581459,24.355237310690068,32.67536911475825,17.093340092516314,4.524428109752233,13.544444444444446,14.182784376971815,0.6383399325273693,"Dunklin County, MO",Missouri
865,1548,2.118929313186954,2.4020060836388977,train,29143,18411,47.94959535060562,52.05040464939439,81.46216935527674,16.15881809787627,99.447895100069,48.63123993558776,50.81665516448125,0.5521048999309869,14.009485589201017,82.10142283838016,3.889091572418825,26.364496082139958,44.24479870305323,29.39070521480681,65.01946452689282,23.33359815682848,11.646937316278699,22.76341395607451,56.12431444241316,22.93832915023306,22.342312382219266,6.0,32.684075342465746,70.04277632123636,41.037670760314604,10.390506416448183,26.02456188767766,33630.0,0.4717,19918.0,57.64929464220453,8.444275389882085,50.5900938574482,48.97260273972603,23.808196264287705,99.10958904109587,28.51036149056779,0.0,1.5588506870892402,8.222222222222221,30.2699473141057,25.636847536798648,33.53430014665146,17.141926022486555,2.3790125468469943,8.322222222222221,11.045311989945828,2.7230897677236072,"New Madrid County, MO",Missouri
866,141,2.69237238838298,2.5775583722206745,train,5065,13480,51.906528189910965,48.093471810089035,96.96587537091987,1.2017804154302671,98.83674288006418,71.44003208985158,27.3967107902126,1.1632571199358204,16.396183731680928,80.79079374446741,2.8130225238516764,18.104421857353834,53.50534271566328,28.390235426982883,57.930348258706466,29.402985074626866,12.666666666666668,21.003233693508953,48.064324002382364,22.262204629962817,23.181209111689128,6.0,42.10813762971054,59.127770769508025,51.66696702108487,7.11839971165976,16.615606415570372,32630.0,0.4311,18995.0,49.2200529775336,10.125573051624476,55.61086616413028,63.63061353573689,22.50035556819798,99.84187223276408,25.51557388707154,0.06325110689437065,1.7952522255192882,14.666666666666664,24.569732937685462,23.820474777448073,33.07863501483679,24.599406528189913,1.832344213649852,14.766666666666666,13.164954966198193,-1.6017117004684724,"Izard County, AR",Arkansas
867,1657,1.410986973710262,1.3944336217713371,train,31019,47958,49.795654531048,50.204345468951985,93.25868468243046,1.1739438675507736,99.47761866162298,73.39457804197062,26.08304061965235,0.5223813383770152,14.031632002780835,75.56630554429059,10.402062452928568,33.91527666087317,49.6614698176347,16.423253521492125,32.05980638715678,35.24649464291865,32.69369896992455,13.144528243804832,15.255843335439039,15.095157150951572,8.995692203733421,5.0,22.22282741904736,85.01525719267656,25.66477768090672,3.176765475152572,7.666739319965128,53624.0,0.4344,26846.0,76.90886020081649,3.446791721961192,84.25258744923359,73.58391608391608,8.011266867548803,98.00699300699301,10.736276693305383,0.12237762237762236,8.317694649484968,4.0,31.565119479544602,36.05446432294925,28.020351140581347,12.538054130697697,5.567371450018767,4.1,4.032689897937133,-0.06731010206286658,"Buffalo County, NE",Nebraska
868,504,1.67189092708065,1.7692225008444,train,13251,14206,48.94410812332817,51.05589187667185,55.934112346895674,41.99633957482754,99.53343701399687,54.245723172628296,45.28771384136858,0.4665629860031105,14.990082176253892,82.30849154623596,2.701426277510154,32.9785392869505,43.12911041883005,23.89235029421945,61.20625465376024,25.50792468886289,13.285820657376876,25.21909176504672,55.89818893783652,28.254044916686787,17.080587937151545,6.0,27.828802351212346,68.09073724007561,35.879017013232506,8.090737240075612,18.12854442344045,34466.0,0.4758,18597.0,57.20083050207625,9.849859759115658,59.08221797323135,50.76301615798923,16.670650095602294,98.02513464991024,27.15105162523901,0.3141831238779174,1.6260734900746163,5.222222222222221,31.240320991130506,26.756300154864146,33.83781500774321,16.232577784034916,2.0695480782767848,5.322222222222221,5.866290551871599,0.5440683296493782,"Screven County, GA",Georgia
869,719,1.7326383462202575,1.8326579476969636,train,18057,296635,48.84723650277277,51.15276349722723,87.62182480152376,3.5683584202808163,99.64867230814123,82.14648380507731,17.502188503063902,0.3513276918587686,11.196564457034215,86.5501741178269,2.2532614251388883,23.762538910030685,60.51003778880013,15.727423301169187,19.77587688953184,24.3427259576074,55.881397152860785,4.711665349295575,5.9793071754170235,4.528917700956686,7.090931890045312,2.0,20.020425612768392,88.1305829861528,19.968037837288573,1.9823930976508728,4.2696276315667925,86222.0,0.4344,41316.0,75.58341774813172,4.114828301218833,88.27833151623491,71.3356415905991,4.578534625410232,96.07596264820059,8.670603405814347,0.7554296506137866,3.708598108786893,5.5555555555555545,36.11171979031469,26.899725251571798,34.21443861985269,9.932745630151533,8.809816778195426,5.655555555555554,6.250478042960157,0.5949224874046033,"Hamilton County, IN",Indiana
870,388,2.5203810379816605,2.479287921328585,train,13015,101336,49.39212125996684,50.60787874003315,83.66917975842742,10.9911581274177,99.55572725516708,66.7722619277574,32.783465327409694,0.4442727448329148,10.033399954393637,83.76681734651447,6.199782699091897,26.561053132117024,50.07633205696124,23.36261481092174,53.3066433882183,28.92297041028265,17.770386201499054,15.763826606875933,27.417120237506186,15.979229178650833,14.206812821559007,2.0,27.5748610245048,79.46938318593978,30.18302921750812,6.310869808574947,16.469830963841932,48893.0,0.4264,22592.0,65.00328563573699,8.66497493346537,64.43357470547802,57.5033311125916,13.766204702760591,99.30046635576281,25.157051743154454,0.32478347768154564,7.939922633614904,12.333333333333336,32.524473040183146,28.34431988631878,33.887266124575675,12.179284755664325,5.3396621141548914,12.433333333333337,11.932764324874054,-0.5005690084592835,"Bartow County, GA",Georgia
871,192,2.6695403463403347,2.5575293470481713,train,6017,182093,49.95798850038168,50.04201149961832,86.71008770243776,0.980817494357279,98.6963704889256,77.3684753988332,21.327895090092415,1.3036295110743974,11.173429023508136,83.30343015370704,5.523140822784812,25.419038792532767,53.62438766053224,20.956573546935,29.519147219463754,38.39995034756703,32.08090243296922,10.437833613249747,15.306400363141167,10.715369354650488,12.52230601364603,2.0,32.18544156578955,74.43132695346272,35.0311540410816,4.91011537429568,7.135616969263332,69584.0,0.4574,35588.0,62.214566929133866,10.70016046285624,75.35287145781705,69.58662692756252,15.818158962755447,96.59517947388882,13.16668462450167,0.1716988467020863,12.476591631748615,14.333333333333336,27.930233452137088,22.581867507262768,39.04653116813935,17.050078805884905,12.309094803204957,14.433333333333335,12.903896848743084,-1.529436484590251,"El Dorado County, CA",California
872,524,2.5292778938193967,2.7236820590963733,train,13291,21725,49.0126582278481,50.98734177215189,96.16110471806677,0.4649021864211738,99.58529167818634,67.04451202654134,32.54077965164501,0.41470832181365774,13.138644740572724,82.26254607314999,4.59880918627729,19.95096210223336,53.936357337028944,26.1126805607377,45.61319911847042,32.46173089522902,21.92506998630056,13.473406510576153,24.037460978147763,13.995091707569106,20.888575458392104,6.0,40.462108230611896,55.522316620796936,59.06425750867537,3.5539069043915283,12.74380758645447,40799.0,0.4122,21872.0,46.15602515438218,13.096845464588196,60.3204439670605,63.3276740237691,17.919799498746862,99.08936564284613,24.937343358395985,0.0,2.858457997698504,12.444444444444445,21.17376294591484,18.77100115074799,34.075949367088604,30.42577675489068,3.373993095512083,12.54444444444444,15.236320119036435,2.6918756745919943,"Union County, GA",Georgia
873,50,1.6072132174119893,1.9551093544489249,train,1101,228138,47.46951406604774,52.53048593395226,38.92380927333456,56.089296829112214,99.55078160378211,47.73670005615229,51.814081547629826,0.44921839621787096,17.00096548394883,77.99843108858316,5.000603427468018,38.681866605164025,37.62369169604516,23.694441698790808,40.66600694067888,28.21887539312439,31.11511766619673,22.59070358922373,50.0534847362791,23.529979939074224,16.215039477168773,3.0,32.76757434002916,77.29861948800429,31.12965196801143,7.536970021891617,20.602689541169642,44369.0,0.4819,25138.0,64.35072724993883,8.55971582003172,68.63252843054747,67.7732594825773,17.621544636498996,97.65126551216434,19.13136675226401,0.4031409941807474,3.4150382663124947,4.888888888888889,31.511190595166088,32.075322830918125,30.7454260140792,12.880800217412267,4.986893897553236,4.988888888888889,7.064691536911406,2.075802648022517,"Montgomery County, AL",Alabama
874,1263,2.345005808877998,2.2451937624065597,train,26077,256752,48.9024428242039,51.0975571757961,81.63130180095969,10.971287468062568,99.24326417119828,63.33878887070377,35.904475300494525,0.7567358288017176,15.696016048647465,74.26051886447459,10.043465086877932,38.08921091470084,42.718358496243475,19.19243058905569,29.859706814330444,35.04620792621851,35.09408525945105,18.320964375790684,26.10984343582676,21.402698370628396,12.883567986689894,3.0,22.323826512205876,77.03530959428349,29.829282147875748,5.270029200426545,17.14453712839218,47476.0,0.4716,26416.0,67.41357266667677,8.849325337331335,75.14539814859691,76.8670587159877,15.794479716958273,98.37289375057131,12.370959143120244,0.2468082513178341,4.519146881036954,10.333333333333334,29.678444569078327,34.66769489624229,29.974839533869254,13.130180095968091,7.397410730977754,10.433333333333334,9.442244931323811,-0.9910884020095221,"Kalamazoo County, MI",Michigan
875,834,1.7711787615280343,1.6679505166614808,train,19103,139436,49.736079635101405,50.2639203648986,84.1468487334691,5.447660575461144,99.58918301003824,72.04301075268819,27.546172257350047,0.4108169899617761,15.918244839471749,66.9784284109833,17.103326749544944,44.170818628468616,41.50837312296727,14.320808248564113,22.31606262010551,26.371191813853287,51.3127455660412,17.91984529410869,15.740201381376385,23.57982691733811,7.33876353921654,4.0,15.378463860834565,86.17255439685344,19.277956193844048,2.877710821636055,8.92000144336593,55700.0,0.4859,31271.0,73.51137036868248,3.3501543649957224,84.32324857184103,77.85977859778599,9.406257089236734,95.8702991285232,8.75146940543216,1.5780796105833397,5.2346596287902685,5.777777777777778,28.634642416592566,44.27407556154796,26.120944375914398,9.478183539401588,10.405490691069737,5.877777777777778,5.301291746738475,-0.5764860310393036,"Johnson County, IA",Iowa
876,721,2.049841071903545,2.4827204122779287,train,18061,39230,49.99235279123121,50.007647208768795,97.4662248279378,0.8284476166199338,97.35785953177258,67.69230769230771,29.66555183946488,2.6421404682274248,12.204225821502366,83.5899486769313,4.205825501566354,23.954862639089715,50.9084051046709,25.13673225623939,54.11344646077963,29.900246622740823,15.986306916479553,13.919867823213547,19.53372879017796,15.236635370760682,17.635753273710375,2.0,30.19055180627233,75.04108463434676,33.77841687208984,6.4092029580936725,10.599835661462613,52128.0,0.4034,24460.0,64.97504159733776,7.528809218950063,75.44620517097582,65.37067545304778,13.78231859883236,97.1169686985173,14.916597164303589,0.6589785831960462,1.7282691817486615,7.666666666666668,29.118021921998466,24.88401733367321,36.70405302064746,15.518735661483555,1.705327555442263,7.766666666666667,11.97379380679843,4.207127140131763,"Harrison County, IN",Indiana
877,839,1.9909138641722421,1.9319088721890412,train,19113,216640,49.31083825701625,50.689161742983764,89.74658419497784,4.2222119645494836,99.02581682257471,69.11665020432669,29.90916661824802,0.97418317742529,16.046751460983156,78.26369574049188,5.6895527985249545,29.95289138494716,49.67565978008293,20.371448834969925,32.7244841048522,35.76199107640826,31.513524818739533,9.826181680401627,12.211440471443133,10.488451344187807,10.187794958280726,3.0,28.95396930477191,81.27190270047413,27.836184979042123,3.633844110034586,12.44416958702673,59322.0,0.4282,30829.0,72.0816607127512,4.616209956230733,81.43159500714226,71.92111480124628,13.632386265901832,97.6238572944842,8.616344205039226,0.8319923306056767,2.8877400295420967,7.222222222222222,30.69654726735598,29.775203101920237,32.289974150664705,13.955871491875925,6.031203840472673,7.322222222222222,6.902673996042793,-0.4195482261794288,"Linn County, IA",Iowa
878,206,2.7788192719904172,2.8789502767115387,train,6045,87544,50.06282555058029,49.937174449419715,82.82920588504065,0.6682354016266107,98.59520780322308,59.42005937234946,39.175148430873634,1.4047921967769297,16.818469704738064,76.35491751364721,6.826612781614743,30.077167372409182,42.092433697347886,27.83039893024292,39.700148457510146,36.64616539145472,23.653686151035124,20.382128570099546,39.14307004470939,22.298119720228907,16.891782688000742,5.0,30.23752725782611,71.243789869771,37.313696093129906,9.286533203986243,12.614281094746744,42980.0,0.4762,24059.0,61.064015504564075,11.561477892186556,52.77232675362653,52.60326609029779,30.385932509908038,97.7201408901697,21.541806148755242,0.4354787063720781,23.63725669377684,16.0,27.969935118340487,25.347253952298274,34.70826098875994,18.13488074568217,16.50255871333272,16.099999999999998,17.79558293369801,1.695582933698013,"Mendocino County, CA",California
879,2802,2.25595925165399,2.113828078700574,train,50007,159711,48.82569140510046,51.17430859489954,91.57791260464214,2.3830543919955423,99.016719086244,72.38867737129614,26.62804171494786,0.9832809137560008,14.650916047753114,74.12927426294289,11.219809689304004,38.840568973181206,44.62809305082234,16.531337975996443,26.75023606266741,24.50330487734377,48.74645905998882,11.35107417322625,13.452027695351136,12.645205979537776,10.776256283784203,4.0,20.95339819351243,82.96954234779048,26.214998897603074,5.118271441620208,11.805096223503098,65350.0,0.4421,33977.0,72.21849604592036,4.9373650107991365,80.72090798719694,72.31510924197354,16.10959861668077,97.52795158477792,6.075015635922152,0.05641604267104317,2.091903500698136,9.444444444444443,27.686884435010747,34.78595713507523,33.49800577292734,12.69981403910814,6.0390330033623245,9.54444444444444,8.279876714230044,-1.264567730214397,"Chittenden County, VT",Vermont
880,2758,2.6059764591510066,2.32478837670946,train,48485,131957,51.717604977379,48.282395022621,80.4989504156657,10.420061080503498,99.3217507517541,62.13498162378885,37.18676912796525,0.6782492482459072,16.706825474768472,79.4253674245452,3.8678071006863166,33.30647503583709,42.054472374991796,24.639052589171108,46.32967716469504,32.08258076863271,21.58774206667225,17.583984922191373,34.35038478949751,17.50170029471775,14.824568131652732,4.0,37.439424730342346,77.03635718904486,30.5563087962287,6.247262259861079,13.285079576980038,45543.0,0.4544,22861.0,65.3517355031414,5.833114438315383,66.35499410285195,70.27869238005644,13.85474542793401,98.29492003762935,24.0489960638313,0.22342427093132644,17.911137719105465,13.444444444444445,30.438703517054797,34.17931598929954,29.47702660715233,13.611252150321695,9.080988503830794,13.544444444444446,10.224516111081744,-3.319928333362702,"Wichita County, TX",Texas
881,767,2.743703304335216,2.2963070739174496,train,18153,21111,54.6634455970821,45.33655440291791,93.40154421865377,4.528444886552035,99.62139138665405,66.13819214387128,33.48319924278277,0.3786086133459536,12.20094063117715,83.67527775884399,4.12378160997887,26.58120142946282,47.892676839298886,25.526121731238298,56.45633652822151,30.36474973375932,13.178913738019169,18.70930170998994,38.84462151394422,19.15255610467472,17.81017271430835,4.0,27.097922848664687,69.91752847231312,37.29545752061788,6.8464458698782575,16.481214818693545,45023.0,0.4142,19715.0,59.101108315768,6.707317073170732,64.17704011065007,74.4186046511628,17.755878284923927,98.7257088244664,21.922544951590595,0.0,1.67211406375823,15.444444444444445,26.043294964710334,28.804888446781302,35.085974136705985,15.925346975510395,2.070010894794183,15.544444444444444,9.93741646510003,-5.607027979344414,"Sullivan County, IN",Indiana
882,1086,2.6998686753609076,2.8001265552397765,train,21199,63635,48.95262041329458,51.047379586705425,96.26149131767107,0.9868782902490768,98.91053844542215,59.347719812836104,39.56281863258607,1.0894615545778337,14.565942374215465,81.62064751330863,3.81341011247592,22.16106604866744,49.66010042487446,28.178833526458092,60.248461208937385,25.32861362252835,14.42292516853426,26.34966777408637,55.24837537173698,31.002916396629942,20.825309928863565,5.0,28.84404563725689,65.56089555737897,38.63165709373657,10.991286679951553,20.552494822803112,34790.0,0.4971,20215.0,56.89196710160164,8.71014492753623,61.06956958279388,67.45734108381774,26.580706528919073,99.19369960622541,18.263006314899464,0.0,2.267620020429009,14.777777777777779,28.559754851889693,24.945391686964715,35.15832482124617,17.303370786516854,2.7516303920798304,14.87777777777778,16.44672805900837,1.5689502812305918,"Pulaski County, KY",Kentucky
883,1139,1.67189092708065,1.7715515007401235,train,22065,11873,49.869451697127936,50.130548302872064,36.18293607344396,61.97254274404111,98.58523119392684,34.920634920634924,63.66459627329194,1.4147688060731538,18.67704280155642,79.01516167986046,2.307795518583121,42.90411540093339,30.62155282138311,26.474331777683496,63.86264998723514,24.72555527189176,11.411794740873118,38.369165214022864,114.45966514459663,48.67326732673267,12.3102056505862,6.0,16.72800267648043,71.55172413793103,29.581280788177338,10.86206896551724,24.08866995073892,23854.0,0.5,14205.0,62.79968034096963,16.373276776246026,41.195687683763474,56.56565656565657,22.035282587389744,92.42424242424242,40.91800065338125,1.0822510822510822,1.7518739998315505,5.222222222222221,31.01996125663269,32.22437463151689,30.742019708582497,12.557904489177124,1.84452118251495,5.322222222222221,5.879969064399356,0.557746842177135,"Madison Parish, LA",Louisiana
884,1897,2.6461747973841225,2.8087361457114888,train,37027,81758,49.142591550673934,50.857408449326066,89.51295286088211,4.953643680129162,99.43005181347151,65.2216465169833,34.208405296488195,0.5699481865284974,15.898188474405101,80.50874203118097,3.5930694944139367,24.27463713324141,47.19714154398138,28.52822132277721,54.9375216938563,31.384935786185352,13.677542519958351,19.563679684300663,37.53426866634414,21.19581807081807,18.869907041139246,3.0,24.64546993678259,68.55794208959006,39.53620984603688,5.886079959450044,18.903250332636386,35763.0,0.455,19601.0,59.98488807732267,11.961370912717154,59.09109149277688,53.89449072044425,20.463483146067414,98.53865263773199,24.63683788121991,0.5626187344731842,4.872917634971501,14.0,27.053010102986864,24.867291274248394,36.735243034320796,17.143276498935887,5.5334034589887215,14.1,16.588938962568097,2.4889389625680973,"Caldwell County, NC",North Carolina
885,1351,2.6302888397953126,1.835891382420699,train,27087,5496,50.436681222707435,49.563318777292565,48.7627365356623,0.5640465793304221,99.28952042628777,43.457667258732975,55.83185316755477,0.7104795737122558,14.247527399091153,82.06361935311413,3.6888532477947074,35.14250309789343,43.89095415117722,20.966542750929367,51.39135583185317,35.701598579040855,12.90704558910598,24.92614475627769,60.83984375,23.89875082182775,13.100036643459143,6.0,30.96926713947991,74.46276861569216,37.031484257871064,5.797101449275362,23.088455772113942,41118.0,0.442,19743.0,63.2793844521093,8.888888888888891,53.94190871369295,59.179019384264535,30.013831258644533,96.921322690992,20.643153526970963,1.2542759407069557,2.9294032023289667,13.777777777777779,36.935953420669584,22.83478893740902,29.912663755458517,16.521106259097525,50.67321688500728,13.877777777777778,6.270721265636699,-7.607056512141079,"Mahnomen County, MN",Minnesota
886,1637,2.334299068483573,1.452286583604309,train,30091,3630,50.60606060606061,49.3939393939394,92.75482093663912,0.05509641873278237,100.0,76.3089005235602,23.691099476439792,0.0,19.366450683945285,79.3016558675306,1.3318934485241178,23.482321547698465,54.90326884589727,21.614409606404273,39.017013232514174,39.659735349716456,21.32325141776937,10.498170560090065,13.353566009104705,11.305037683458945,13.450782997762866,6.0,28.576413119330073,78.40146430750458,35.57046979865772,6.223306894447835,7.992678462477121,50664.0,0.4624,30814.0,67.63869132290185,2.786540483701367,79.7887662025924,70.50754458161865,8.593374939990401,98.76543209876543,13.346135381661064,0.0,1.7630853994490356,10.222222222222221,26.66666666666667,22.947658402203857,34.6831955922865,21.322314049586772,7.190082644628098,10.32222222222222,4.272873636193457,-6.049348586028763,"Sheridan County, MT",Montana
887,774,2.4267673628924595,2.5728177703838027,train,18167,108268,50.75553256733293,49.24446743266707,87.5161635940444,6.092289503823844,98.8118104256935,58.971724661633985,39.84008576405949,1.1881895743065172,16.588775870871462,76.62883399442329,6.782390134705259,35.39873460171253,40.4983344139149,24.10293098437256,46.254738328937314,31.27801559504764,22.467246076015048,20.495661945594627,38.04798392161789,22.659319597508386,16.938330015674733,4.0,27.23129776344388,75.07627433957585,33.429244698003224,6.250775145727397,15.971722683864567,40313.0,0.4676,21626.0,62.926709598282734,8.522251028245064,66.18705035971223,66.79975218558546,16.98110391354966,98.50622977903215,19.652825457476343,0.2822330832243409,2.4928880186204605,11.222222222222221,28.737022943067203,33.88074038497062,31.05626777995345,14.179628329700373,6.391546902131747,11.32222222222222,13.102692853049994,1.7804706308277751,"Vigo County, IN",Indiana
888,239,2.366081404553173,2.3566322329450182,train,6111,840833,49.53230903163886,50.46769096836113,78.82112143552881,1.7914377765858382,99.45471246045209,72.59760015163076,26.857112308821314,0.5452875395479265,8.94913415919662,84.47439059022858,6.576475250574794,32.28533386552444,47.19095433979012,20.523711794685443,35.83566190421721,32.44802248500727,31.716315610775517,11.071160037787504,19.230972562426206,10.41612728806604,10.296418590096359,3.0,21.194523187402254,82.01019448337912,28.561655804200488,4.547364194386714,8.019139752164747,77348.0,0.4433,33435.0,68.77174212427619,8.401550157886453,69.81678455156278,62.14144023619505,13.190473258471934,94.70590948932049,19.313240308168307,1.1865110485768326,41.60148329097454,10.555555555555557,31.7079610338795,29.19509581569705,33.18732732897021,13.092254942420194,19.387440787885343,10.655555555555555,10.555343588202321,-0.10021196735323379,"Ventura County, CA",California
889,1345,1.5846897427449065,1.7823052810127324,train,27075,10750,50.70697674418605,49.29302325581397,97.03255813953487,0.11162790697674416,97.16312056737587,73.30293819655522,23.86018237082067,2.8368794326241136,17.93937969924812,81.25,0.8106203007518797,17.99011532125206,60.95551894563427,21.054365733113674,41.25521984770327,34.3036109064112,24.44116924588553,12.952236254866586,28.86666666666667,12.142950306508412,12.805972970418676,6.0,37.32892335766425,67.8592490662473,39.84666797719677,3.42048358561038,8.275997641045803,48417.0,0.4291,29346.0,58.572590956643026,4.028577098630681,74.69701932525383,71.96635963155788,20.979364559449717,98.31798157789349,9.629872256796594,0.2002402883460152,1.2465116279069768,4.777777777777779,23.255813953488367,20.511627906976745,36.54883720930233,24.50232558139535,2.8558139534883717,4.877777777777779,5.943542172694821,1.065764394917042,"Lake County, MN",Minnesota
890,647,1.86149280724273,2.3268873855892505,train,17117,46844,49.47058321236445,50.52941678763556,97.1800017077961,0.6852531807702161,98.78870762918824,69.13158151802286,29.657126111165386,1.211292370811761,14.484265979208114,83.66071678762573,1.8550172331661392,23.974435582343933,53.176067132576435,22.84949728507963,47.4596933955076,34.41528755600256,18.12501904848984,12.525415947003653,23.17946186126882,12.069073586561364,15.223403335926022,2.0,33.496620234804745,73.75935096407122,36.77167843219893,5.031082077757876,14.555895058476448,51206.0,0.4119,25962.0,63.599289796371316,8.911668484187569,72.2273964751397,73.55473554735548,19.55867602808425,98.1549815498155,12.788365095285855,0.3198031980319803,1.0011954572624029,6.333333333333332,28.26829476560499,25.02988643156007,34.819827512595,18.294765604986765,2.134745111433695,6.433333333333332,10.24600000074017,3.8126666674068375,"Macoupin County, IL",Illinois
891,734,1.1314021114911006,1.5182485002876087,train,18087,38084,50.50152294927004,49.498477050729974,97.85474214893395,0.04988971746665267,99.45029420873337,88.30907401672344,11.141220192009909,0.549705791266646,8.484408992023205,90.31101442268957,1.2045765852872452,25.510279001468426,59.4309838472834,15.058737151248165,70.07201551103314,20.095097405595048,9.832887083371805,13.041283672493492,24.254782017671623,10.747080324507444,9.982593100538027,6.0,17.811158798283262,82.77156753989249,28.142332963563447,2.935404044713713,7.244645447563785,49964.0,0.4161,20413.0,63.45815330452872,5.245240196696507,50.98864526233361,55.477651183172654,9.896241190289741,90.27169149868536,42.34534064212999,8.545135845749343,3.836256695725239,3.0,42.169940132339036,26.018800546161113,27.670412771767673,12.385778804747405,2.095368133599412,3.1,4.56422395315988,1.46422395315988,"Lagrange County, IN",Indiana
892,880,2.0059743897979634,1.552741867026555,train,19195,7563,49.292608753140286,50.707391246859714,97.19687954515403,0.9652254396403545,98.06646525679758,67.31117824773413,30.75528700906344,1.9335347432024168,15.464095057688995,83.15825727570173,1.3776476666092647,23.876539261154647,54.9976011514473,21.12585958739805,44.083613288540505,40.53751399776037,15.37887271369914,11.957400916689133,14.743589743589745,13.263116832455626,13.5754489413026,5.0,34.123222748815174,75.94339622641509,34.465408805031444,4.0566037735849045,15.691823899371068,48459.0,0.41200000000000003,24734.0,67.26364732219736,4.68509984639017,78.53107344632768,65.4848046309696,15.435028248587573,98.69753979739508,10.666666666666668,0.5065123010130246,2.5518973952135395,7.333333333333332,28.348538939574237,22.517519502842788,36.14967605447574,19.44995372206797,1.8378950152056064,7.433333333333334,4.724406133555493,-2.7089271997778406,"Worth County, IA",Iowa
893,1805,2.4932054526026954,2.429664565456372,train,35029,24789,49.83258703457179,50.16741296542821,89.47517043850095,1.1739077816773569,100.0,58.27502281715851,41.7249771828415,0.0,17.474582935460315,79.04285794529012,3.4825591192495646,28.347188516548773,43.09908607425002,28.553725409201217,62.881302849984344,25.0422799874726,12.076417162543066,29.629023012038328,64.04186394218789,35.42093676459424,19.19990172795021,5.0,31.099269351205844,63.047324192835035,41.99469261388767,10.670057496682883,30.042016806722692,27476.0,0.4597,15078.0,53.5960535904479,13.544608304570653,39.17919165174053,47.458983593437395,30.30916595280741,96.63865546218487,34.195156140487505,2.080832332933173,64.13328492476502,12.0,34.45076445197467,24.46246318931784,28.62156601718504,20.347734882407515,9.350921779821693,12.1,11.355072557533264,-0.7449274424667358,"Luna County, NM",New Mexico
894,3118,2.5726122302071057,2.413401594019735,train,56013,40755,49.95215311004785,50.047846889952154,73.85106121948228,0.48337627284995704,99.0126112034412,60.230716590087006,38.78189461335419,0.9873887965588034,14.005187106335681,81.24221091986931,4.7526019737950085,27.73151180562053,48.017840990611646,24.250647203767816,39.94226285206706,38.717199008105396,21.34053813982753,14.186128447755186,26.457171819564124,13.542183386118213,14.305285707168832,5.0,29.654425519346265,78.87801696020873,35.61643835616439,3.7508153946510094,10.150032615786039,52773.0,0.4138,25293.0,66.75474096123615,7.680745528333082,62.18334321782598,64.6750357540124,13.738032703549946,97.74352455108853,26.870287215114804,0.4290481487366916,6.561158140105508,13.0,31.407189301926145,26.698564593301434,32.30769230769231,15.831186357502148,25.665562507667776,13.099999999999998,11.171898848463899,-1.928101151536099,"Fremont County, WY",Wyoming
895,2777,3.0062325081878574,2.4911972494296686,train,49015,10728,50.46607009694258,49.53392990305742,98.92803877703207,0.16778523489932887,99.01256732495511,84.20107719928187,14.811490125673249,0.9874326750448832,9.525112905433145,87.65567264267142,2.8192144518954425,21.614451743304702,61.14199090449722,17.24355735219808,42.709284627092856,44.71841704718417,12.572298325722985,11.16331516632212,18.01641098822689,10.269132461284014,15.83926564256276,6.0,21.12103980503656,75.53101104502973,38.14783347493628,2.4355706598697253,13.225715094873975,49787.0,0.3616,19717.0,58.9855467684756,5.547850208044382,74.23031127742811,78.07560137457045,13.216533424051715,97.80068728522335,17.332879741452633,1.0996563573883162,6.2173750932140175,20.11111111111111,38.39485458612975,25.62453392990306,29.390380313199106,13.832960477255778,0.9041759880686054,20.211111111111116,12.07572512420581,-8.135385986905305,"Emery County, UT",Utah
896,1039,2.334299068483573,2.384697993842267,train,21105,4720,47.5635593220339,52.4364406779661,88.24152542372879,9.110169491525424,96.9050160085379,65.95517609391676,30.94983991462113,3.0949839914621133,16.64804469273743,80.97765363128492,2.3743016759776534,21.948743973610764,49.98731286475515,28.06394316163411,60.400117681671105,30.391291556340104,9.20859076198882,15.006669630947087,26.62068965517241,15.558424790187216,19.380530973451325,6.0,31.74603174603175,66.49771920932591,47.136340598074,7.197161682716676,13.938165230613278,41218.0,0.3488,19597.0,53.32402234636872,8.748035620743844,60.1441031475161,61.50583244962884,24.573378839590443,100.0,22.41183162684869,0.0,0.9533898305084746,10.222222222222221,25.55084745762712,22.372881355932197,35.063559322033896,22.648305084745765,2.6483050847457617,10.32222222222222,10.855783656293825,0.533561434071606,"Hickman County, KY",Kentucky
897,1280,1.9756230463738251,2.2696777039912117,train,26111,83624,49.166507222806864,50.833492777193136,93.65493159858414,1.3811824356644025,98.85738924221191,72.89533254284791,25.962056699364013,1.1426107577880782,13.550220603243885,82.9813625586836,3.4684168380725087,25.49260184333143,55.48982662167886,19.017571534989703,36.10548729405194,31.44024015638089,32.45427254956716,13.344783900989134,21.254077081807896,13.832555155576149,13.265711773138499,4.0,25.078900777461318,73.24865395484426,34.52122438052176,4.5542433887616385,13.748996043668384,54059.0,0.4637,30172.0,62.634734259000396,8.301924221384645,75.93825842151247,83.41743653443055,16.206193573439474,98.82773076624485,11.738666148917579,0.16303082058846366,2.396441213048885,7.1111111111111125,29.258346886061414,26.450540514684768,35.40610351095379,15.836362766669856,4.963885965751459,7.211111111111112,9.67628168449151,2.465170573380398,"Midland County, MI",Michigan
898,1108,2.158201375540483,2.3210472366500188,train,22003,25653,57.630686469418784,42.369313530581216,72.49834327369119,20.017151990020658,99.81164383561644,63.45890410958904,36.3527397260274,0.18835616438356165,17.06813044882144,80.29706167258638,2.634807878592186,32.52373379596164,35.26577032432172,32.21049587971664,64.64794281533179,23.706872291326608,11.64518489334159,16.460576425784005,28.02124833997344,16.867924528301888,19.54615781330583,6.0,25.21212121212121,71.80764918400398,36.68867571944687,6.665005606079482,14.93708733026037,40948.0,0.4688,19868.0,57.656784860815094,8.356670774056234,62.96656141203143,55.55555555555557,19.237308719941705,98.69093231162195,21.820095538822766,0.0,3.941059525201732,8.555555555555555,28.558063384399482,29.31820839667875,34.56125989163061,13.312283163762526,7.4845047362881525,8.655555555555555,10.186336226948045,1.53078067139249,"Allen Parish, LA",Louisiana
899,2316,1.928295602354331,2.2950029428226415,train,45013,171420,49.30754871076887,50.69245128923113,73.64076537160193,18.611597246528994,98.92498044101879,65.56170496363478,33.36327547738402,1.0750195589811944,13.297037995888221,81.11627198659865,5.586690017513135,26.133977764312988,51.32244564374992,22.54357659193709,31.303385004745326,29.903927804325754,38.79268719092892,12.798383692177794,26.88556324919961,11.891070017922821,12.322749127474193,4.0,41.50328791785545,68.51534672224328,43.0269041303524,2.8798787419477074,8.945812807881774,57048.0,0.4693,32401.0,57.463932829243404,7.117389841910526,68.72428442402685,71.49701202753474,13.17195009087564,97.09271539877457,22.783582172764074,0.6127234675609572,11.467156691167894,6.777777777777778,25.894878077237195,26.72558627931397,29.750904211877266,23.34908412087271,7.747637381869093,6.877777777777777,9.924465218183324,3.046687440405546,"Beaufort County, SC",South Carolina
900,507,2.6540241312485775,2.3134449860966946,train,13257,25620,48.21233411397346,51.787665886026545,84.03981264637002,12.197501951600316,100.0,67.54585152838429,32.45414847161572,0.0,12.163925867919605,84.06160271469591,3.774471417384495,26.654561093324407,52.7930424810054,20.55239642567018,58.25661344831605,25.5739424309521,16.16944412073185,18.899819313390886,33.943232465399944,20.458111076247253,19.184071832910405,5.0,25.27411729202293,69.50424005218528,41.94390084801044,7.7408132202652755,19.22156990650141,40315.0,0.4596,20001.0,56.236797102907154,9.77551202933548,61.91066188457776,61.46910050582803,19.432670361917182,97.66879261051243,22.43886534072384,0.15394765779634925,2.9039812646370025,14.111111111111107,29.469164715066363,25.86651053864169,34.00858704137392,17.747853239656514,3.762685402029663,14.211111111111109,10.109190757869328,-4.1019203532417805,"Stephens County, GA",Georgia
901,2661,2.5726122302071057,2.5080321403873898,train,48291,77486,49.27857935627081,50.72142064372919,80.79911209766925,10.694835196035413,99.35343712822636,72.3426265970103,27.01081053121605,0.6465628717736512,11.047673971549404,85.02114571318724,3.93118031526336,27.90413702153987,47.07347649826607,25.02238648019407,61.79695511556362,28.64242328626647,9.560621598169917,17.61691493394359,29.34232715008432,18.693847767592466,18.174182077809352,2.0,25.93740316083049,75.85607646431535,31.54942928235712,6.536593072396222,17.311110233421534,48729.0,0.4386,21194.0,59.40597863674787,11.470797490459864,56.98821434429111,51.114904512962774,12.741629372759435,95.87111917209005,32.92720073103869,1.0562253280699885,20.030715225976305,13.0,31.603128307049012,29.30206747025269,33.21245128152182,12.448700410396716,8.506052706295332,13.099999999999998,12.280739495232986,-0.8192605047670121,"Liberty County, TX",Texas
902,1085,3.3971149859386,3.0098461447369713,train,21197,12447,49.12026994456495,50.87973005543505,96.93098738651884,0.4097372860930345,97.86879786879787,60.70596070596071,37.16283716283717,2.131202131202131,16.268980477223426,81.16052060737528,2.5704989154013016,25.40621865596791,41.985957873620855,32.607823470411226,66.5554231227652,20.441001191895108,13.003575685339687,28.123704502114247,47.47789911596464,36.747702342128676,24.490797546012267,6.0,19.828408007626308,61.653031256555494,40.19299349695826,18.96370883155024,33.54310887350535,29736.0,0.4762,17241.0,49.913250921708965,7.190962415815773,54.233470253080704,53.253731343283576,32.065721478733266,100.0,18.378163508678945,0.0,1.2774162448782842,29.777777777777786,30.529444846147666,28.73784847754479,33.180686109102595,13.955169920462762,2.6592753273881256,29.877777777777784,20.284278842092956,-9.593498935684828,"Powell County, KY",Kentucky
903,304,2.5810582263605166,2.368782098467187,train,9005,186304,49.24209893507386,50.757901064926145,93.51382686362076,1.5174124012366883,99.44448938866869,78.15710703017554,21.287382358493108,0.5555106113313378,13.911464400740082,82.2901391077914,3.798396491468512,26.846695119072685,52.05578202650029,21.097522854427027,37.93643523101701,28.480769514916002,33.582795254066994,7.004248291448006,8.195222648186379,7.367907278303503,10.113751304921651,5.0,26.21867346596437,79.14866206822512,33.31007273410451,3.0918704205695278,8.762983440242628,72061.0,0.4485,38530.0,70.40158685026468,6.899502851153443,79.19673999378388,65.87530577682996,13.990572227786028,96.47807815342155,9.298269848395895,0.7746346358903594,5.17916952937135,13.111111111111107,26.387517176228094,21.93833734111989,40.3399819649605,17.72747767090347,4.968760735142562,13.211111111111109,10.68437184406749,-2.5267392670436184,"Litchfield County, CT",Connecticut
904,2054,2.589433484697249,2.7742822460239758,train,39035,1263189,47.567228656994324,52.432771343005676,63.607741992686755,29.688193928224514,99.4076080211991,55.105593961470795,44.302014059728286,0.5923919788009081,20.726738040864696,75.26385231143476,4.009409647700541,37.91157872833973,38.61518809798128,23.473233173679,40.33084929058718,29.15838493306832,30.510765776344503,18.743183227566398,38.50023492880636,19.3321404032565,14.540566881574266,1.0,23.520770266576214,72.82179986123552,30.53921779476697,7.050993138452159,19.235523704974014,44190.0,0.5047,28215.0,65.23910113098367,10.2105578128445,68.6968399471631,63.08234392952893,20.344391610406348,96.3166092174135,13.95393106251294,0.5305757691816673,5.257803859913283,13.222222222222221,28.322840050063768,27.70765103242666,34.3528957266094,16.157202128897573,6.7040640790887185,13.322222222222221,16.027119337687232,2.7048971154650108,"Cuyahoga County, OH",Ohio
905,328,2.7220261549581837,2.6875949424764007,train,12031,890673,48.4725595139855,51.5274404860145,61.47665866148407,29.397208627633265,99.08140344682144,56.32129790385388,42.76010554296757,0.91859655317855,15.721214772117882,77.92301170492914,6.355773522952986,34.13677091032595,40.44651196456635,25.416717125107702,39.99839326241372,32.70280040971809,27.29880632786819,17.315337288053847,35.112285869938056,17.25392600059855,13.276332582539576,1.0,36.79098259359953,78.41018052678307,26.8363421130512,5.1319917135247115,16.679490973660847,47690.0,0.4747,26543.0,67.51529870611529,9.851726826502224,67.60067030519522,59.08476612358285,16.237467356421615,96.88508897064344,20.419403271829392,0.7752083489751483,8.395337009205399,15.111111111111107,29.026926829487362,32.119532084165556,32.61567376579283,12.299351164793364,9.126132710882668,15.211111111111109,14.696287964527576,-0.5148231465835327,"Duval County, FL",Florida
906,1215,2.6695403463403347,2.6280446197819147,train,25009,763849,48.149699744321204,51.850300255678796,79.79692321388126,3.912684313260866,99.63442335904594,65.60917609199754,34.025247267048414,0.36557664095404857,13.700309734973693,82.07976802827503,4.219922236751287,33.42038182926654,45.98256789862691,20.59705027210656,36.85700847379852,25.61067943344857,37.5323120927529,11.423691819643235,19.598612664069567,11.093951192593048,11.835727714800212,2.0,20.197225235666302,78.53614993470227,29.70873044541388,6.949692961738307,14.972977854344382,69068.0,0.4769,36212.0,69.64727253517647,7.458118123163425,74.44214115096861,67.32729128978524,23.633264234529058,95.90997832745249,5.453474056380416,0.31344593505400226,18.177414646088426,14.333333333333336,29.048280484755498,26.94131955399562,35.65076343622888,15.168312061677113,16.290392472857853,14.433333333333335,13.84666791289522,-0.5866654204381145,"Essex County, MA",Massachusetts
907,992,3.0117149780606005,2.9118509352357718,train,21011,11978,49.64935715478377,50.35064284521623,96.1011855067624,1.6363332776757389,99.49765572672472,68.21835231078366,31.27930341594105,0.5023442732752846,12.756136005404189,83.92253996847558,3.3213240261202435,23.20285444432784,49.816350089201386,26.98079546647077,63.543610800049755,24.250342167475424,12.206047032474803,26.444180924953407,54.29936305732485,30.867647058823533,21.78926106716041,5.0,19.423740126821674,62.508727018850365,41.51733767744938,9.890621363742143,24.04002792646032,33483.0,0.5118,18719.0,52.45053956834532,13.759108444063434,53.666102650874215,54.37915742793792,30.48505358150028,98.55875831485588,19.754653130287647,0.9977827050997782,1.385874102521289,20.222222222222214,31.299048255134416,24.369677742527966,35.08933043913842,15.611955251294038,2.262481215561864,20.32222222222222,18.390807276551605,-1.931414945670614,"Bath County, KY",Kentucky
908,336,1.9909138641722421,1.939067377368142,train,12047,14395,60.23619312261203,39.76380687738798,60.72247308093088,34.09517193469955,100.0,52.146558105107324,47.85344189489268,0.0,14.582832411637414,83.26520798268815,2.151959605674441,35.49687397170121,35.17604475156301,29.32708127673577,63.77067942981999,26.32400374570804,9.905316824471956,29.28552023906547,88.6013986013986,30.83555416209437,23.191816782836966,6.0,29.8918640576725,67.7901023890785,37.350682593856654,12.308020477815699,29.479522184300343,35048.0,0.4644,14742.0,55.7593191897399,15.713671539122961,55.95879556259905,49.82784062961142,25.03961965134707,99.85243482538121,23.75594294770206,0.14756517461878996,9.183744355679057,7.222222222222222,25.73810350816256,30.121569989579722,35.90830149357416,14.935741576936437,5.182354984369573,7.322222222222222,6.952264107360524,-0.3699581148616984,"Hamilton County, FL",Florida
909,378,2.2902875651836396,2.2028560325378432,train,12129,31128,55.78900025700335,44.210999742996655,81.85877666409664,15.474813672577744,99.35916997253584,61.16875190723222,38.19041806530363,0.6408300274641441,11.452713992457154,84.5514870864563,3.9957989210865517,30.51543197924332,42.37695078031212,27.107617240444565,50.51262363940201,33.39957544826341,16.087800912334586,14.915981668727724,25.957446808510642,15.140207430170666,17.429225569647855,3.0,36.06597434331093,76.42877186418481,32.50397530633243,6.687868300439622,15.527078851370312,50340.0,0.3982,20823.0,66.87497018556505,8.96640273913974,71.20186697782964,62.620978289301604,15.87514585764294,97.56735547998954,17.001166861143524,0.3923620193565263,3.681572860447186,9.777777777777779,26.908249807247486,28.919300950912362,37.548188126445645,12.477512207658696,2.666409663325623,9.877777777777778,9.050826074874724,-0.8269517029030542,"Wakulla County, FL",Florida
910,2406,2.0059743897979634,2.2449721583193947,train,46103,106085,50.055144459631435,49.944855540368565,82.96460385539899,1.2829334967243249,98.70606335555642,60.179888753008,38.52617460254842,1.2939366444435678,16.340671984279858,78.64465502307603,5.014672992644112,30.151777046385533,47.609689105675656,22.238533847938815,35.57475476378397,36.25408727026722,28.17115796594881,12.688203337213814,23.134328358208947,12.058482711263073,13.931549350397518,4.0,43.10155984439324,80.88792896568276,29.28725701943845,4.228461723062154,13.074154067674586,50890.0,0.434,27298.0,71.1731053545028,4.557277555001626,72.31798629918752,72.96703296703296,14.871754022622273,98.41491841491842,17.995857893898357,0.0999000999000999,4.65098741575152,7.333333333333332,30.05891502097375,29.314229155865576,31.92817080642881,14.699533393033885,15.752462647876706,7.433333333333334,9.440152723084529,2.006819389751195,"Pennington County, SD",South Dakota
911,2871,2.1835512754360096,2.0834616690090098,train,51119,10717,49.47280022394328,50.527199776056726,79.43454324904356,19.29644490062517,100.0,71.1630695443645,28.83693045563549,0.0,14.189892448247948,83.70533132878455,2.104776222967503,21.833780160857916,50.49865951742627,27.667560321715822,44.780086998550026,31.00531657805704,24.21459642339294,9.469623915139827,16.955017301038062,9.278610096940703,16.51207729468599,6.0,39.53591650938159,64.1409488714878,50.85214187010593,3.5697835099032704,8.774758175955782,54654.0,0.4516,30297.0,53.77598152424943,6.398969293536612,78.40988169798192,82.69230769230771,11.760612386917188,96.80631868131869,14.631176061238687,0.0,2.0061584398619017,8.777777777777779,20.612111598395074,18.018102080806194,38.02370066249885,28.18885882243165,1.2690118503312495,8.877777777777778,8.032225751043471,-0.8455520267343068,"Middlesex County, VA",Virginia
912,1675,1.9600947840472698,2.248515715894558,train,31055,537655,49.2233867442877,50.776613255712306,78.99991630320558,11.27674810054775,99.54615646727034,66.25753083018567,33.28862563708467,0.4538435327296586,16.63793058946814,76.5903353861561,6.771734024375764,34.501818216457075,45.345151541852324,20.153030241690626,32.309102227140684,30.58946603956287,37.10143173329645,14.59579955644655,25.44731245875193,14.40809602259355,9.989594955905568,3.0,24.744842152906127,82.63363079682173,23.83320306318661,4.027025860622132,11.551685280112787,54659.0,0.4681,29842.0,73.42357818548295,5.3056456756232135,76.62428492010831,63.83733484139634,10.523704487443883,96.20413689099104,15.768221461064384,0.6700598084074513,11.806827798495318,7.0,32.58557997228707,32.27143800392445,30.587830486092386,11.229319917047178,9.723335596246665,7.1000000000000005,9.473663786903167,2.3736637869031663,"Douglas County, NE",Nebraska
913,1671,1.2006339030604214,1.5090539180991478,train,31047,24069,50.44663259794757,49.55336740205244,89.22265154347916,4.661597906020192,99.49230998954756,71.61415559205614,27.87815439749141,0.5076900104524414,12.993885230479775,84.24270931326434,2.76340545625588,25.359965356717552,52.87430984085743,21.76572480242503,57.546429505623856,27.556892492806696,14.89667800156945,15.340909090909092,28.898539281484407,14.456375838926174,12.187434334944315,5.0,19.3213296398892,82.62707024557395,30.3483723586522,3.163906339234724,11.993146773272414,48329.0,0.402,22098.0,73.78327665063915,4.410712866566001,73.1914271084778,65.47443097842151,10.760002925901544,93.73337274608336,18.95252724745812,2.512562814070352,32.68104200423782,3.2222222222222223,35.26943371141302,26.25784203747559,31.07731937346795,14.657858656362958,6.1157505505006435,3.3222222222222224,4.522450161473638,1.2002279392514157,"Dawson County, NE",Nebraska
914,2975,2.5640942911418034,2.561788640049385,train,53059,11243,50.38690740905453,49.61309259094547,93.41812683447478,0.8449702036822913,99.78813559322036,75.21186440677965,24.576271186440678,0.21186440677966095,14.586875212512753,82.27360308285164,3.1395217046356114,23.40357257460691,52.17670339073698,24.419724034656113,38.45866533864542,39.566733067729075,21.974601593625497,13.651816067275007,16.766467065868262,15.559623430962345,15.064703257474338,2.0,43.50912778904665,69.14349276974417,32.48053392658509,6.295884315906563,16.195773081201338,52374.0,0.4761,29878.0,57.81373769378748,8.377373262869446,66.609491137793,58.06626833242804,20.19725557461407,96.57794676806084,17.524299599771293,0.5431830526887561,5.710219692252957,12.888888888888893,27.875122298318953,22.831984345815172,39.731388419461005,16.374633105043138,5.736902961842924,12.98888888888889,12.95897554115604,-0.029913347732851037,"Skamania County, WA",Washington
915,2006,0.09531017980432493,0.8198193571464618,train,38045,4113,52.24896669097983,47.75103330902017,98.51689764162413,0.12156576707999027,98.58657243816256,82.56772673733805,16.0188457008245,1.4134275618374559,18.278560250391237,81.00156494522692,0.7198748043818467,17.93286219081272,62.5736160188457,19.49352179034158,44.77113264283328,34.14634146341464,21.082525893752088,9.534478466517301,10.040160642570283,10.668514028403187,12.11671612265084,6.0,25.766871165644172,76.41304347826086,37.06521739130435,2.1739130434782608,6.304347826086956,54821.0,0.4858,34471.0,65.16431924882629,1.9692603266090296,84.2761692650334,77.78947368421053,7.75055679287305,97.57894736842104,11.135857461024498,0.0,0.802334062727936,1.0,26.112326768781905,19.450522732798444,35.35132506686117,24.45903233649405,1.3615365912958912,1.1,2.27008972500586,1.1700897250058597,"LaMoure County, ND",North Dakota
916,1155,2.5810582263605166,2.078980183539853,train,22097,83613,47.99373303194479,52.0062669680552,56.363244949947976,40.869242821092406,99.08113653597393,48.76667112716892,50.314465408805034,0.9188634640260492,14.885413363155351,82.88628131728731,2.2283053195573435,34.05990762053357,41.549132590796034,24.390959788670386,68.33726963345917,18.907258289476133,12.755472077064695,27.917208522223174,68.54581370612371,30.225150063926147,13.095310209471656,5.0,18.436768820459122,68.12241306260796,36.18942085193756,9.940357852882704,19.496137926539127,32625.0,0.5055,19156.0,54.838065439536656,5.748103186646434,61.467097278505754,50.902118016211965,18.542365210951804,96.0603155234028,23.096702528130336,0.7670182166826461,1.8525827323502329,13.111111111111107,33.565354669728386,26.977862294140863,31.652972623874284,14.47502182674943,2.7675122289596112,13.211111111111109,7.996309986154552,-5.214801124956557,"St. Landry Parish, LA",Louisiana
917,802,1.6072132174119893,1.6320432618084013,train,19039,9280,50.495689655172406,49.5043103448276,96.01293103448276,0.1400862068965517,99.69591659426584,72.41529105125977,27.280625543006078,0.3040834057341442,17.41051701281485,77.41935483870971,5.170128148475476,24.63827463827464,52.32050232050232,23.041223041223038,55.930006480881396,30.152300712896967,13.917692806221647,16.42102947646283,35.620525059665866,15.127469187911535,12.283964121636405,6.0,29.62166809974205,75.0,34.53525641025641,4.353632478632479,15.758547008547009,43327.0,0.4125,22586.0,67.76315789473685,5.134843581445524,71.72971955580651,70.7269155206287,15.433841520798042,97.83889980353636,18.200639939770376,0.0,11.379310344827587,4.888888888888889,30.71120689655172,26.239224137931036,31.303879310344826,17.650862068965516,3.84698275862069,4.988888888888889,5.1143139322153806,0.12542504332649163,"Clarke County, IA",Iowa
918,373,2.267533454935127,2.3674902232407344,train,12119,108501,50.865890636952656,49.134109363047344,88.34112127998822,8.341858600381563,98.7948903350205,61.82212581344903,36.97276452157146,1.2051096649795132,14.535437958631695,83.09907553151395,2.3654865098543456,14.525469802623803,59.18331166528779,26.291218532088408,41.082322618193906,30.905538407175303,28.01213897463079,10.895373349606123,40.18147577469611,10.248484848484848,19.58450704225352,4.0,57.08875810593419,35.78967089239993,76.28385270301213,3.4118112367035116,6.523866025520933,50350.0,0.4255,30145.0,26.707603752444143,8.666145683379261,66.50239524255272,70.96797777452844,18.366279389901443,98.68401813130579,20.040196024447997,0.17180874396841644,5.748334116736253,9.555555555555557,10.174099777882233,12.839512999880185,28.52231776665653,50.88524529727836,3.3170201196302336,9.655555555555557,10.670577880730132,1.0150223251745754,"Sumter County, FL",Florida
919,787,1.1314021114911006,1.2160572262713194,train,19009,5869,48.69654114840689,51.30345885159311,97.66570114159141,0.32373487817345376,99.35012185215271,69.61819658813971,29.731925264013,0.6498781478472786,18.483096085409255,80.87188612099644,0.645017793594306,19.889502762430944,57.86781256394517,22.242684673623906,52.340625735121144,33.35685721006822,14.302517054810634,9.721733004579077,13.218390804597702,10.142087212150908,12.642070292009091,6.0,29.74082073434125,76.04362542309137,38.05942083490034,3.159082361790147,10.530274539300489,46979.0,0.4647,29882.0,66.0650623885918,2.259696458684654,78.84914463452566,72.66300078554595,14.681181959564539,98.19324430479185,11.477449455676515,0.0,0.8348952121315386,3.0,27.432271255750546,20.088601124552735,35.048560231726015,23.88822627364117,2.0105639802351343,3.1,3.3738591119474215,0.2738591119474214,"Audubon County, IA",Iowa
920,2409,1.7326383462202575,1.8148286117103607,train,46109,10318,50.077534405892614,49.92246559410738,59.9244039542547,0.4167474316728048,99.31342258839683,51.424648129076566,47.88877445932029,0.6865774116031582,15.079476719651149,81.9665213110142,2.954001969334646,32.73832130649449,44.182807950373466,23.078870743132054,50.949754901960794,32.398897058823536,16.651348039215687,20.217001791757923,47.71071800208117,18.283275890365992,12.401185770750988,6.0,30.00406008932197,78.12157721796275,37.130339539978095,3.5870755750273817,14.457831325301207,48614.0,0.4426,23010.0,64.15984459553212,6.7690311418685125,63.26118855465885,62.84900284900285,10.161408657373439,98.8034188034188,29.218635363169483,0.0,2.3260321767784453,5.5555555555555545,35.733669315758874,22.300833494863348,31.28513277767009,18.026749370032956,39.6588486140725,5.655555555555554,6.14002375909101,0.4844682035354557,"Roberts County, SD",South Dakota
921,1184,2.267533454935127,2.3266430647314102,train,23027,38976,49.14562807881773,50.85437192118226,96.89809113300491,0.5003078817733989,98.93768622878612,66.74439694260914,32.19328928617697,1.062313771213888,15.674948308116448,81.25307689783058,3.071974794052972,24.96478657603037,52.63947577928839,22.39573764468124,41.88031161473089,27.80807365439093,30.31161473087819,16.400031523366696,26.97158231040861,17.92711674459945,15.712184169096966,6.0,36.75515844957254,73.11108479393653,36.99076267171957,6.069398389388915,19.279962103268595,44082.0,0.4357,24473.0,62.75768622769945,7.27908291780188,63.69549708338579,64.07645089285714,23.67283562046246,97.82366071428572,16.450543455453435,0.09765625,1.14685960591133,9.555555555555557,26.051929392446628,23.188628899835795,38.29022988505747,18.59605911330049,2.601600985221675,9.655555555555557,10.243496995011263,0.5879414394557063,"Waldo County, ME",Maine
922,1264,2.25595925165399,2.3765875127255676,train,26079,17230,50.89959373186302,49.10040626813697,96.25652930934416,0.6848520023215322,98.06138933764136,65.67043618739903,32.390953150242325,1.9386106623586432,16.085489313835772,79.56505436820396,4.349456317960256,22.71732222300685,52.05140879881365,25.231268978179504,55.7935735150925,31.46705615060045,12.739370334307045,17.030981576920798,25.97877789974387,19.205180519826133,18.779123951537745,5.0,31.993473746662712,66.20737647877523,40.66805845511481,6.833681280445372,17.453027139874738,40534.0,0.428,21320.0,55.84425253126861,10.025329956005868,60.92043681747271,73.80352644836272,25.55577223088924,99.43324937027708,19.32527301092044,0.5667506297229219,1.6656993615786415,9.444444444444443,27.55658734764945,22.605919907138706,37.25478816018572,18.432965757399884,3.0586186883343003,9.54444444444444,10.768094110827425,1.2236496663829843,"Kalkaska County, MI",Michigan
923,2161,2.0059743897979634,1.9675682867121103,train,40073,15302,50.0,50.0,85.04117108874657,0.5293425695987453,99.43613630791864,74.28291247854867,25.153223829369946,0.5638636920813925,12.772501130710086,85.03844414292175,2.1890547263681595,20.595680053999324,57.44178197772528,21.9625379682754,48.852002783023565,31.43822681641984,19.70977040055661,7.244167550371156,10.546553144740457,6.8475951323160125,16.97153800435845,6.0,21.359828907503122,80.03832085002612,31.84114265807351,2.5605295244730883,7.890611391743599,60034.0,0.4056,27733.0,67.63084154388503,3.648757016840417,73.50581855157608,71.20253164556964,8.609196700937746,98.8245931283906,20.41577222912665,0.6781193490054249,14.547118023787739,7.333333333333332,33.2309502025879,24.480460070579014,33.642661090053586,15.213697555875047,14.429486341654684,7.433333333333334,7.15326064280025,-0.2800726905330837,"Kingfisher County, OK",Oklahoma
924,1766,2.48398029492787,2.438259715404774,train,33017,125273,48.776671748900405,51.22332825109961,93.39362831575838,0.957907929082883,99.17085324510886,68.88861659110404,30.282236654004826,0.8291467548911491,12.812154815793464,79.57159255809923,7.616252626107296,35.371990621604624,45.607212977259294,19.020796401136078,36.096804219671114,29.78839590443686,34.114799875892025,11.140349373424993,14.77025106584557,11.965987960125489,13.116354891295574,2.0,29.51177461307715,79.5096396530149,30.51602366964305,4.324588008229231,11.754225964495534,60711.0,0.4348,29917.0,70.20696180870125,6.310129758405621,77.69243693445024,72.23401598401598,10.552528622518782,97.47752247752248,14.630487482898493,0.0,2.077861949502287,11.888888888888893,28.299793251538638,33.69600791870555,33.44375883071372,13.210348598660527,5.648463755158732,11.988888888888894,11.453091750226752,-0.5357971386621418,"Strafford County, NH",New Hampshire
925,1472,2.0208114572284313,2.2393579825448127,train,28155,9999,49.174917491749184,50.82508250825083,78.80788078807879,19.641964196419643,99.25925925925924,62.839506172839506,36.419753086419746,0.7407407407407408,14.039540475554366,84.45097515362009,1.509484370825541,24.02451225612807,50.837918959479744,25.137568784392194,51.79312388855958,31.00177830468287,17.205097806757554,22.661143665386945,42.89099526066351,25.456678397854876,20.91193382427116,6.0,25.376685170499602,64.51533135509396,39.292779426310574,11.177052423343225,23.911968348170127,34448.0,0.4783,19938.0,52.86649739409329,11.299292214357937,58.608990670059356,51.25944584382871,21.136556403731976,98.2367758186398,24.12213740458015,0.0,1.2801280128012802,7.444444444444445,30.713071307130715,24.582458245824586,34.8034803480348,16.31163116311631,1.5501550155015502,7.544444444444446,9.387302540281423,1.8428580958369771,"Webster County, MS",Mississippi
926,338,2.158201375540483,1.9643518420675428,train,12051,38363,52.96248989912154,47.03751010087845,73.78724291635169,12.001146938456323,99.5505617977528,61.89138576779026,37.65917602996255,0.4494382022471911,10.307328605200944,83.49881796690308,6.193853427895981,35.274960138413,37.57845099569155,27.146588865895442,69.19506585824796,21.045369015262388,9.759565126489653,26.3879817112998,47.31063238359973,31.69294313202035,14.326445271132592,5.0,17.49467066517325,75.82194799471131,33.23931247245483,5.561921551344205,27.78316438959894,36771.0,0.4782,16980.0,63.300822336966895,11.679758308157101,44.16346909527992,37.0181657066903,16.21284267948777,95.19273371732388,41.676297905783365,2.8577758085954805,50.522639001120865,8.555555555555555,35.15887704298412,30.70927716810469,29.179157000234603,12.256601412819645,14.211610145191985,8.655555555555555,7.130289538361437,-1.5252660171941184,"Hendry County, FL",Florida
927,2016,1.5846897427449065,1.222239425480354,train,38065,1819,51.89664650907092,48.10335349092908,92.52336448598128,0.32985156679494226,99.25925925925924,81.72839506172839,17.530864197530867,0.7407407407407408,14.073550212164076,84.51202263083451,1.4144271570014144,16.711772665764546,71.10960757780785,12.178619756427604,43.317972350230406,39.1705069124424,17.51152073732719,7.6750700280112065,9.117647058823527,8.103975535168196,11.379879054425508,4.0,26.520509193776522,75.88383838383838,32.82828282828283,3.787878787878788,9.722222222222225,60278.0,0.4272,32235.0,61.032531824611034,3.7079953650057935,83.33333333333334,77.12765957446808,6.069364161849711,97.07446808510636,13.487475915221578,1.0638297872340423,2.9136888400219902,4.777777777777779,26.55305112699285,20.505772402418913,36.5585486531061,20.670698185816384,7.146783947223749,4.877777777777779,3.394781587900517,-1.482996189877262,"Oliver County, ND",North Dakota
928,2982,2.4169053500233435,2.516903724569345,train,53073,207100,49.559150169000475,50.44084983099951,85.47030420086914,0.8807339449541285,99.18708877658052,71.5433393725565,27.643749404024035,0.8129112234194716,13.674030553763476,73.74931883522389,12.576650611012633,34.67627318239037,45.31363301485645,20.010093802753172,31.78859187727377,35.707111663306385,32.50429645941985,16.03706661772074,20.237818350971047,18.81001638748619,13.07961206644725,4.0,25.21994134897361,76.21322100618049,30.449935436960143,5.81192723808091,15.823586194792332,53145.0,0.4499,27223.0,64.7448020907928,7.981509141441831,72.39392666386604,67.04012766381862,14.734741643161495,97.35696000531931,15.977765108323831,0.7048106652481798,8.70593915982617,11.111111111111107,27.51134717527765,33.69386769676485,31.162723322066636,14.837276677933366,13.648961854176726,11.211111111111107,12.390173819640811,1.1790627085297043,"Whatcom County, WA",Washington
929,2737,0.43466426280042675,1.094334170800168,train,48443,921,46.688382193268176,53.311617806731824,74.1585233441911,1.6286644951140066,100.0,74.09638554216869,25.903614457831324,0.0,22.25165562913908,71.25827814569536,6.490066225165562,15.217391304347828,50.63938618925832,34.143222506393855,55.20974289580515,27.46955345060893,17.320703653585927,20.195439739413683,34.95934959349593,23.366013071895427,15.200868621064062,6.0,30.198675496688754,61.80257510729614,38.19742489270385,1.2875536480686696,1.0729613733905579,31111.0,0.5108,27062.0,57.08609271523178,3.712296983758701,73.0844793713163,51.6260162601626,6.4833005893909625,96.34146341463415,23.379174852652262,0.0,67.96959826275787,1.4444444444444444,20.955483170466884,19.86970684039088,35.39630836047775,26.710097719869708,24.2128121606949,1.5444444444444445,2.9871930607270665,1.442748616282622,"Terrell County, TX",Texas
930,1269,1.6507930981160142,2.093903286056145,train,26089,21772,49.2237736542348,50.77622634576521,92.63733235348154,0.5741319125482272,99.28419936373275,74.44326617179216,24.840933191940607,0.7158006362672322,13.509828428587664,82.12703101920236,4.363140552209977,20.92515703183221,59.4432023847546,19.63164058341318,27.34733285059136,32.67559739319334,39.97706975621532,10.404115302623042,20.502901353965186,9.913129197215207,12.625398733299427,5.0,33.27588124096519,68.6051548624648,44.97509205111545,2.8914879792072767,7.905566385098549,56189.0,0.4735,34322.0,57.242925189128606,6.9799314733235445,76.84533178692735,78.749567024593,11.183829011680887,98.82230689296848,14.141330461436501,0.3117422930377555,3.9638067242329598,5.111111111111111,23.043358442035647,18.046114275215878,37.58497152305714,26.979606834466292,6.788535733970237,5.21111111111111,8.116534570579663,2.905423459468553,"Leelanau County, MI",Michigan
931,1917,2.376454941560501,2.265138755354241,train,37067,361684,47.46187279503656,52.53812720496345,67.04028931332323,25.987602437486874,99.48751917445264,62.26235299586297,37.22516617858969,0.5124808255473434,16.831190939803324,78.15248217601399,5.016326884182695,33.81330993893509,44.91206377276118,21.27462628830372,38.34653771824883,28.74400783060461,32.90945445114657,19.64927047462514,44.27173968135971,19.203323514401607,10.8331195413325,3.0,26.784292771228856,76.42992311828333,29.356106894216065,3.996313029391022,12.940009915716413,45471.0,0.4872,26674.0,65.37796556040512,9.264915610155981,70.29568989080221,65.29261259797751,12.21563540392431,97.0048328798278,20.55714624977036,0.6883807821955082,12.371296490859425,10.666666666666666,30.818891629156948,28.799172758540607,33.37526680748941,13.977947600667989,6.9721082491899,10.766666666666664,9.632461063934592,-1.134205602732072,"Forsyth County, NC",North Carolina
932,614,2.1959892467282267,2.1328310193159465,train,17051,22136,52.50271051680521,47.49728948319479,93.21015540296352,4.210336104083845,98.01959983666802,68.17068191098407,29.848917925683953,1.980400163331972,13.715020907044066,82.82405918301707,3.4609199099388874,31.187056298497605,47.30614715755875,21.506796543943647,57.27558230829626,29.501439413766036,13.222978277937713,17.961356466876968,44.09956976029502,16.497386109036597,17.09030589842416,6.0,28.141315697876788,73.62453292101533,32.65043164540652,5.231284628269552,18.129107073830692,43944.0,0.4329,21472.0,62.85018270401949,9.506323949408404,62.47933884297521,63.475278651043155,24.785123966942148,98.48528150900258,17.801652892561982,0.0,1.7031080592699674,8.888888888888891,28.55077701481749,27.76924466931695,33.41163715215034,16.69226599204915,2.5795084929526557,8.988888888888889,8.43872321496059,-0.5501656739282996,"Fayette County, IL",Illinois
933,3103,2.4462043207689623,2.475626904369288,train,55125,21355,50.147506438773135,49.85249356122689,86.56988995551393,0.3980332474830249,99.47339246119734,54.87804878048782,44.59534368070954,0.5266075388026608,18.824065633546034,79.53509571558797,1.6408386508659982,19.85246257322629,58.48882620958993,21.65871121718377,38.89225181598064,35.096852300242126,26.010895883777238,14.417526261001225,26.248671625929862,15.107442348008385,17.1451506280102,6.0,39.99887247716767,66.5226376103701,45.10614315235768,5.570167198947962,15.489385684764233,41061.0,0.4434,26304.0,54.900398406374514,7.992950445780635,65.49677419354839,73.33894028595458,26.021505376344084,98.70479394449116,14.752688172043008,0.28595458368376786,1.774760009365488,11.444444444444445,21.756029033013352,16.58159681573402,38.31421212830718,28.16670568953407,13.032076797003038,11.544444444444444,11.889158142500618,0.34471369805617336,"Vilas County, WI",Wisconsin
934,2235,2.0208114572284313,2.460362637162829,train,41067,556210,49.215763830208,50.784236169792,77.57321874831449,1.80884917567106,99.12117528159008,74.80556003105181,24.315615250538286,0.878824718409913,12.38178566061881,81.24591006257906,6.372304276802117,29.331664399421463,50.89441125941888,19.773924341159667,28.273892374569048,30.994239705347013,40.731867920083936,11.789758010131838,18.439971875549304,11.811383934579792,9.886851303724825,2.0,23.049340833941685,83.61010725393119,23.9320628215438,3.03886138374042,13.673665139081313,66754.0,0.4316,32369.0,71.0869434597128,7.456681599188572,75.96190831749479,64.6855552178156,10.93509593628383,95.46450797510677,15.58823196669382,0.9918889084422544,16.153251469768612,7.444444444444445,30.86100573524388,31.079088833354305,32.95374049369842,11.379155354991822,20.61793207601445,7.544444444444446,11.70905690934699,4.164612464902543,"Washington County, OR",Oregon
935,216,2.366081404553173,2.466298707983828,train,6065,2298032,49.75896767320908,50.24103232679092,64.61041447638675,6.265186907754113,99.33670606962059,68.70987944261782,30.626826627002767,0.6632939303794165,8.792448784659655,85.79677156955795,5.410779645782394,33.70481956263659,44.68384915941622,21.611331277947198,45.732347941988856,33.34024503484399,20.927407023167145,16.792690471981615,30.35073601273756,16.860799377723165,11.044303602771404,1.0,23.113853410718594,77.39162395313716,30.612014324287216,6.1262928470092906,11.725864948972587,56603.0,0.4454,23783.0,63.116016288097384,12.579430039117955,60.743327225619716,47.96739582581313,18.280761285654265,95.25926231508888,23.822125484337807,1.4844456362179983,46.98707415736595,10.555555555555557,34.59368712010973,30.28534850689633,30.16141637714357,12.802824329687313,29.12439861585913,10.655555555555555,11.778769404858767,1.1232138493032124,"Riverside County, CA",California
936,2833,2.0640458562018624,2.1508751299847564,train,51041,328176,48.132709277948415,51.86729072205159,68.72531812198332,22.714945638925446,99.19680201354704,71.33533207486644,27.86146993868057,0.8031979864529741,11.394592104126472,84.52048426707913,4.084923628794392,29.583820060010535,50.55887674935294,19.85730319063652,33.13324720863708,29.97047153271201,36.89628125865092,7.4256950954277015,10.833969863203944,7.130031423013617,10.036046057827342,2.0,31.76663244855062,83.39597763641189,26.80548301754325,3.494952781321438,8.001917857479215,72609.0,0.4079,33220.0,71.27983924763967,6.616410120971677,82.19159341974759,73.48404657492817,8.537520825902781,96.04062704773426,12.598144357096439,0.9400675437270024,7.746757837258057,7.777777777777778,32.48317975720345,27.495916825118236,35.4833991516747,12.188277022085712,8.559736239091219,7.877777777777777,8.59237455250291,0.7145967747251332,"Chesterfield County, VA",Virginia
937,1271,2.2204104848050292,2.1204489144578,train,26093,184591,49.97968481670287,50.02031518329713,96.37956346734131,0.4729374671571204,99.53920220082529,78.59468133883539,20.94452086198991,0.4607977991746905,10.400624051756221,87.01872155268656,2.5806543955572097,25.153607525267677,57.41352279929284,17.432869675439473,30.51980942431581,35.91892619149374,33.56126438419045,5.941085372769708,7.965264261116934,5.8173167692481975,9.958097518502393,2.0,24.111305878261856,80.53203827196289,30.732096259785447,3.7982023775007248,7.687735575529139,75204.0,0.3878,33619.0,68.44438099996431,5.496694266586021,84.43632048720477,80.78220618233172,9.630670168305516,98.57994664992935,9.660335215027963,0.050996391024635185,2.1615355028143304,9.111111111111107,31.026973146036372,23.413384184494372,38.9043886213304,14.027769501221618,3.1474990655015684,9.211111111111105,8.334878295344332,-0.8762328157667731,"Livingston County, MI",Michigan
938,224,1.9756230463738251,1.9567546485595126,train,6081,748731,49.20538885126968,50.79461114873032,54.97635332315611,2.5962595378046323,99.43990592895159,77.15620745141726,22.283698477534347,0.5600940710483969,10.897976646821721,81.84542420090453,7.256599152273737,32.03792041740539,48.10104057491193,19.861039007682688,28.20729469409925,26.170030987078967,45.62267431882178,7.972681398288145,11.352023105334775,7.945796404833333,8.13669366098855,2.0,14.699879798470626,83.643742467589,26.74357266346054,3.503894713739503,4.4245334236901765,93623.0,0.4883,48278.0,70.64038445706757,6.531867833045625,78.69096403949753,65.74096946434341,11.442396641286562,94.04298173941132,12.024436900640852,1.1134968742280578,25.29466524025317,7.1111111111111125,27.074343121895584,29.011353877427272,35.00856783010186,14.339462370330601,42.42738713903925,7.211111111111112,7.076324599570728,-0.13478651154038435,"San Mateo County, CA",California
939,2868,1.895451927785184,1.9956001806800299,train,51113,13147,48.39887426789382,51.60112573210618,85.78382901042063,8.252833346010497,100.0,66.09071274298057,33.90928725701944,0.0,12.830374753451677,83.19526627218934,3.9743589743589736,28.972477064220186,49.1376146788991,21.889908256880737,53.36424412335562,23.463446193659692,23.17230968298469,12.439268913395546,19.176319176319176,12.922531308877316,12.728394109937556,6.0,31.57742402315485,76.31421147311612,37.657405556666,4.257445532680391,10.97341595042974,47736.0,0.451,25349.0,62.34174109333596,6.297229219143577,65.49921589127025,62.51478123768232,12.114479874542608,99.13283405597159,23.967590172503918,0.0,2.09173195405796,6.5555555555555545,27.67931847569788,22.894957024416215,35.65071879516239,20.293603103369588,5.963337643568875,6.655555555555554,7.356617002562454,0.7010614470069001,"Madison County, VA",Virginia
940,341,2.6695403463403347,2.723150366572569,train,12057,1302884,48.786538172239425,51.21346182776058,71.13081440865034,16.63501892724141,99.08557843638563,59.971976332618354,39.113602103767256,0.914421563614389,14.22094473780573,78.83188375345141,6.947171508742869,34.553278801530034,42.05864371551552,23.38807748295445,39.85165576889772,29.58982258103364,30.55852165006864,16.97104263810353,30.388238902765004,17.726775695071016,11.726873407032686,1.0,27.811234889022003,79.37306358238801,26.809277523360446,5.532033953398424,16.873835063508324,50579.0,0.4792,27764.0,67.04842439003184,8.675144982825229,65.80877547167071,50.09975628771555,15.045412073414571,96.10674229727988,22.3337351672452,1.1669950950600687,26.06064699543475,14.333333333333336,29.83389158205949,31.202010309436602,32.8614826799623,12.706273160158544,12.23416666410824,14.433333333333335,15.228221234787753,0.7948879014544179,"Hillsborough County, FL",Florida
941,121,1.8440707637960658,2.140049831519418,train,5025,8510,49.75323149236193,50.24676850763807,86.70975323149237,10.987074030552291,100.0,70.61163600198905,29.38836399801094,0.0,12.770596480299018,85.95234387167109,1.277059648029902,20.81336238198984,56.70297748729122,22.48366013071896,58.56697819314641,26.081689165801315,15.351332641052268,20.773519990508948,46.03636363636364,21.0824061851782,22.438330170777988,4.0,31.204800738575173,69.9760047990402,35.54289142171566,8.488302339532092,14.877024595080984,43158.0,0.4387,21905.0,55.723407568914496,9.502515371716044,65.73327961321515,52.916952642415936,21.615632554391627,98.55868222374744,17.203867848509265,1.0981468771448182,1.9858989424206817,6.222222222222222,31.257344300822567,22.76145710928319,35.56991774383078,18.03760282021152,2.3031727379553466,6.322222222222222,8.499861179330363,2.177638957108141,"Cleveland County, AR",Arkansas
942,955,0.9339123332239747,1.4523065674114133,train,20147,5501,48.82748591165243,51.172514088347576,96.85511725140884,0.3817487729503727,100.0,71.2318286151492,28.768171384850806,0.0,18.246387460200832,80.99436688709281,0.7592456527063434,19.53036802890043,59.13298713027771,21.33664484082185,43.12696747114376,35.30954879328437,21.56348373557188,9.20096852300242,17.442922374429223,8.015873015873016,15.530373397733605,6.0,26.080726056842607,78.62920391656023,36.73903788846318,3.533418475947212,8.343976160068115,44170.0,0.4086,25072.0,68.62119725220805,3.2177332856632117,80.37445670344367,70.4147465437788,11.434302908726178,97.88018433179724,11.501170177198262,0.6451612903225806,2.7449554626431563,2.4444444444444446,29.830939829121977,21.814215597164157,33.539356480639874,20.88711143428468,2.763133975640793,2.5444444444444447,4.272959025329181,1.728514580884736,"Phillips County, KS",Kansas
943,2560,1.895451927785184,1.796024306849522,train,48089,20757,49.289396348219874,50.71060365178012,80.06937418702124,13.638772462301874,100.0,72.50208159866776,27.49791840133222,0.0,12.48477856822406,84.70165993719156,2.8135614945843748,24.85966798041323,52.60360683148215,22.536725188104626,56.316303740926855,25.453657174762697,18.23003908431044,15.118504342705727,23.567539538501425,16.159511941075813,13.429984816574422,6.0,31.856077226853884,71.04610160637326,37.821601149275175,5.015018936920464,12.05432937181664,46618.0,0.4835,25578.0,60.46884006917313,4.08854994174346,68.29958819492107,58.68081880212282,8.725120109814688,98.40788476118273,24.571036376115302,0.32853171594642405,27.84602784602785,6.5555555555555545,29.671917907212023,22.710410945705064,33.94517512164571,20.200414318061377,6.291853350676881,6.655555555555554,6.025643669903843,-0.629911885651711,"Colorado County, TX",Texas
944,1436,1.5846897427449065,1.4844015690551724,train,28083,31516,47.756695012057364,52.24330498794263,25.396623937047845,72.1792105597157,99.95256166982922,30.016603415559768,69.93595825426945,0.04743833017077799,17.471876021098822,79.72739578957196,2.8007281893292246,50.373287390269915,25.78144228402658,23.845270325703503,57.50297634453128,24.95988405196957,17.537139603499146,41.9019019019019,134.30555555555554,55.91514624963799,11.47912885662432,5.0,12.059908834382462,59.830007390983,30.7649667405765,10.264227642276422,25.277161862527713,24233.0,0.5325,14563.0,49.67419441221103,15.750224618149149,45.099707524594535,42.043876700916414,27.833023132145705,96.8064426548181,29.423025791013032,0.36101083032490977,2.4685873841858106,4.777777777777779,34.68397004696028,31.04137580911283,29.715065363624827,12.333417946439905,2.424165503236451,4.877777777777779,4.41232415124037,-0.46545362653740874,"Leflore County, MS",Mississippi
945,1258,2.0354316006833932,2.2211957926648287,train,26067,64064,52.94237012987013,47.05762987012987,91.08235514485514,3.27328921078921,98.78615017245954,71.65030512072168,27.13584505173786,1.2138498275404617,12.190412782956061,84.33422103861517,3.4753661784287617,30.36844856628396,47.87701601192666,21.754535421789388,49.8709812399749,35.200037194597485,14.928981565427618,15.142523753958994,24.271762923051014,15.88859280516552,14.903248271402278,5.0,24.71301932268475,74.22143762447945,35.1982618142314,6.681151548071702,18.409378960709766,49124.0,0.3977,20921.0,65.08768438045955,10.240554498505027,69.80369051126168,77.3730964467005,20.96467500468679,98.42639593908629,13.254238195988107,0.0,4.65472027972028,7.555555555555554,30.31187562437563,29.088099400599397,34.719967532467535,12.627997002997002,5.644355644355644,7.655555555555553,9.21834751009275,1.5627919545371967,"Ionia County, MI",Michigan
946,273,2.312535423847214,2.2123444186408463,train,8067,53182,50.787860554322904,49.21213944567711,88.57508179459217,0.37982776127261103,99.530111238972,73.77253548139623,25.75757575757576,0.4698887610280015,15.65427991290946,72.71081537294812,11.634904714142428,30.83488690730217,48.368185799959576,20.796927292738253,24.756288037916736,31.911455808692843,43.332256153390425,10.585805043457926,11.393495584751241,11.952125915400591,8.826209095740642,5.0,26.63374215897388,81.66225073211547,25.05461813787013,2.2219123320782783,6.349649049411982,60278.0,0.4264,31822.0,69.10825010649879,5.160782164994349,72.10366286834702,66.43069517202322,10.281037765337727,96.31884468356222,20.280753601773178,0.9344471187880504,12.457222368470536,10.0,26.853070587792875,31.73442142078147,35.087059531420415,13.532774246925651,11.045090444135234,10.1,9.137112519415618,-0.9628874805843814,"La Plata County, CO",Colorado
947,1509,2.89591193827178,2.5996200544562402,train,29065,15612,49.007173968742,50.99282603125801,96.47066359210864,0.3971304125032025,99.9163879598662,61.78929765886286,38.12709030100335,0.08361204013377926,13.701067615658364,80.13048635824437,6.168446026097272,22.79102940011095,49.1481099928679,28.06086060702116,61.5045871559633,25.477064220183486,13.018348623853214,23.83819871710957,50.70175438596492,26.57118426678068,24.92712314568893,6.0,35.67027477102415,65.23648648648647,40.50675675675676,8.716216216216216,18.66554054054054,36831.0,0.4707,19747.0,54.17687304671004,8.777673838478329,50.19736100146611,55.148048452220706,26.356152024359986,97.88021534320322,27.96887335062592,0.5720053835800807,1.3515244683576737,18.0,29.26594926979246,23.22572380220344,33.852165001281065,19.869331283627986,3.1322059953881634,18.1,13.458623519413173,-4.641376480586828,"Dent County, MO",Missouri
948,306,2.6540241312485775,2.5536415115669886,train,9009,862224,48.210093896713616,51.789906103286384,75.0124097682273,12.841094657536788,99.50238712317557,63.801391351793754,35.700995771381805,0.4976128768244442,15.369099016207798,79.67332067563784,4.957580308154366,36.86755169443253,42.35183361253518,20.7806146930323,41.088805727742745,24.9084738651436,34.002720407113664,12.98418683887516,23.7896255563571,12.676619315489779,11.282260233035748,3.0,20.137787345933603,77.17281951243451,30.5906241181739,5.071957009827377,15.501429325088642,61640.0,0.4661,32852.0,68.53919298565971,9.132341315769937,72.83670296063613,63.0404064459792,18.73108216037348,95.30999444312138,11.012326915024893,0.6954036675398905,16.385765183989314,14.111111111111107,28.487608788435487,28.940739297444743,34.4752639685279,15.24685000649483,12.14649557423593,14.211111111111109,12.853826017375875,-1.3572850937352339,"New Haven County, CT",Connecticut
949,348,2.799311792380535,2.877841187185398,train,12071,663675,48.993558594191434,51.00644140580857,84.5412287640788,8.6360040682563,99.09736478444592,58.51312815023685,40.58423663420908,0.9026352155540824,13.466061430579812,80.9488759675988,5.5850626018213845,26.0201210263117,47.28762776637313,26.692251207315177,44.62880507745531,29.36394900475909,26.00724591778561,16.096968138515415,36.82441082501197,15.728084165879395,13.892374964674994,3.0,34.56168004371861,64.3041456753618,45.36777558891263,3.7346355539524434,12.469925124956895,48537.0,0.4755,28010.0,54.42364280566899,9.853657190935296,59.70007957632468,62.33777028390943,14.349257744971599,96.25194438177569,29.06840819910545,1.1589109087238918,19.25867329641768,16.333333333333332,24.22089124948205,23.13677628357253,32.33525445436396,25.62187817832524,6.822767167664896,16.433333333333334,17.775856980001038,1.3425236466677042,"Lee County, FL",Florida
950,1104,3.1822118404966093,2.975805422494478,train,21235,35794,48.87131921551098,51.12868078448902,96.63351399675925,0.90517963904565,100.0,64.96933225321143,35.030667746788566,0.0,11.840452261306536,84.55559045226131,3.6039572864321614,27.12918325997345,47.10752462796059,25.763292112065955,61.29650605558944,22.767273677790364,15.936220266620195,26.01161154116819,55.79024034959942,29.415936376070107,20.458874705029427,5.0,24.63356101163005,63.67658276125096,41.86880244088482,12.890922959572848,29.969488939740657,31014.0,0.4754,16748.0,51.39454243931856,9.973599295981225,53.29726230114687,54.3398533007335,30.60950795412505,97.51426242868786,19.57084720680725,0.6723716381418092,1.0364865619936303,24.0,31.87964463317875,29.50215119852489,31.820975582499862,14.535955746773205,2.4613063641951163,24.1,19.605407528472917,-4.494592471527085,"Whitley County, KY",Kentucky
951,101,2.7578980068297776,2.6576198994187843,train,4013,4018143,49.429749015901116,50.570250984098884,79.58076653817447,5.2210436512588005,99.31594007477348,64.01204103176738,35.303899043006076,0.6840599252265332,13.229519126142154,79.96884015453223,6.801640719325608,33.84947987501486,44.270300388773286,21.880219736211856,36.26266821572189,33.288022830062644,30.449308954215464,16.984440757695086,32.240262527153995,16.93983401261889,10.471637992369676,1.0,26.503430579796014,78.44304195857521,27.927415810409304,3.514895481373544,12.498145603729036,54229.0,0.4645,27832.0,65.54585334945834,7.435540112593151,66.62572003068746,56.90925801667897,15.950510139924445,95.98776047980725,20.23233495358585,1.2820295951297536,30.089372130359717,15.666666666666664,32.16097585377125,30.42659258269305,30.87747250408957,13.400568372006669,15.19818981056672,15.766666666666667,14.262302953949968,-1.5043637127166996,"Maricopa County, AZ",Arizona
952,1356,1.7520942128356236,1.6680190614423245,train,27097,32962,50.552150961713494,49.447849038286506,97.19980583702446,0.5430495722346945,99.27268087278294,73.25507209391348,26.017608778869466,0.7273191272170474,14.73761348369499,82.77083418149248,2.491552334812523,25.11234469997357,56.16102110947472,18.72663419055172,49.12342524887675,33.92652629724253,16.950048453880715,11.346360978612092,14.054855448480355,12.41444953088882,11.97634151573657,6.0,31.949976103234032,77.53894547633313,34.67645296584781,4.216596764529658,10.799880167765126,50049.0,0.413,24984.0,69.26831235882543,5.572701333488616,72.89647349969066,71.20088954781319,22.184986595174266,99.33283914010376,10.734171994225614,0.0926612305411416,1.4167829621988957,5.666666666666668,30.104362599356836,24.937807171894907,34.15144712092713,17.113646016625204,2.257144590740853,5.766666666666667,5.301655135073489,-0.465011531593178,"Morrison County, MN",Minnesota
953,2407,1.86149280724273,1.5358377448126748,train,46105,2981,50.519959745052006,49.480040254947994,96.71251257967128,0.10063737001006373,100.0,77.04918032786884,22.950819672131143,0.0,19.56998683633172,79.55243527863097,0.8775778850372972,19.303925536220152,58.03318494536624,22.6628895184136,48.1216457960644,32.64758497316637,19.230769230769234,13.561643835616438,15.116279069767439,15.836653386454186,15.769754768392373,6.0,34.16280050611557,73.27718223583463,44.79326186830015,4.747320061255743,11.485451761102604,39773.0,0.4995,27174.0,66.55202063628548,4.3927648578811365,74.92447129909365,63.78539493293592,12.809667673716016,100.0,15.347432024169185,0.0,1.6101979201610197,6.333333333333332,24.924521972492453,19.087554511908763,36.43072794364308,24.01878564240188,3.186850050318683,6.433333333333332,4.645215405474636,-1.7881179278586954,"Perkins County, SD",South Dakota
954,2672,1.928295602354331,2.033582097362074,train,48313,13838,62.49458014163896,37.50541985836103,74.12198294551236,18.73825697355109,100.0,64.40754039497307,35.59245960502693,0.0,15.517005873514547,81.92869826526432,2.5542958612211444,35.190909850446985,35.759044197510235,29.050045952042776,60.27798098024873,29.093949210993838,10.628069808757443,20.153910149750413,45.639344262295076,20.185275475377864,17.483677064980828,6.0,26.18266574585636,73.06479009949042,37.10264498908032,6.964329046347974,16.622179082746907,39390.0,0.4309,15894.0,58.6342123056119,5.6964944649446485,56.573413786798326,63.603322949117356,16.310111537758278,97.40394600207684,29.76778204424941,1.3499480789200415,21.68665992195404,6.777777777777778,19.843908079202198,41.14756467697645,27.95201618731031,14.611938141349905,7.1397600809365525,6.877777777777777,7.6414096655965995,0.7636318878188222,"Madison County, TX",Texas
955,1417,3.080379747614276,2.6002171037629243,train,28045,45627,49.021412759988614,50.978587240011386,86.97920091174083,9.143708768930676,99.85459480418768,65.15122140364483,34.703373400542844,0.14540519581233036,13.920707375190196,83.03620130336175,3.043091321448052,26.126826652366272,48.03324842472181,25.83992492291192,44.94584267534026,34.03227334449111,21.021883980168628,21.639452780229483,37.326505861743705,25.049836252313828,17.70785232095345,3.0,36.139554673096015,70.21139260932709,37.67414340272175,6.782851917594535,20.39696627400355,43355.0,0.4418,22286.0,57.84249594721425,10.094404562887208,58.62043742228074,67.69407852666582,14.677053617145786,98.235068423072,29.85882525053032,0.8568870699577951,3.5877879325837774,21.66666666666667,28.95653889144586,25.2065662875052,34.871896026475554,17.312117824972056,3.877090319328468,21.766666666666673,13.466661380515289,-8.300005286151384,"Hancock County, MS",Mississippi
956,711,2.8583840824027678,2.649392031363271,train,18041,23773,49.413199848567714,50.586800151432286,96.26046355108735,2.0022714844571574,99.12264327048719,57.51353369423185,41.609109576255356,0.877356729512787,13.607331296861982,83.69341849486254,2.6992502082754792,23.16436728155841,47.537849429029094,29.29778328941249,62.40106337985621,27.798924536281795,9.800012083862002,20.55075686308048,42.687853487745755,21.665433510459405,19.06020808459833,5.0,32.238416358494675,68.42330762639246,40.25278491859469,5.494858611825193,22.086546700942588,39379.0,0.4454,20508.0,57.92790800530738,12.025195648024432,58.83020205600851,59.327140346472504,19.65260545905707,99.62339944765252,24.51612903225807,0.0,0.9843099314348208,17.333333333333332,28.73427838303958,24.532032137298614,34.85046060657048,17.965759475034698,1.7372649644554747,17.433333333333337,14.1454360491157,-3.287897284217637,"Fayette County, IN",Indiana
957,229,2.5555031730094866,2.455418955470553,train,6091,3021,49.817941079112884,50.182058920887116,96.42502482621649,0.09930486593843098,100.0,69.11447084233261,30.88552915766739,0.0,16.091954022988507,74.79191438763377,9.116131589377725,23.94957983193277,48.73949579831933,27.31092436974789,41.80698151950718,39.3429158110883,18.850102669404517,14.643931795386159,29.329608938547487,15.170842824601364,18.05416248746239,6.0,52.89288506645817,65.65495207667732,45.44728434504792,10.223642172523961,5.6709265175718855,42833.0,0.4697,29986.0,47.70569620253164,7.960199004975125,56.54334621755937,67.78242677824268,31.860850358917734,97.62900976290098,17.117614577581445,0.0,8.871234690499834,12.777777777777779,19.728566699768287,15.789473684210527,44.48857994041708,24.39589539887455,3.475670307845084,12.877777777777776,11.651313908182434,-1.2264638695953423,"Sierra County, CA",California
958,623,2.6998686753609076,2.591095695067895,train,17069,4228,51.65562913907285,48.34437086092715,96.5704824976348,0.7805108798486282,99.76442873969376,74.20494699646643,25.559481743227323,0.23557126030624265,16.24548736462094,79.09145607701564,4.663056558363418,23.74301675977653,48.435754189944134,27.821229050279328,50.90016366612111,37.250409165302784,11.849427168576105,20.655032273487926,34.88745980707396,23.98961809417872,26.52039112807059,6.0,31.87333530630364,60.22659511031604,49.016100178890866,6.7382230172927855,18.72391174716756,38838.0,0.4692,21415.0,54.00717703349282,17.663344407530452,54.90588706447738,61.74734356552538,31.11734080897077,98.93742621015349,18.46215458550261,0.2361275088547816,1.7502365184484387,14.777777777777779,27.2232734153264,22.09082308420057,37.79564806054872,20.033112582781452,2.6490066225165565,14.87777777777778,13.344384972633968,-1.5333928051438122,"Hardin County, IL",Illinois
959,2055,2.4267673628924595,2.123843970341995,train,39037,52356,49.07555963022386,50.92444036977614,97.64687905875162,0.643670257468103,99.64031589647352,73.20353428727813,26.436781609195403,0.3596841035264681,15.225554241036985,83.14901496836582,1.6254307905971914,23.888186006540785,54.90200759112936,21.209806402329853,61.69829888935752,25.97497539716013,12.326725713482356,13.260246377934456,24.574520413182487,12.560302741427623,14.04000386510774,5.0,28.20298869756505,73.76947040498443,35.37023723939612,5.708123652048888,11.76611550443326,44632.0,0.4149,22832.0,64.8577882739501,7.353756035779308,72.57026639549228,66.77451746067165,16.77724802453906,97.98058685707909,14.039942653285769,0.4797500836773402,1.3904805561922224,11.222222222222221,31.119642447856968,23.51019940407976,34.024753609901445,18.020857208342886,1.7094506837802736,11.32222222222222,8.363223762941498,-2.9589984592807212,"Darke County, OH",Ohio
960,2796,2.743703304335216,2.634885073942371,train,49053,148244,49.421899031326724,50.578100968673276,92.02126224332856,0.6340897439356736,99.10138467374807,77.69110394537178,21.41028072837633,0.8986153262518969,9.26351630805929,83.83910279223214,6.897380899708563,23.581872124216105,56.8841159018636,19.534011973920304,32.01732430844233,40.9254140640303,27.05726162752737,14.97961026876129,26.35312584900534,14.443883597419125,12.810939341704536,4.0,30.55163463086994,70.437448896157,39.65658217497956,4.061733442354865,10.656173344235489,50774.0,0.4266,22459.0,58.149051101869105,6.9367488203087735,66.80513054235303,65.73021582733813,12.855003580962302,98.21223021582732,23.99505176118237,0.07913669064748202,9.92417905615067,15.444444444444445,36.07093710369392,27.089123337200828,25.17808477914789,18.949839453873338,7.34464801273576,15.544444444444444,13.941710105309282,-1.6027343391351625,"Washington County, UT",Utah
961,2830,2.232401036136941,2.3321691841944006,train,51035,29856,50.090434083601295,49.909565916398705,97.75254555198285,0.9277867095391212,99.10698952430019,67.611196977503,31.49579254679719,0.8930104756998112,14.65683398977625,84.00234643425793,1.340819575965809,20.417513246484205,54.51974024939246,25.06274650412334,54.66982852973368,30.828164903319955,14.502006566946369,16.896807220800213,29.43016759776536,18.31683168316832,17.871323776835588,6.0,29.2375,68.9034109021358,42.34140898948039,5.076506216130062,14.79120178514504,35000.0,0.4426,21145.0,57.8782172002511,6.4786695589298615,64.70588235294117,64.03861625100564,17.36990950226244,97.79565567176188,21.544117647058826,0.0,2.934083601286174,9.222222222222221,25.29474812433012,22.19989281886388,37.041130760986064,21.16157556270096,1.319667738478028,9.32222222222222,10.300260479569362,0.9780382573471424,"Carroll County, VA",Virginia
962,2120,2.366081404553173,2.427985970304385,train,39167,61351,49.081514563739795,50.91848543626021,96.24618995615394,1.1132662874280779,98.48829648894669,70.87938881664499,27.608907672301694,1.511703511053316,15.723735655261324,81.11672337637636,3.1595409683623226,25.427958666406713,51.51686488594268,23.05517644765061,51.87758210815426,30.576776605811617,17.545641286034115,16.444922880258357,27.45181105697945,17.85803052144952,19.620315744372306,5.0,32.09710047201618,69.53798276412384,34.51165017555059,7.197574210022342,15.384615384615385,43509.0,0.4446,24013.0,57.3702622699704,6.606530759516508,67.91722655200215,68.22236237498875,20.663800053749,98.18902603838184,14.70572426766998,0.2883142625461753,1.002428648269792,10.555555555555557,26.90420694039217,25.63283402063536,35.44522501670714,18.731561017750327,2.6405437564179883,10.655555555555555,11.33602797633036,0.6804724207748052,"Washington County, OH",Ohio
963,715,2.2082744135228043,2.1929808369951944,train,18049,20527,49.96346275636966,50.03653724363034,94.63146100258196,0.9938130267452624,99.27550815053331,71.72469309720266,27.550815053330652,0.7244918494666935,15.045404063500355,82.4720716012282,2.482524335271445,23.521578596937232,53.50160401912717,22.9768173839356,58.38753484382817,28.41826888714173,13.194196269030087,14.863997630448733,27.427685950413213,14.573052190818007,16.893289979308307,6.0,29.26311728395061,73.11314831093809,38.28958935074721,6.2036920758508085,13.336682154966722,45332.0,0.4275,22807.0,62.31155778894473,6.022203602848762,71.2569316081331,61.56094709149371,17.753318769954628,98.24612686349022,15.207528146529992,0.7015492546039169,4.7839430993325855,9.0,31.18331953037463,23.66639060749257,34.84191552589273,17.255322258488818,4.374725970672773,9.1,8.961887264406274,-0.13811273559372594,"Fulton County, IN",Indiana
964,2824,2.158201375540483,1.8596745502232304,train,51023,33155,49.52194239179611,50.478057608203876,94.00995324988688,3.4564922334489516,98.95364045923559,81.23819212323791,17.715448335997678,1.0463595407644235,10.267359107520676,87.27832275437584,2.4543181381034818,20.73519302434965,60.03835160461667,19.226455371033683,43.88679245283019,29.916142557651987,26.197064989517823,8.225477357858512,13.150049685326268,7.91351979417379,13.911694946177704,3.0,32.75927760420635,76.45783319135755,38.03918531712228,3.4693719507473086,5.358940602493612,60454.0,0.4318,31160.0,64.61449721207461,4.261143843361304,86.91210680691816,69.58754614026641,9.077576615758069,99.22965816080885,7.611004349145343,0.04814636494944632,1.4085356658120949,8.555555555555555,27.43779218820691,20.147790680138744,39.88237068315488,19.131352737143718,2.5335545166641533,8.655555555555555,6.421646507887196,-2.2339090476683587,"Botetourt County, VA",Virginia
965,43,1.4891517465595983,1.3452860379015188,train,1087,20018,45.788790088919974,54.211209911080026,16.834848636227395,81.28184633829555,99.32867883995705,40.225563909774436,59.1031149301826,0.6713211600429645,20.87648840977947,74.36060029592052,4.7629112943000065,47.9607428302774,27.003996238834038,25.035260930888576,49.458891939912775,31.20659021159748,19.334517848489746,25.919713742591966,61.05769230769232,29.547527823389892,17.810086324398,6.0,26.42286416717885,66.68747658883754,39.53052815582471,9.689099762766887,30.25346485204145,30738.0,0.4664,17374.0,56.22008082064036,16.66482362047993,65.6339334002936,61.39401654996818,23.116742640809704,98.15404201145763,18.009734991887512,0.0,1.5635927665101408,4.333333333333333,29.90308722150065,33.55480067938855,31.601558597262464,16.120491557598164,1.883305025477071,4.433333333333333,3.8392845644543887,-0.594048768878944,"Macon County, AL",Alabama
966,1880,1.6072132174119893,2.33778183029958,train,36117,92416,49.478445290858716,50.52155470914127,93.14729051246536,3.4236495844875354,98.86972902477902,65.4204704632179,33.44925856156112,1.1302709752209823,13.44359869512963,83.6132890745722,2.9431122302981745,27.84659361600762,49.97088560690276,22.18252077708962,47.43749804925247,31.934517307032056,20.627984643715468,12.656825758905072,22.77192141830379,12.294469950911086,14.03925518056726,2.0,27.42588919001984,73.78550279635925,35.35475381072486,5.42274372189933,12.967430639324489,50798.0,0.4073,25609.0,64.96750350452403,7.408133908722374,74.20831337484701,68.56762065095398,18.53566803271417,99.10213243546578,11.105788848084874,0.12626262626262627,4.0296052631578965,4.888888888888889,28.949532548476462,24.061850761772853,37.50649238227147,15.956111495844874,3.4290599030470914,4.988888888888889,10.358234738741292,5.369345849852403,"Wayne County, NY",New York
967,2582,1.928295602354331,2.4576388431563574,train,48133,18328,48.99061545176779,51.00938454823222,92.90157136621565,2.8371890004364904,97.25722757598221,58.90783296268841,38.349394613293796,2.742772424017791,18.695228821811106,78.64579432252266,2.658976855666242,28.081091930951423,41.92426067175164,29.99464739729693,53.20696135305172,32.39643761745241,14.396601029495873,18.204847717197307,24.77763659466328,21.539017994393703,22.76301218161684,6.0,29.27495621716288,61.703377386196784,42.04111600587371,7.459618208516887,16.40234948604993,34888.0,0.5552,22135.0,49.68243773638764,4.524561907497843,48.52487466255303,58.52787695687998,22.984959506363285,97.19857182092831,32.423833397608945,1.180994232353749,14.79703186381493,6.777777777777778,29.561326931470973,25.054561326931466,32.01658664338717,20.820602357049324,4.261239633347883,6.877777777777777,11.677207245968178,4.799429468190401,"Eastland County, TX",Texas
968,2928,1.513905485712537,1.8904468678565076,train,51685,15625,52.60160000000001,47.3984,65.4272,12.384,99.31732580037665,74.6939736346516,24.623352165725045,0.6826741996233522,8.983035949723126,84.74993407752484,6.267029972752043,32.30025826876614,46.39673414979588,21.30300758143797,43.768935568572005,27.974146637043024,28.25691779438497,7.925377935027339,11.295060080106804,7.6551854655563965,8.320998777270095,2.0,24.70994597467009,91.55197967393606,17.827651916154984,2.096125344060978,8.807961041710774,73528.0,0.369,28164.0,73.52758834469931,4.396530956396049,66.10964526531808,62.476370510396976,5.443174044757159,97.44801512287334,32.258379751783444,0.0,35.18720000000001,4.4444444444444455,34.1952,33.8624,32.179199999999994,6.7712,22.1888,4.544444444444445,6.622327325149249,2.077882880704804,"Manassas Park city, VA",Virginia
969,2185,2.819392788437584,2.7296764392155053,train,40121,44961,50.84184070638999,49.15815929361001,72.06467827672874,3.349569627010076,98.5364875701684,63.20168404170008,35.33480352846832,1.4635124298315958,15.820503421309875,80.43743890518084,3.742057673509288,21.827383394884425,49.71139379017917,28.4612228149364,51.190665944084934,32.621377793362875,16.1879562625522,18.662308859577447,34.37371098583803,19.92890307603018,21.564801263734985,5.0,36.17106543768249,69.92867805606237,38.86216619671588,6.579311107425222,16.89058439763366,42576.0,0.4577,23311.0,58.72189778813277,5.997835832431598,59.48015873015873,63.740603898585825,17.9484126984127,98.76417378009936,27.41666666666667,0.19110714740731305,4.51057583238807,16.666666666666668,27.966459820733533,26.816574364449192,32.81733057538756,18.09345877538311,24.58575209626121,16.766666666666666,15.327926701480003,-1.438739965186663,"Pittsburg County, OK",Oklahoma
970,2010,1.8440707637960658,1.87983653901485,train,38053,9615,52.80291211648465,47.19708788351535,78.3151326053042,0.8008320332813312,99.63859775930612,68.26888326707625,31.369714492229853,0.36140224069389226,11.149511645379414,81.81818181818183,7.032306536438768,31.74080175727622,47.954420647995605,20.304777594728172,36.65534804753821,40.509337860781,22.835314091680807,13.734130731297867,25.58245774326177,12.415050555279295,9.006178657451041,6.0,30.140186915887853,80.92719352831362,20.597386434349726,1.9601742377100184,5.009334163036715,72794.0,0.4888,37045.0,70.48068416396345,2.5941422594142263,73.98608518581368,69.96625421822273,9.434922789750551,97.07536557930258,19.56558628881724,1.9122609673790776,2.7873114924596982,6.222222222222222,35.69422776911075,29.96359854394176,31.544461778471142,9.713988559542383,20.884035361414462,6.322222222222222,6.552433707378585,0.2302114851563628,"McKenzie County, ND",North Dakota
971,497,2.145281299175379,2.045302656944612,train,13237,21247,49.72466701181343,50.27533298818657,68.94149762319385,26.591989457335163,97.58917589175891,64.60024600246003,32.988929889298895,2.410824108241082,8.346085932901707,86.32725132430842,5.3266627427898765,22.79679533867444,54.80979326572917,22.393411395596384,54.515923566878975,28.000000000000004,17.484076433121018,16.4181237791224,29.310344827586203,17.589328910083626,14.96133959489588,6.0,30.29685681024447,74.60411250295441,41.16048215551879,5.554242495863862,16.910895769321673,44299.0,0.4652,25864.0,58.816268954978256,6.065753972219447,63.132587103894046,70.63308687615528,15.205738609490776,99.53789279112756,26.012927636764946,0.27726432532347506,6.640937544123876,8.444444444444445,25.03412246434791,24.210476773191512,36.02861580458418,20.61938155974961,4.4665129194709845,8.544444444444444,7.731498175453302,-0.8129462689911424,"Putnam County, GA",Georgia
972,3013,2.5555031730094866,2.5785639989657536,train,54057,27755,49.346063772293284,50.653936227706716,94.81534858584038,3.145379210952982,99.82269503546101,67.5354609929078,32.287234042553195,0.1773049645390071,21.41049671977507,76.5651358950328,2.024367385192128,34.771287214651515,42.64820762086625,22.58050516448225,62.22508369817151,24.88797321658512,12.886943085243368,16.910074875824748,26.047971306881863,18.93622946254525,21.398235870630515,4.0,28.858969128246976,64.0745672436751,38.62405681313803,8.220150909897914,10.528184642698623,31790.0,0.4482,19111.0,52.96052631578946,8.41959972394755,61.34874300011914,48.471187769502144,22.048135350887648,98.27518620148962,20.832836887882767,1.2152097216777733,0.8611061070077465,12.777777777777779,27.36443883984868,25.872815708881284,34.64600972797694,18.958746171860927,2.0392722032066297,12.877777777777776,13.178200656003662,0.300422878225886,"Mineral County, WV",West Virginia
973,1720,2.0208114572284313,1.5662818776169447,train,31145,10946,50.06395030148,49.93604969852001,97.17705097752605,1.4251781472684086,98.0899323517708,76.95980899323519,21.130123358535613,1.9100676482292085,17.979345526937912,78.72340425531915,3.2972502177429392,23.263419034731626,57.645466847090674,19.091114118177718,43.038831010688675,39.291029630631854,17.670139358679474,10.594143845352033,19.16826003824092,9.764401470788506,15.011698642957413,6.0,28.152805789536124,74.50010750376264,36.59428079982799,4.4721565254783915,8.256288970113951,42931.0,0.4085,23387.0,70.5435847208619,3.8528288788615055,77.30943152454779,77.07489878542509,11.401808785529717,99.03846153846158,14.518733850129195,0.0,4.841951397770875,7.444444444444445,29.95614836469944,25.24209756988855,32.97094829161337,18.792252877763566,1.3977708752055549,7.544444444444446,4.788809670994465,-2.755634773449981,"Red Willow County, NE",Nebraska
974,2391,0.9766538816012459,0.6888049275076777,train,46073,2031,47.365829640571135,52.634170359428865,98.3751846381093,0.0,100.0,69.8989898989899,30.101010101010104,0.0,15.183946488294316,81.60535117056857,3.2107023411371234,18.6641697877653,60.42446941323346,20.91136079900125,51.966873706004144,32.022084195997245,16.011042097998622,8.938547486033519,8.715596330275227,10.16949152542373,11.708542713567839,6.0,26.3671875,78.56315179606025,36.15295480880648,5.330243337195829,6.488991888760139,53125.0,0.5068,34277.0,68.29431438127091,0.8814887365328109,82.85449490268768,62.98076923076921,8.433734939759036,98.55769230769228,10.93605189990732,0.0,2.5110782865583454,2.5555555555555562,29.345150172328896,18.709995076317085,34.4165435745938,22.501230920728702,1.6248153618906942,2.6555555555555563,1.9913343217953412,-0.6642212337602151,"Jerauld County, SD",South Dakota
975,1784,2.6998686753609076,2.3522992338198287,train,34033,65120,48.607186732186726,51.39281326781328,80.25184275184273,14.024877149877147,99.20104690405675,60.100557889661815,39.10048901439493,0.7989530959432467,13.103827809710165,83.54938649056297,3.346785699726877,31.01496690734055,46.85807761732852,22.126955475330924,52.16763326889318,27.518165455636286,20.314201275470527,13.492275115677204,30.331667423898228,11.923529944731355,15.27656113127268,2.0,29.932228915662645,74.4485973631248,36.19337084651087,5.967881053107159,12.753111266275106,61831.0,0.4296,29712.0,65.38321389529939,10.319524428757198,73.18050698184975,67.52078239608802,16.817706073060528,98.20048899755501,13.904985576800346,0.5965770171149144,7.696560196560197,14.777777777777779,28.972665847665855,25.09981572481573,35.88605651105651,16.54176904176904,5.723280098280097,14.87777777777778,10.50970623836998,-4.368071539407801,"Salem County, NJ",New Jersey
976,538,2.3968846612924475,1.972751265465466,train,13319,9386,48.78542510121457,51.21457489878543,59.56744086937993,37.81163434903047,99.36392548841437,56.15629259427533,43.207632894139024,0.6360745115856429,13.92619821857769,84.20754983740987,1.8662519440124417,31.97521097046414,41.139240506329116,26.885548523206754,69.9656571963784,22.588198563846394,7.446144239775213,17.68575434055861,35.41795665634674,17.74675972083749,16.840745127597717,6.0,22.212943632567853,63.96015695744038,43.525505584062785,5.584062782976153,14.518563235738,38485.0,0.4165,18037.0,49.745977984758674,6.950354609929079,66.02099927588704,52.9449423815621,19.84069514844316,95.90268886043532,19.207096307023896,0.06402048655569782,2.5889622842531432,10.888888888888893,30.375026635414446,23.684210526315788,35.563605369699545,17.302365224802898,2.620924781589602,10.988888888888894,7.190432086919479,-3.798456801969415,"Wilkinson County, GA",Georgia
977,1315,1.296248080435107,1.1961196994367695,train,27015,25391,49.702650545468856,50.297349454531144,97.36914654798944,0.4489779843251546,97.5159817351598,71.26940639269407,26.246575342465768,2.484018264840183,17.27558803136167,79.98293242306256,2.741479545575764,27.08443208515127,53.895574627223475,19.019993287625255,46.99948415200321,31.6845302917407,21.315985556256088,7.810430463576161,8.850289495450788,8.367265011183116,10.391632400495027,5.0,30.465571794485456,76.4022848581328,36.05206480007491,3.2774604363704465,8.100009364172674,52598.0,0.4216,28018.0,70.01992540744904,3.0426851514045965,83.56734968088679,77.3037542662116,12.079274437353039,98.93344709897612,7.947598253275109,0.042662116040955635,3.745421606080895,3.5555555555555562,28.388011500137843,25.10338308849592,33.633964790673865,19.68020164625261,2.1818754676854,3.6555555555555563,3.3072588339292786,-0.3482967216262778,"Brown County, MN",Minnesota
978,1048,2.0354316006833932,2.311717993690877,train,21123,14149,49.11301152024878,50.88698847975122,92.4446957382147,3.4984804579828963,99.07702100572884,58.84786760025461,40.22915340547422,0.9229789942711648,12.356723511322338,85.19243313763863,2.4508433510390457,26.407113259668503,48.34254143646409,25.250345303867405,60.105949470252654,29.57416462917685,10.319885900570496,17.775850856275742,40.40723981900452,17.090195223034133,21.078820220667765,4.0,38.91270637599197,68.52477477477478,37.98798798798799,9.346846846846848,19.707207207207208,38578.0,0.4368,20570.0,58.64801864801865,9.459459459459461,59.408855393311356,71.02552619794001,29.48657560056524,98.43260188087774,16.109279321714553,0.4030452306314376,3.003745847763093,7.555555555555554,29.18227436567955,25.803943741607174,35.10495441373949,16.651353452540814,4.056823803802389,7.655555555555553,10.091747328871653,2.4361917733161,"Larue County, KY",Kentucky
979,1194,2.1959892467282267,1.954382779155284,train,24017,152754,48.26780313445146,51.73219686554854,48.40069654477135,42.2457022402032,99.7662823309442,67.27952633219071,32.48675599875351,0.23371766905578065,10.686853043532436,85.23136898881205,4.081777967655516,32.98348485221776,47.2919592336183,19.724555914163933,39.89197607899124,32.740632768587204,27.367391152421554,7.894405283714515,12.637881200967383,7.2576958244437675,8.44101348111046,2.0,41.787732220384996,85.00686464426097,22.472776513512997,3.5357619755129672,9.653758627823438,90607.0,0.3835,36809.0,72.45021365798597,5.9054826025669565,85.46503123889923,75.82479733551185,12.918695279687405,95.63878589832213,7.110767494828344,0.5907119964808647,5.008706809641647,8.888888888888891,32.80568757610275,27.735443916362254,36.40362936486115,10.644565772418396,9.353601215025463,8.988888888888889,7.059560370898451,-1.929328517990438,"Charles County, MD",Maryland
980,600,2.4267673628924595,2.133876692538287,train,17023,16159,48.443591806423655,51.55640819357632,97.27705922396187,0.3156135899498731,99.08896034297965,68.0064308681672,31.082529474812432,0.9110396570203644,13.91439816333224,84.48671695637914,1.598884880288619,20.479352721166325,55.19425998015419,24.32638729867949,48.06167008288032,33.873986275732996,18.06434364138668,14.851173620288213,31.261101243339247,13.811123553564766,15.05524861878453,6.0,35.22169469703066,73.35640138408304,34.51180983902513,3.4902963743041973,13.946141116293065,50517.0,0.4317,25744.0,64.86552968186291,7.773985589685247,69.73151502237374,68.0071174377224,22.032814830598763,97.61565836298931,13.168548902620925,0.0,1.3676588897827835,11.222222222222221,29.395383377684258,23.373971161581782,35.02073148090848,18.509808775295504,2.4073271860882484,11.32222222222222,8.447551977052798,-2.874670245169421,"Clark County, IL",Illinois
981,1517,2.4169053500233435,2.0052298454488113,train,29081,8722,50.20637468470535,49.793625315294655,97.385920660399,0.8484292593441871,99.30167597765363,70.39106145251397,28.91061452513967,0.6983240223463687,16.151529560944685,82.65969250277381,1.1887779362815023,19.747899159663863,57.91075050709939,22.341350333236747,65.11433817392755,22.633950926389584,12.251710899682855,17.46442432082794,34.818586887332906,17.220488342206718,19.329896907216497,6.0,32.82605387307868,75.04196978175713,39.75937325125909,5.008393956351427,14.241745942921098,39301.0,0.4101,19906.0,61.237274862960064,5.626598465473147,66.87379472894793,67.34575087310827,18.320119991429184,99.35972060535507,19.45575316048853,0.0,1.9490942444393489,11.111111111111107,30.40587021325384,22.62095849575785,31.747305663838574,20.96996101811511,1.7656500802568218,11.211111111111107,7.427800946813768,-3.7833101642973386,"Harrison County, MO",Missouri
982,2457,2.8455551700866035,2.9524299460037353,train,47073,56595,48.912448096121565,51.08755190387844,96.2187472391554,1.3976499690785404,99.84229747675964,63.612217795484725,36.2300796812749,0.15770252324037184,14.634257259146409,82.86909661429318,2.4966461265604045,22.034188399905855,50.95312466571104,27.01268693438309,63.22092734936772,24.22762211753037,12.551450533101908,19.109844410984444,40.93567251461988,19.67726134755633,22.21785924643476,3.0,31.025658293487787,66.57745931713212,42.590754089869215,7.389821729183753,22.36802348167652,36927.0,0.4388,20338.0,54.469178471543216,9.496973491964098,63.45756305002658,58.23860828308786,23.687319118776212,98.89295245626171,18.15013879865336,0.29653059207274884,1.32520540683806,17.11111111111111,27.14197367258592,23.71587596077392,36.57920310981536,18.41682127396413,2.3836027917660565,17.211111111111112,19.152436616723634,1.9413255056125216,"Hawkins County, TN",Tennessee
983,2247,2.48398029492787,2.3696468633631813,train,42019,185689,49.344872340310964,50.655127659689036,96.3261151710656,1.1637738368993316,99.35404490925869,77.87347482825797,21.480570081000717,0.6459550907413103,13.819253967241464,82.46192227821365,3.7188237545448746,26.998667230114087,54.53759386275721,18.463738907128693,41.85503751960989,25.837912194066416,32.307050286323694,9.053399808117836,12.029727306902634,9.400137544141623,11.922134494963244,2.0,29.576164555923306,76.72941618776518,32.978409151941555,4.213437886030399,9.47150759976368,60934.0,0.4404,32301.0,66.55740199027683,5.730227338847097,83.35898974613197,74.65734926743637,11.215766083091989,98.10276146107624,8.782320557309468,0.0,1.2677110652758106,11.888888888888893,28.37971016053724,25.367684677067572,36.97149534975145,16.45816391924131,2.5101109920350693,11.988888888888894,10.693615309910346,-1.2952735789785486,"Butler County, PA",Pennsylvania
984,3090,1.86149280724273,1.8820952328581158,train,55099,13800,50.42753623188406,49.57246376811594,96.77536231884058,0.3478260869565217,99.3355481727575,67.89867109634552,31.436877076411964,0.6644518272425249,18.166368515205725,80.46511627906978,1.3685152057245082,19.97978436657682,59.0717654986523,20.94845013477089,51.659438053931744,31.783895907976607,16.556666038091645,13.69762132704912,23.471502590673577,14.373276126264171,15.172008232872686,6.0,35.8936095505618,72.19402985074628,39.2089552238806,6.1940298507462686,17.432835820895527,43137.0,0.4034,25055.0,61.41479099678456,4.5956951716114025,70.70149619818494,68.21170282708744,22.9457934755948,99.17817225509529,10.473387294579348,0.09861932938856016,1.4637681159420288,6.333333333333332,22.77536231884058,18.920289855072465,40.5,23.130434782608692,2.8768115942028984,6.433333333333332,6.567250375911665,0.13391704257833315,"Price County, WI",Wisconsin
985,3134,2.145281299175379,2.168661296336267,train,56045,7152,51.663870246085004,48.336129753915,94.72874720357945,0.20973154362416108,97.74193548387095,73.48387096774194,24.258064516129032,2.258064516129032,18.730886850152906,78.78440366972477,2.484709480122324,21.57669237360754,54.447300771208226,23.976006855184234,44.15381612336521,37.73179777474136,18.114386101893427,14.133962820891115,38.15907059874888,11.295469049138482,13.255676791506927,6.0,38.289896465548026,74.44742129939719,33.221701272605486,4.353650368385799,9.544541192230408,57738.0,0.4216,30245.0,66.59021406727828,5.223880597014925,75.86206896551724,60.116569525395505,11.634830066980898,95.7535387177352,16.348300669808978,0.0,3.2718120805369133,8.444444444444445,26.64988814317673,24.958053691275172,35.57046979865772,17.799217002237135,5.061521252796421,8.544444444444444,8.746567138287448,0.20212269384300363,"Weston County, WY",Wyoming
986,2821,1.5846897427449065,1.5972053794139935,train,51017,4583,48.723543530438576,51.276456469561424,94.04320314204668,3.425703687540912,96.47435897435898,65.7051282051282,30.76923076923077,3.5256410256410247,21.34231957315361,78.65768042684637,0.0,18.91050583657588,53.878080415045396,27.211413748378728,50.950570342205324,27.2301842644048,21.819245393389878,7.731729055258467,3.555045871559633,9.666564698684613,14.620659146206592,6.0,35.04250068549493,73.20596458527494,34.529356943150056,5.405405405405406,7.688723205964585,43646.0,0.5099,32166.0,67.75453277545328,6.051873198847263,69.88461538461539,74.61928934010153,10.384615384615383,100.0,23.038461538461537,0.0,3.4693432249618166,4.777777777777779,25.81278638446432,17.56491381191359,39.45014182849662,22.561640846607023,2.5310931704123942,4.877777777777779,4.93920990136849,0.06143212359071093,"Bath County, VA",Virginia
987,1109,2.232401036136941,2.2576357807308636,train,22005,114738,49.545922013631056,50.45407798636895,74.24044344506616,21.883769980302947,99.29452161698143,65.34727641641955,33.94724520056189,0.7054783830185735,9.988769805424672,86.89363052659847,3.1175996679768563,28.280095487097874,52.89871547118336,18.821189041718767,46.47733478973239,27.51501911523758,26.00764609503004,11.826945064996742,18.4274449717852,11.587655799270667,11.456037926342127,3.0,21.833706776479133,82.92196459735726,23.37571677885814,4.308152580403889,10.832710047369735,70551.0,0.4041,29269.0,71.13594723341883,6.0371915726574965,76.56311944271394,53.86052303860525,10.07390836495441,96.08610567514677,16.298068754601573,0.5515032912293186,4.9957294008959545,9.222222222222221,34.94570238281999,29.712911154107623,32.408617894681804,9.958339869964618,3.8757865746308986,9.32222222222222,9.56045940409975,0.2382371818775315,"Ascension Parish, LA",Louisiana
988,1575,1.7326383462202575,1.6328381016877007,train,29199,4873,49.70244202749846,50.29755797250154,98.80976810999384,0.9029345372460496,97.91066282420748,70.2449567723343,27.665706051873197,2.0893371757925068,15.014749262536874,81.94690265486727,3.0383480825958697,22.611036339165544,52.16689098250337,25.222072678331088,60.68898905344494,24.46877012234385,14.842240824211204,15.571672354948804,24.44870565675935,16.295025728987994,15.383005441607366,6.0,26.771879483500715,76.49918962722853,36.52079956780119,5.942733657482443,13.344138303619664,39772.0,0.4668,20859.0,64.86725663716814,3.638017280582083,51.98289269051322,67.35941320293398,14.968895800933128,95.35452322738386,36.003110419906676,4.156479217603913,1.1286681715575622,5.5555555555555545,34.08577878103838,23.00430946029141,30.043094602914014,18.46911553457829,0.2872973527601067,5.655555555555554,5.118380608848244,-0.5371749467073101,"Scotland County, MO",Missouri
989,580,2.0059743897979634,2.105874089784468,train,16071,4245,51.42520612485277,48.57479387514723,96.91401648998821,0.0,100.0,84.97061293031066,15.029387069689335,0.0,15.028136378682554,84.17742469381,0.7944389275074478,22.967980295566502,59.48275862068966,17.54926108374385,44.86748786860768,41.06009705113848,14.072415080253824,14.6011396011396,31.023102310231014,12.388392857142858,14.743589743589745,6.0,33.69351669941061,68.52085967130215,36.97850821744628,7.332490518331228,8.533501896333755,41338.0,0.4048,20089.0,59.71532605097649,6.929046563192903,74.75512021371327,76.12903225806451,15.49421193232413,96.90322580645164,16.78539626001781,0.0,3.510011778563015,7.333333333333332,35.477031802120145,22.850412249705528,30.200235571260308,18.89281507656066,3.0859835100117783,7.433333333333334,8.214279890658835,0.7809465573255014,"Oneida County, ID",Idaho
990,1983,2.926143986747276,2.528145520668401,train,37199,17604,48.63099295614633,51.36900704385366,96.52919790956601,1.1758691206543967,99.37777777777778,74.34074074074074,25.037037037037035,0.6222222222222222,13.513897774934245,83.5003909859956,2.9857112390701643,19.5067717808773,57.024459268243376,23.468768950879326,50.76259436142351,29.979972269295946,19.257433369280538,21.68045026418562,52.40274599542335,22.96542088718128,19.476644095030416,6.0,25.748713973645266,65.85760517799353,43.00161812297736,6.351132686084143,18.109492988133766,37484.0,0.4373,20798.0,54.74343463098712,11.024440977639106,60.520864160994385,58.993357179356146,17.14511196606491,99.591211037302,25.579560027621582,0.4087889626980072,4.714837536923427,18.555555555555557,24.59668257214269,21.404226312201775,36.62803908202681,22.756191774596683,2.2949329697795955,18.655555555555562,12.530247492002308,-6.125308063553254,"Yancey County, NC",North Carolina
991,2491,2.5726122302071057,2.530721900180641,train,47141,73810,49.18439235875898,50.81560764124102,94.21758569299551,2.4102425145644224,99.84564923789313,66.51874718631423,33.32690205157888,0.1543507621068879,14.873888586463439,77.59208855017238,7.5340228633641795,31.055502612467556,46.34254543064638,22.601951956886072,53.97379912663757,22.7351155607626,23.29108531259985,25.23172716337649,46.67365611894778,30.543419219233407,14.428896130569324,5.0,20.86256706562113,70.69075737693886,34.238417280710614,5.55163016049258,13.754584300662833,35343.0,0.5234,21835.0,56.876696124138896,8.383544884538919,64.25362819626814,59.660107334525925,17.940134761575674,97.47763864042936,20.82757429163787,0.29516994633273697,5.6889310391545855,13.0,28.856523506299965,32.941335862349284,30.239804904484487,15.668608589622007,3.3721717924400485,13.099999999999998,12.562571786869523,-0.5374282131304753,"Putnam County, TN",Tennessee
992,2157,2.2082744135228043,2.269607515196367,train,40065,26056,49.458857844642324,50.541142155357676,72.54375191894381,7.599017500767577,98.07778274474742,65.60870213082997,32.46908061391745,1.9222172552525705,16.27482555018787,79.23778851315083,4.4873859366612985,25.352668442339944,48.12567820854296,26.52165334911711,44.90807934204161,35.41364296081277,19.67827769714562,17.041288059939422,26.895058082299666,18.491453263010737,15.1676206050695,5.0,54.790666887307616,75.13698630136987,28.36594911937378,5.8708414872798445,17.397260273972602,41560.0,0.4495,21923.0,62.598647125140936,7.375056280954525,64.0621732766432,71.2348953728264,16.12183731790618,98.64426760978485,24.499895448525823,0.6483937518420276,22.371046975744548,9.0,31.992631255756837,30.499692968989873,30.127417869204788,13.56309487258213,19.85723058028861,9.1,9.675602541775882,0.5756025417758828,"Jackson County, OK",Oklahoma
993,1284,2.6695403463403347,2.596920137266105,train,26119,9401,51.0371237102436,48.9628762897564,97.05350494628232,0.3616636528028933,98.75862068965515,61.10344827586207,37.6551724137931,1.2413793103448276,15.893017873215893,79.36222193647936,4.744760190304745,19.531723886934373,49.326701443649156,31.14157466941647,56.42330877427997,32.873409243134624,10.703281982585398,16.91477885652643,29.14027149321268,18.887373048355318,25.12649370222844,6.0,46.055115137787844,54.05405405405406,55.773955773955784,8.550368550368551,19.803439803439804,36250.0,0.4032,20771.0,43.959688735808136,15.786419036564133,54.836852207293646,79.3837961201978,29.86564299424184,99.65766451122101,21.036468330134355,0.0,1.2126369535155834,14.333333333333336,19.912775236676946,15.477076906712053,40.43186895011169,28.66716306775875,2.584831400914796,14.433333333333335,13.422335359973987,-1.0109979733593484,"Montmorency County, MI",Michigan
994,3104,2.2082744135228043,1.9349985903500742,train,55127,103039,49.90343462184222,50.09656537815778,93.52089985345354,1.0122380846087404,99.0417283735517,69.89284780904259,29.148880564509106,0.9582716264482968,13.612341649180074,79.4629672806404,6.924691070179527,31.25037089786956,49.66945581864578,19.080173283484665,41.67683380449338,31.47894658532957,26.84421961017705,13.488478986390614,20.051180892466814,14.358172864262336,11.504978774184716,5.0,24.062828010196434,79.51472962066183,31.86541565778854,4.194410815173527,11.894673123486685,53445.0,0.4373,27410.0,69.42716940194013,6.986209277395207,76.38934051810905,69.28940920228696,14.210061782877318,98.20991015518648,13.01466375559375,0.21099918322896816,10.896844883975973,9.0,29.870243305932703,29.29473306223857,33.680451091334355,14.727433301953628,5.466862061937713,9.1,6.924034294906967,-2.1759657050930326,"Walworth County, WI",Wisconsin
995,261,2.6540241312485775,2.4302066291042372,train,8041,655024,50.31113363785144,49.68886636214857,80.25064730452624,6.03916803048438,99.43460552119477,70.84567808115854,28.5889274400362,0.5653944788052496,13.214821523414937,80.95805392915108,5.827124547433995,28.48213611665483,51.26161195971359,20.256251923631588,27.225335403786612,36.909848477541686,35.864816118671705,11.773982469189267,18.456494836407842,11.679785693736351,11.723098218777338,3.0,55.13081439500783,82.2950258268885,24.102785716324142,3.637371731889583,10.624289098076947,58206.0,0.4409,29659.0,68.24219363622083,8.001048646989615,73.55819381758467,68.3597928277881,16.80463319665782,96.91352812024996,15.075446949588425,0.4616337330405901,15.982009819487526,14.111111111111107,32.485374581694714,32.55254769290896,31.04954932949021,11.048755465448597,13.710184664989375,14.211111111111109,11.361229398134553,-2.849881712976556,"El Paso County, CO",Colorado
996,3004,3.0545251533954825,2.954649283481671,train,54039,190781,48.149448844486606,51.850551155513394,88.72214738364931,4.4758125809173865,98.89146090534979,59.40072016460906,39.49074074074074,1.1085390946502058,17.947441030990273,78.93401527642249,3.1185436925872336,26.907485982724648,46.160403091377475,26.93211092589787,49.101327517819776,25.836102044699444,25.062570437480787,15.848192848224866,32.94984533036738,15.683066042125509,19.5169301897472,4.0,30.321074600882312,72.50942249240124,38.547112462006076,6.52887537993921,15.573252279635255,45882.0,0.4702,27642.0,60.03105652153629,6.8830765131666585,67.37684339962598,71.71999271446784,21.67590323379473,98.19379515512112,15.709564757017086,0.3460627770020035,1.050419066888212,21.11111111111111,26.097986696788464,26.255235060095085,35.57534555327837,17.70092409621503,6.802040035433298,21.21111111111111,19.194989539282776,-2.0161215718283323,"Kanawha County, WV",West Virginia
997,2053,2.538096293116917,2.308319367049486,train,39033,42725,48.702165008777065,51.297834991222935,96.81685196021064,0.7091866588648332,99.33726067746687,67.39953713444139,31.93772354302546,0.6627393225331369,15.890025105627336,81.31161594513502,2.7983589492376457,23.786921339318905,53.552740685671814,22.660337975009288,57.250653967402236,30.12945200885372,12.619894023744047,16.428946238610887,34.645669291338585,16.011355571327186,16.009385220647484,5.0,32.06831119544592,69.87301944038656,37.42555343297,5.2196876053489145,16.327677267108665,40795.0,0.4363,22499.0,59.45350509470334,8.239835306227484,70.80397761584604,69.63784748788574,19.01847900479085,98.80132619229788,14.779177905712787,0.0,1.3902867173785838,12.555555555555555,28.58981860737273,24.423639555295495,34.27501462843768,19.035693387946168,2.4739613809245182,12.655555555555553,10.057507464756508,-2.598048090799045,"Crawford County, OH",Ohio
998,2018,1.3261904370501851,1.3359015671968233,train,38069,4395,50.51194539249146,49.48805460750854,96.63253697383392,0.5233219567690558,100.0,68.83720930232559,31.16279069767442,0.0,19.766746411483254,79.48564593301434,0.7476076555023924,22.158781946710167,55.30179445350733,22.539423599782484,47.27954971857412,37.5234521575985,15.196998123827393,16.48430066603235,33.95638629283489,16.556291390728482,10.632730732635585,6.0,32.758132956152764,73.6868186323092,38.453914767096144,2.2299306243805748,7.284440039643211,42563.0,0.4162,25029.0,64.53349282296651,0.9267840593141796,81.89836203275934,73.62409138110073,6.551868962620747,97.81931464174455,14.153716925661485,0.9345794392523364,1.0693970420932877,3.6666666666666665,23.617747440273035,21.888509670079635,34.78953356086462,23.754266211604094,2.8441410693970424,3.7666666666666666,3.803423442939675,0.03675677627300855,"Pierce County, ND",North Dakota
999,1941,2.2082744135228043,2.370852573668633,train,37115,21027,49.75032101583678,50.24967898416322,95.7625909544871,1.9451181813858367,99.0,68.58974358974359,30.41025641025641,1.0,14.54534099425431,81.87609293030226,3.5785660754434168,23.74838818186915,52.738689241464385,23.51292257666648,50.25899764547596,28.032290615539857,21.70871173898419,18.09628665799219,32.57023933402706,19.854631758510717,15.480427046263348,3.0,27.795303189624953,69.88165680473371,41.82248520710059,6.899408284023669,16.520710059171602,37904.0,0.4437,21076.0,56.27257119175893,7.343503419253025,66.70543537256727,59.11367050575864,19.33007676203768,98.4727090635954,18.36085911452276,0.0,2.3588719265705995,9.0,25.852475388785855,25.833452228087697,35.78732106339468,19.788842916250534,2.292290864127075,9.1,10.706516488070857,1.6065164880708576,"Madison County, NC",North Carolina
1000,695,2.7718940365571028,2.3840028685900077,train,18009,12476,49.33472266752164,50.665277332478354,97.44309073420969,0.5771080474511061,96.77769732078205,57.892831281679925,38.8848660391021,3.222302679217958,15.321735485223224,82.78138754977992,1.8968769649968558,22.658993367147872,53.49200156067109,23.84900507218104,63.96612884769426,25.90685433115917,10.127016821146583,14.010219218724243,25.09652509652509,14.111456589332695,20.871261378413525,6.0,30.697961704756022,69.77811782708493,41.98546289211936,6.1400153022188215,19.491201224177505,38190.0,0.4231,20534.0,59.683504506392794,9.499561018437227,65.86893001252261,64.84076433121018,16.975093919577013,98.89596602972401,20.884931125643533,0.0,1.4187239499839692,15.888888888888893,28.76723308752805,23.076306508496323,35.339852516832316,19.445335043283105,1.9798012183392115,15.988888888888889,10.848240149086195,-5.140648739802694,"Blackford County, IN",Indiana
1001,123,2.465270675271141,2.4036620186099755,train,5029,21110,49.00994789199432,50.99005210800568,85.40975840833728,12.036949313121744,99.62616822429906,58.836967808930424,40.78920041536864,0.3738317757009346,14.327631414658509,82.87551504557374,2.7968535397677607,22.82952548330404,50.72642062097247,26.444053895723485,57.81260788510668,25.712904784920248,16.474487329973073,22.573222760174488,53.99869960988296,23.309880697461,19.887259351263555,6.0,27.156687426774372,68.52427648887826,42.50179382922746,9.447500597943076,18.213346089452287,37732.0,0.4685,21897.0,55.52798113909915,7.82122905027933,63.704600484261505,55.981759656652365,20.976594027441486,99.43669527896995,19.096045197740114,0.0,3.8749407863571768,11.666666666666664,29.332070108953104,26.14400757934628,32.624348649928955,18.081477972524873,2.553292278540976,11.766666666666662,11.063617460487878,-0.7030492061787843,"Conway County, AR",Arkansas
1002,2469,2.4169053500233435,2.279006973869155,train,47097,27427,52.1238195938309,47.87618040616911,61.85875232435192,35.09315637875087,99.496142339789,44.402456306093534,55.09368603369548,0.5038576602109904,14.743554504974988,82.70573360452971,2.5507118904953,33.9985551742821,37.31262416471015,28.68882066100777,69.00130406433385,21.93001521408389,9.068680721582263,26.65578453376861,54.65259022833292,30.97841726618705,22.950686158732747,6.0,21.821028658189405,68.4795918367347,34.09183673469388,10.06122448979592,29.97959183673469,30281.0,0.4604,15769.0,57.497528287377776,13.269010317157052,50.6004366812227,58.140845070422536,28.78684497816593,97.9718309859155,24.181222707423572,0.0,2.2641922193459,11.111111111111107,29.51471178036242,30.506435264520363,32.9784518904729,13.359098698362928,3.0480912968972182,11.211111111111107,9.766976729210784,-1.444134381900323,"Lauderdale County, TN",Tennessee
1003,2069,2.334299068483573,2.234420632346011,train,39065,31736,49.75107133854298,50.24892866145702,96.15263423241743,0.9484497101083944,99.08045977011494,73.65787694388099,25.422582826233945,0.9195402298850576,14.747318669332847,81.30339938193056,3.949281948736593,30.894562463457408,47.522900019489384,21.582537517053204,60.03519304419832,26.446537625504607,13.51826933029707,18.675600299299365,35.38804307463795,19.35222672064777,13.979449448179624,6.0,24.522253729503145,74.37608318890815,33.33622183708839,5.909878682842287,14.445407279029462,42703.0,0.4175,20332.0,61.8923287330598,9.528592473550287,69.45559904437553,67.93087971274686,18.543181009505414,97.12746858168761,14.700350734509227,1.6606822262118492,1.4904209730274767,10.222222222222221,32.272498109402584,32.22838416939753,29.962818250567175,14.481976304512227,2.898916057474162,10.32222222222222,9.341068371282173,-0.9811538509400464,"Hardin County, OH",Ohio
1004,1166,2.3555991282796627,2.3136150041391703,train,22119,40617,48.55602333998079,51.44397666001921,63.562055297043116,34.32552871950168,99.73390101117614,51.335816923895685,48.398084087280466,0.2660989888238425,17.620152469340404,79.3536625787206,3.0261849519390123,30.930253816386852,41.71973551905908,27.35001066455407,60.29857204673301,25.7103706908986,13.991057262368386,23.564336424041837,54.063018242122716,25.045409511228534,19.18222356586804,3.0,29.693621941036678,67.66254360926102,37.15191880748493,9.134157944814463,19.708214398985085,33681.0,0.4794,20248.0,54.25430052497772,7.272395326192795,55.131438341525964,63.62449216482878,20.512930113272066,95.16831108531628,28.26244924129088,0.3047011027278003,1.7849668857867391,10.444444444444443,29.556589605337656,25.76999778417904,33.32840928675185,17.684713297387788,2.112415983455204,10.544444444444443,10.110909648810091,-0.43353479563435116,"Webster Parish, LA",Louisiana
1005,2523,1.7711787615280343,1.871266887330849,train,48015,28886,49.802672574949796,50.19732742505021,84.75732188603476,8.838191511458838,100.0,75.73198198198196,24.268018018018022,0.0,13.245063879210221,84.78513356562138,1.9698025551684089,23.371664135387288,57.38771967888914,19.240616185723574,45.92443272858841,34.015609655243715,20.05995761616788,11.502010841056128,23.69435681738521,9.88265306122449,12.366886631053386,2.0,24.791906185329967,76.61714078637434,33.60210183004168,3.614785287189709,10.309838738901977,53687.0,0.4464,27658.0,65.45479871848447,5.816840462509754,71.32295951827342,66.79261125104954,8.257318309187385,97.14525608732157,23.15030107911525,0.08396305625524769,25.36522883057536,5.777777777777778,31.52045973828152,24.23665443467424,34.00955480163401,17.032472478017034,6.404486602506405,5.877777777777778,6.49652154886254,0.6187437710847616,"Austin County, TX",Texas
1006,2094,2.158201375540483,2.438431266350099,train,39115,14913,49.7619526587541,50.2380473412459,93.20726882585664,3.5405351036008845,98.82388419782872,72.37635705669481,26.447527141133897,1.1761158021712907,13.494567122327375,84.65650192779529,1.8489309498773217,21.66380648851843,57.21990683991174,21.116286671569828,60.844180704441044,28.03407350689127,11.121745788667688,21.36969363923616,45.34937528921794,22.948524660779672,19.151103565365023,6.0,31.141599792907066,67.43464052287582,38.447712418300654,8.856209150326796,19.313725490196077,37067.0,0.4338,20180.0,53.75580681917785,8.918962987118865,58.09935205183585,71.55436447166922,24.826645447311574,99.50229709035222,20.654768671137887,0.03828483920367535,0.7510225977335211,8.555555555555555,28.89425333601556,23.161000469389123,35.96191242540065,18.641453765171324,3.2521960705424795,8.655555555555555,11.455056707483715,2.79950115192816,"Morgan County, OH",Ohio
1007,1588,2.312535423847214,2.3863964990772706,train,29225,36690,50.94303624965932,49.05696375034069,95.35568274734258,1.3382393022621968,99.48989797959592,76.4752950590118,23.01460292058412,0.5101020204040808,10.582625886731014,87.20393844245457,2.213435670814436,22.57689871190259,56.0779897233758,21.345111564721613,54.75401585370968,29.459380111563142,15.786604034727173,18.91557803062228,39.4376248929489,18.16434846266472,14.341150195421553,3.0,28.252230636574946,74.10166860690725,35.801319363601095,6.550252231276678,16.119518820333724,44451.0,0.4178,19956.0,59.035444509006396,5.9186351706036735,65.89946070878274,56.27105211016446,15.74537750385208,99.34614622548048,22.84283513097073,0.27739251040221913,1.8588171163804847,10.0,34.36903788498228,24.919596620332516,33.480512401199235,14.330880348868902,3.306077950395203,10.1,10.874237929567395,0.7742379295673949,"Webster County, MO",Missouri
1008,1481,2.2789752273549118,2.3792184382853385,train,29009,35726,50.11756143984773,49.88243856015227,92.37809998320552,0.17634215977159493,98.06991988346687,68.09905316824471,29.97086671522214,1.9300801165331392,12.194044683278735,83.061577533218,4.744377783503258,22.51758378154737,53.571921114329065,23.91049510412357,59.72289742343219,26.235618214227838,14.041484362339974,20.068673912426576,43.887203283955024,20.444070200319096,17.843131720809463,6.0,37.521840419336044,69.28884191454023,41.89944134078213,6.0018118677336565,16.548391967386383,39033.0,0.4029,19313.0,58.39864591382419,11.309936361917966,60.67613054295331,62.02455825097335,16.771549831699105,98.71218927822704,26.48421874237768,0.434261755016472,8.484017242344509,9.666666666666666,29.994961652577963,23.25757151654257,34.33353859933942,19.305267872137943,7.445557857022897,9.766666666666666,10.7964614646891,1.0297947980224347,"Barry County, MO",Missouri
1009,2385,0.7934951543942272,0.6937278733659096,train,46061,3386,51.004134672179575,48.995865327820425,93.73892498523331,3.484937979917307,99.728014505893,89.30190389845875,10.426110607434273,0.27198549410698103,12.073231073725884,87.48144482929243,0.4453240969816922,27.372708757637486,60.366598778004075,12.260692464358456,40.446168768186226,33.511154219204656,26.04267701260912,12.015389168393016,11.269035532994925,14.839034205231387,12.296778007685488,5.0,30.13157894736842,83.99621212121212,29.26136363636364,1.893939393939394,4.545454545454546,60741.0,0.3962,23656.0,73.02631578947368,0.8408408408408409,84.44567015995587,74.08993576017131,9.376723662437946,97.64453961456104,10.590182018753447,0.6423982869379015,0.9746012994683994,2.1111111111111107,39.13171884229179,21.766095688127578,31.86650915534555,13.792085056113413,2.776137034849381,2.211111111111111,2.0011617228813434,-0.2099493882297674,"Hanson County, SD",South Dakota
1010,1939,2.5555031730094866,2.5600955541049775,train,37111,44961,50.4793042859367,49.5206957140633,90.53846667111496,3.8633482351371184,99.32260795935647,65.4635901778154,33.85901778154107,0.6773920406435224,13.268164575430404,82.95593813831339,3.7758972862562015,25.154544965865718,47.4573993441918,27.38805568994248,55.194235588972425,31.33145363408521,13.474310776942355,20.221373698804488,45.32630599906991,20.848167539267017,21.67700311229242,5.0,27.960934853787972,65.70455463834209,42.16937020146626,8.428101368123304,19.10754488252612,35965.0,0.4311,18717.0,55.79861111111111,11.102468367558597,62.47190169339129,57.72750381291306,21.489584894350358,97.99186578546008,20.440581447624755,0.6481952211489578,5.62932319121016,12.777777777777779,27.105713840884324,24.841529325415358,36.2069348991348,17.88883699205979,5.598185093747915,12.877777777777776,12.937053445046498,0.05927566726872158,"McDowell County, NC",North Carolina
1011,2154,1.928295602354331,1.5877939858722716,train,40059,3766,50.02655337227828,49.97344662772172,95.96388741370156,0.07966011683483802,96.94811800610377,70.29501525940996,26.6531027466938,3.0518819938962363,15.889908256880734,80.3302752293578,3.779816513761468,22.53761969904241,55.745554035567714,21.71682626538988,55.284872298624755,23.96856581532416,20.74656188605108,13.955984970477724,33.56545961002785,11.213826366559486,11.36,6.0,25.76356449874236,74.30747922437672,32.61772853185595,2.631578947368421,7.756232686980609,48359.0,0.4244,24364.0,64.65486086013733,1.621017328116266,73.25471698113208,57.341576506955185,8.113207547169807,98.60896445131377,20.09433962264151,0.0,19.915029208709505,6.777777777777778,32.687201274561865,24.614976101964945,31.91715347849177,17.36590546999469,3.956452469463621,6.877777777777777,4.892943112185642,-1.9848346655921354,"Harper County, OK",Oklahoma
1012,2229,1.3835127181580138,2.213077953438254,train,41055,1795,50.306406685236766,49.693593314763234,91.86629526462393,0.5571030640668524,98.75389408099687,64.48598130841121,34.26791277258568,1.2461059190031152,18.34360027378508,73.0321697467488,8.624229979466119,22.171052631578945,51.118421052631575,26.71052631578948,44.824961948249616,37.899543378995425,17.275494672754945,21.55220547180346,40.26548672566372,25.02120441051739,19.49860724233984,6.0,37.652645861601094,68.78109452736318,40.049751243781095,3.4825870646766166,13.184079601990053,38362.0,0.4883,26178.0,54.81682496607869,7.920792079207921,59.59498553519769,68.64988558352402,15.043394406943106,96.33867276887872,28.351012536162013,1.1441647597254003,7.130919220055711,3.888888888888889,22.67409470752089,23.45403899721448,34.317548746518106,24.34540389972145,7.576601671309192,3.988888888888889,9.14381736821575,5.154928479326861,"Sherman County, OR",Oregon
1013,1783,2.0780516873907815,2.017008870095629,train,34031,507574,48.66797747717576,51.33202252282426,64.26787030068522,12.603876479094676,99.7626965421496,62.109740741936534,37.65295580021309,0.2373034578503858,10.156206154709569,86.32494621644375,3.5188476288466934,39.97635968881833,40.849023477104005,19.174616834077657,52.53697047187108,21.449206310913826,26.01382321721509,16.659558577661382,33.94999891112611,16.037485742470484,8.924134043617368,2.0,11.780989902679572,78.08180116292044,27.64973530542159,4.985184542332536,18.844146344487285,59739.0,0.4741,27643.0,65.59245374416865,8.338785224905576,59.91174270283239,50.1879669431975,18.59400696336186,93.83595323826592,23.25308316577284,2.8853322335548754,39.07804576278533,7.8888888888888875,31.506932979230612,30.120534148715254,32.60529499146922,12.803256273962024,23.128253220220103,7.988888888888888,7.515810513088417,-0.47307837580047085,"Passaic County, NJ",New Jersey
1014,1480,2.1835512754360096,2.2752217589561274,train,29007,25783,45.495093666369314,54.504906333630686,89.52410503044642,6.5663421634410275,95.80523112354004,63.612436255963146,32.1927948675769,4.1947688764599445,15.721895149985981,79.84861227922623,4.429492570787779,27.36766467065868,44.85748502994012,27.774850299401198,62.9426860564585,25.508982035928145,11.548331907613347,18.501702610669685,39.932071809801066,18.049004192872122,16.156462585034014,5.0,29.61491442542788,71.34692116898522,38.97336352852368,6.168446026097272,13.67410762428556,41310.0,0.4134,18934.0,63.38184646150428,8.326029798422436,68.54885057471265,65.89906908378246,16.767241379310345,96.74179323860851,18.879310344827584,1.053405193532582,2.7847806694333475,8.777777777777779,30.663615560640732,27.157429313888997,32.626149012915484,16.460458441608814,3.909552806112554,8.877777777777778,9.73007650493819,0.8522987271604112,"Audrain County, MO",Missouri
1015,1708,2.0780516873907815,1.606027584932485,train,31121,7776,49.202674897119344,50.797325102880656,96.33487654320987,0.4886831275720165,97.34912577552171,67.11787930062042,30.23124647490129,2.6508742244782857,13.225138121546962,84.09875690607734,2.6761049723756907,19.00459660802029,59.248692344270104,21.746711047709628,42.32044198895027,40.865561694290975,16.813996316758747,8.887408394403733,8.115183246073299,10.225988700564972,13.418613757995038,4.0,36.7816091954023,81.44360902255642,35.18796992481203,3.6390977443609023,10.165413533834586,51012.0,0.4202,26136.0,72.79211956521739,5.202986467568828,76.84472612041647,78.29931972789116,13.08284291534631,97.00680272108843,14.984155726573107,0.0,3.999485596707819,7.8888888888888875,28.562242798353914,23.28960905349794,34.15637860082305,19.753086419753085,3.176440329218108,7.988888888888888,4.982977405301549,-3.0059114835873393,"Merrick County, NE",Nebraska
1016,1012,3.209498663055604,3.2895654960564986,train,21051,21300,53.59154929577464,46.40845070422535,93.37558685446008,3.915492957746478,99.71123944913371,64.83784984451356,34.87338960462017,0.2887605508662817,14.609957401490949,83.20686900958465,2.1831735889243884,26.05305100182149,43.34016393442622,30.60678506375228,73.22206582210605,17.20624706749782,9.571687110396141,39.74708271217807,101.41941391941393,57.84837999370872,22.699042964772957,6.0,16.188207266229902,50.499545867393294,46.33450110289347,25.87258336577138,38.13416374724277,21549.0,0.4836,13802.0,42.36156997489097,15.03665574793324,42.29994358933033,39.41284403669725,44.81424772342654,98.23853211009177,16.51220888065114,0.3302752293577982,1.7558685446009388,24.66666666666667,26.929577464788732,29.953051643192488,35.71830985915493,13.154929577464786,2.7089201877934275,24.766666666666676,26.83120285929972,2.0645361926330423,"Clay County, KY",Kentucky
1017,1828,1.7326383462202575,2.2448429563561785,train,36013,132646,49.587624202765255,50.412375797234745,93.0461529182938,2.5172263015846688,98.75514180558564,60.90784441076712,37.84729739481849,1.2448581944143755,16.678006722791483,79.18168800966781,4.140305267540697,31.40393640630116,45.058573143667914,23.537490450030926,47.31236368065013,31.82648553492543,20.861150784424442,18.88480537443193,42.65939597315436,18.858531097787193,15.207057810048303,5.0,29.424404778958827,70.99689986180107,37.896388152242935,6.8800657378702414,19.01169088260561,42993.0,0.4375,22903.0,60.71320226643311,7.6530036588707455,69.54729932859004,67.59114292104674,24.584126665998607,98.42988145828674,10.004759995991582,0.187877432341758,6.817393664339671,5.5555555555555545,28.4343289658188,27.139906216546297,34.21814453507833,17.6077680442682,4.436620780121526,5.655555555555554,9.438933115609181,3.7833775600536272,"Chautauqua County, NY",New York
1018,2024,0.842524581634546,0.7978838282556489,train,38081,3874,52.60712441920495,47.39287558079505,96.07640681466185,1.0841507485802788,98.0,77.5,20.5,2.0,17.172050098879367,80.85036255767963,1.977587343441002,22.06703910614525,58.44196151458721,19.49099937926753,41.11030478955007,39.07837445573293,19.81132075471698,5.814562598218963,5.802968960863698,6.269702276707531,11.493354182955438,6.0,30.185607294041034,77.7199074074074,32.523148148148145,2.1990740740740744,3.9930555555555554,57125.0,0.4097,32280.0,68.32564271588662,1.1577424023154848,90.25552187093979,81.3793103448276,8.098744045041144,99.58620689655173,4.850584668687744,0.0,2.632937532266391,2.2222222222222223,27.43933918430563,22.586473928755808,37.0934434692824,19.592152813629326,2.8394424367578734,2.3222222222222224,2.2208362813400693,-0.10138594088215314,"Sargent County, ND",North Dakota
1019,2764,2.118929313186954,2.3412483889822777,train,48497,61243,50.074294205052006,49.925705794947994,94.25893571510213,1.1870744411606224,98.07618067172821,73.31746236005662,24.7587183116716,1.92381932827178,9.489834716289057,86.85334705106126,3.6568182326496834,22.09679083685894,55.25539160045403,22.64781756268703,52.68719658706418,30.804687883097138,16.508115529838673,11.706299541093033,22.440754473641785,10.445881888208572,16.72473867595819,2.0,30.036798528058878,80.01234099107651,31.341370799316497,5.102525156635656,12.42642870704386,56897.0,0.436,27208.0,64.76693209269034,7.404337615692778,67.04551693845056,64.33228688722531,11.554933289408664,98.05602511470659,24.603305331356722,0.4709007486114465,18.20942801626308,8.222222222222221,32.292670182714765,25.50168998905997,35.22198455333671,13.866074490145811,4.553989843737243,8.322222222222221,10.39420447689558,2.071982254673358,"Wise County, TX",Texas
1020,431,1.9120085973796321,2.246933869050933,train,13103,54630,49.78217096833242,50.21782903166758,82.76404905729453,13.549331868936482,99.08089477596808,72.51469892545786,26.56619585051024,0.9191052240318984,8.509563152176659,88.37262184491777,3.1178150029055813,24.942974720752506,52.8395061728395,22.217519106407995,52.25024303768514,30.8171784754389,16.932578486875965,10.618177788449104,16.78972712680578,10.17699115044248,12.167011987568447,3.0,36.38965578379473,83.19227430555556,25.70529513888889,5.0075954861111125,8.908420138888891,63100.0,0.3754,25123.0,67.67043717517579,5.537986597394776,72.66977462363037,62.13452914798207,9.9444724886421,97.05829596412556,21.061852302758556,0.30493273542600896,3.470620538165844,6.666666666666668,34.79773018488009,28.773567636829576,33.76166941241077,10.355116236500091,3.686619073768992,6.7666666666666675,9.458689748184614,2.692023081517947,"Effingham County, GA",Georgia
1021,1760,2.2442495159810822,2.2307623087113884,train,33005,76430,48.613110035326436,51.386889964673564,95.6875572419207,0.7300798115923067,98.94508872432584,66.9833729216152,31.96171580271063,1.0549112756741652,14.818365639380838,78.57167759029424,6.609956770324919,32.097963727445624,46.859007065881215,21.04302920667316,41.553026680692355,26.88725255809505,31.559720761212592,11.825914493624037,20.356714114217123,11.838423875029145,13.294576204003437,5.0,32.7148642325874,79.39160519616162,33.801161955741236,5.581304262680331,10.562047131013774,57782.0,0.4445,30181.0,67.73483006738566,5.863082333670569,77.76872134488029,70.13263468151301,11.317371370351506,97.38005567381693,13.780947529291899,0.2701817586376289,1.6210911945571111,9.333333333333334,27.439487112390413,29.175716341750626,35.36700248593485,16.617820227659294,3.582362946486982,9.433333333333334,9.30695815124132,-0.12637518209201382,"Cheshire County, NH",New Hampshire
1022,1076,2.2442495159810822,2.185154459374256,train,21179,44564,49.427789246925784,50.572210753074216,91.66816264249172,5.244143254645005,99.72375690607734,68.19639992871146,31.52735697736589,0.2762430939226519,10.696084714211603,87.24098996002321,2.062925325765205,27.25315200453322,53.79798838362375,18.94885961184304,54.796284997627275,28.981086028065896,16.222628974306826,16.01050462973444,32.796084049665716,15.057619329457225,16.63203072057827,5.0,28.18067302501349,80.11535945769162,33.05583635606826,6.463697449009931,17.101742284592973,49298.0,0.4519,24699.0,67.07818930041152,9.72121977625406,72.52647283577744,66.7325309861685,18.8821367490266,98.7605532602838,13.129070994505296,0.2514819471887911,2.075666457230051,9.333333333333334,31.92936002154205,27.167668970469432,34.821829279238855,12.82874068755049,3.0876941028632974,9.433333333333334,8.892021903444318,-0.5413114298890154,"Nelson County, KY",Kentucky
1023,2717,2.61414643923577,2.5607198404129563,train,48403,10440,48.75478927203065,51.24521072796935,90.24904214559388,8.78352490421456,100.0,63.07763401109057,36.922365988909434,0.0,15.332926084300555,82.51679902260231,2.1502748930971287,19.114942528735632,45.41379310344828,35.4712643678161,59.462647444298824,28.57142857142857,11.965923984272607,27.429012941858225,99.53831948291784,27.398538329964232,21.869267162305693,6.0,45.74673755437409,52.17391304347826,53.20158102766798,4.400527009222661,10.909090909090908,31307.0,0.4823,19511.0,40.00976443305261,12.080536912751679,42.54352763058289,65.48642145067033,19.6442089326268,98.6937091784118,43.86828160484482,0.0,3.8793103448275854,13.555555555555555,26.28352490421457,17.346743295019156,33.35249042145594,28.5727969348659,0.9674329501915708,13.655555555555557,12.945132391903398,-0.710423163652159,"Sabine County, TX",Texas
1024,642,1.8440707637960658,1.9438653242583064,train,17107,29956,50.72105755107491,49.27894244892509,79.20616904793697,11.760582187207904,98.9085239085239,68.17394317394317,30.73458073458073,1.0914760914760917,17.521759047182776,81.43037104901512,1.047869903802107,32.79527246767669,43.31720472753232,23.887522804790983,47.275256643960475,35.565576129713136,17.159167226326392,14.182052382996993,21.574468085106385,14.973506901288678,14.710172104846439,5.0,25.141745644166694,73.39184016431706,34.48790962561852,5.620390253010924,14.639156007842406,50539.0,0.4370000000000001,21786.0,63.638858397365524,7.227253126347562,73.1522379269729,81.08283002588438,20.170789163722024,98.36065573770493,11.469375736160188,0.0,4.1193750834557346,6.222222222222222,26.245159567365466,31.08225397249299,32.955000667645876,16.677794098010413,9.033248764855118,6.322222222222222,6.985700851030575,0.6634786288083534,"Logan County, IL",Illinois
1025,2265,2.0354316006833932,2.1607126519406163,train,42055,152285,49.02846636241258,50.97153363758742,92.94677742390913,3.81587155662081,98.62826179951523,70.57179523741624,28.05646656209896,1.371738200484814,13.340175340940714,83.68181185638744,2.978012802671861,25.81053965571866,53.39772699578381,20.791733348497527,57.86756581704577,23.106450260982214,19.025983921972035,11.716804944633193,22.5292923537163,10.776879811107056,12.304930715629387,4.0,31.9546073069912,75.8016049171931,34.17449206078197,4.913778384838655,10.711968584599623,53916.0,0.3965,26025.0,64.76436221165545,6.535904166722188,75.37175657077641,73.42665258074253,12.404193660277713,97.16269242378507,16.221901469123782,1.1356776335647452,4.859309846669074,7.555555555555554,29.57481038841645,25.532389926782017,33.477361526085964,17.78835735627278,3.237351019470073,7.655555555555553,8.6773193639837,1.0217638084281475,"Franklin County, PA",Pennsylvania
1026,331,2.7293042074630365,2.3821340792830448,train,12037,11628,58.479532163742675,41.52046783625732,81.99174406604747,14.551083591331267,100.0,62.441558441558435,37.55844155844157,0.0,15.889884763124199,82.35595390524969,1.7541613316261202,28.8759883895506,44.99049144229807,26.133520168151325,56.529112492933855,27.93668739400791,15.534200113058224,20.264452644526447,42.674680691209616,21.85173697270472,22.725414025761598,6.0,33.94826342368339,67.49654218533887,43.70677731673583,9.405255878284924,18.92577224527432,40401.0,0.4641,20868.0,60.150184548809975,9.500634786288616,55.28684907325685,59.03284671532847,18.305383936451896,98.99635036496349,31.279788172992053,0.0,4.962160302717578,15.222222222222221,20.192638458892333,29.91916064671483,34.39972480220157,19.12624699002408,3.4571723426212597,15.322222222222218,10.827986005154603,-4.4942362170676144,"Franklin County, FL",Florida
1027,2586,2.1959892467282267,2.296057287562398,train,48141,831095,48.865292174781466,51.134707825218534,82.82266166924359,3.532809125310584,99.66559393789362,63.91225721994017,35.75333671795345,0.3344060621063806,9.715829255293377,87.07630491510523,3.2078658296013787,33.00068143046642,43.19288909126267,23.80642947827091,48.753161248392885,29.927561241934146,21.319277509672965,22.75799534370788,46.32411995107064,23.63790431712721,13.284308427040974,3.0,26.08827623742687,80.68848897585626,27.225243825400987,6.997365298984637,24.116758855522857,41637.0,0.4618,18880.0,62.54562019630588,8.099730686495366,52.280709111304475,37.22295529264421,14.574313061528304,93.80493368818912,36.307043936804796,3.870239080356944,81.2992497849223,8.888888888888891,36.69821139580914,31.99742508377502,28.34320986168849,10.943634602542426,13.644529205445824,8.988888888888889,9.934934544050495,0.9460456551616065,"El Paso County, TX",Texas
1028,766,1.7326383462202575,2.038566693137941,train,18151,34267,50.71643271952608,49.28356728047393,97.30936469489595,0.25388858085038085,97.26064551125576,65.33767290480064,31.92297260645511,2.7393544887442367,13.449534801554586,83.26070741569505,3.2897577827503635,26.801754013720913,52.73003748497064,20.468208501308442,48.571798971522405,31.454993301931637,19.97320772654596,10.846398824105833,18.02085057090849,10.632395648216377,14.587930679377413,5.0,27.676512164273486,77.36744530960326,34.67556544308491,5.161290322580643,10.374490174267704,48472.0,0.4053,24576.0,65.03588471799496,6.7656574994222325,73.56125356125357,64.61372231226365,12.469135802469134,98.30722132180807,16.528964862298196,0.4682153790743742,3.2334315814048504,5.5555555555555545,29.29057110339393,26.535734088189802,35.337204891003005,16.60781509907491,2.4367467242536547,5.655555555555554,7.679594091840841,2.0240385362852873,"Steuben County, IN",Indiana
1029,3129,1.3835127181580138,1.4836056668800002,train,56035,10117,52.910941978847475,47.089058021152496,95.69042206187605,0.0,99.24363057324841,75.87579617834396,23.367834394904452,0.7563694267515924,10.663603189620217,83.24097851060955,6.0954182997702375,22.16411405802515,58.834516249533074,19.00136969244179,39.77027997128499,37.34386216798277,22.885857860732237,8.058753473600634,11.643528884908195,7.8509458114066275,8.360574541852401,6.0,25.167652859960555,90.94672922991995,19.735026221363512,0.1656086116478057,2.373723433618548,81772.0,0.32899999999999996,33193.0,76.82975075827508,5.475454857535187,78.53780985252587,73.8626964433416,4.314402259177911,95.7816377171216,18.84217132099152,0.0,7.680142334684197,3.888888888888889,30.839181575565878,27.409311060591087,35.81101116931897,11.950182860531775,4.30957793812395,3.988888888888889,4.408813769996175,0.41992488110728576,"Sublette County, WY",Wyoming
1030,3061,1.6507930981160142,1.4771988535382914,train,55043,51489,51.93536483520752,48.06463516479248,96.73716716191808,1.303190972829148,98.33129065711323,75.1673423211087,23.163948336004523,1.668709342886773,14.483767024992552,75.69250764940024,9.823725325607212,36.47601432819047,47.133191300072575,16.390794371736938,47.283138784885004,31.403580530472265,21.313280684642734,15.413779303662825,20.96264199554983,17.48260594560405,11.04516129032258,5.0,22.200469851213786,77.96575307245335,32.38545791124595,3.918342160744588,10.212372088239832,49067.0,0.401,22937.0,67.92020928711577,4.503536906040519,78.01573426573427,73.12872312872312,13.751873126873127,99.08054908054909,11.394855144855145,0.0518000518000518,1.353687195323273,5.111111111111111,29.98504534949213,32.9546116646274,30.295791334071353,16.114121462836724,1.9596418652527725,5.21111111111111,4.38065761503908,-0.83045349607203,"Grant County, WI",Wisconsin
1031,1580,2.436533065503785,2.52773722387464,train,29209,31375,48.949800796812745,51.050199203187255,96.71713147410358,0.10199203187250996,99.51828724353257,72.57805530776092,26.940231935771628,0.4817127564674398,12.117753551891065,84.97776378448582,2.904482663623127,16.728776924796893,60.11776104941492,23.15346202578818,54.028336686787384,29.67806841046277,16.293594902749838,16.590916416852018,32.22088835534214,17.52567822762655,18.129237492368496,5.0,42.129593660166265,64.74758491741976,51.02835774384543,6.107821751324401,14.139918977874727,40510.0,0.4237,22473.0,51.906871006937635,10.903873744619801,62.153775428111715,63.383060041918384,17.745086771635442,98.24929108617926,24.962647971497532,0.16027616816668722,1.9505976095617528,11.333333333333336,23.276494023904384,18.422310756972113,37.19840637450199,26.43505976095618,3.1808764940239054,11.433333333333337,12.525132476419579,1.0917991430862415,"Stone County, MO",Missouri
1032,2049,2.743703304335216,2.524179402759665,train,39025,200285,49.37114611678359,50.62885388321642,95.36909903387672,1.3945128192325935,99.11993658665476,72.24649905489727,26.873437531757478,0.8800634133452572,12.00940495568819,83.50850398236905,4.482091061942753,26.471897153674025,53.16254959602354,20.365553250302433,44.51256124952742,28.39012891125953,27.097309839213036,10.657230340847756,17.037861915367483,10.374357539431248,12.631134691908837,2.0,28.13797762632384,79.39368015826338,30.586002245629054,3.963267924931829,10.035823129979148,60805.0,0.431,29288.0,67.47653819968228,5.302101056463419,76.61446717734897,62.57769933236129,13.782766088108854,96.89586370961555,12.442225023433206,0.6292686670247871,1.6831015802481464,15.444444444444445,31.123648800459343,26.01393014953691,36.038145642459504,13.369448535836431,3.2363881468906808,15.544444444444444,12.480649473832527,-3.0637949706119176,"Clermont County, OH",Ohio
1033,299,2.4462043207689623,2.356592168103579,train,8119,23340,50.66838046272493,49.33161953727507,94.280205655527,1.0754070265638391,98.73646209386284,66.20036101083032,32.53610108303249,1.263537906137184,12.743684238636973,84.61250867916466,2.6438070821983657,21.082463884430176,58.03069823434992,20.886837881219908,31.849807371628998,36.375136564889885,31.775056063481113,7.475018384738504,10.442878711625566,7.53947746195808,13.335930398649525,3.0,52.175298804780894,77.42406846884458,34.975472288905124,2.5049577288383262,8.7777893748043,62372.0,0.4102,32707.0,66.01993782827742,7.6067543432375375,70.94732543895469,58.324924318869826,17.17027358105349,98.30978809283552,14.720293997550021,0.0,6.058269065981149,11.444444444444445,25.381319622964874,18.873179091688087,44.918594687232215,17.163667523564698,4.644387317909169,11.544444444444444,10.554920698506685,-0.9895237459377597,"Teller County, CO",Colorado
1034,1722,0.5041366356151942,0.5136280509257312,train,31149,1401,48.46538187009279,51.53461812990721,95.64596716630976,0.7137758743754461,100.0,84.48275862068967,15.517241379310345,0.0,20.649233543733093,75.11271415689811,4.2380522993688015,19.13835956917979,58.574979287489654,22.286661143330573,49.28774928774929,32.668566001899336,18.04368471035137,12.080536912751679,3.571428571428571,16.125654450261777,12.893772893772896,6.0,25.72898799313893,77.2463768115942,36.231884057971016,1.0144927536231882,5.797101449275362,48456.0,0.4463,29205.0,68.31421006178286,1.6795865633074936,74.1190765492102,67.41935483870968,6.561360874848116,99.03225806451613,21.020656136087485,0.0,0.4996431120628123,1.5555555555555556,22.412562455389008,20.55674518201285,38.401142041399005,24.4825124910778,3.6402569593147764,1.6555555555555557,1.67134392938249,0.015788373826934432,"Rock County, NE",Nebraska
1035,1668,1.3552622518721622,1.2789021782215617,train,31041,10802,49.55563784484354,50.44436215515646,97.35234215885949,0.8054064062210702,99.20382165605095,75.99522292993629,23.20859872611465,0.7961783439490446,16.69729266201151,82.07766752419452,1.2250398137939484,20.23181087904521,61.303649299977046,18.464539820977734,40.934975499933785,38.061183949145814,21.003840550920405,11.287743391966893,14.312181565539605,12.252475247524753,13.222211817585912,6.0,29.786463988418387,79.536354056902,35.30031612223393,5.711275026343517,8.113804004214963,46468.0,0.4871,29406.0,68.88698420472635,2.1329541414859583,73.7052456286428,72.3404255319149,12.239800166527894,96.71600370027753,18.28476269775188,1.5263644773358005,2.4439918533604885,3.7777777777777777,29.503795593408622,23.06980188853916,32.95685984077023,20.718385484169602,1.8422514349194592,3.877777777777778,3.592693422714309,-0.2850843550634692,"Custer County, NE",Nebraska
1036,1435,2.118929313186954,2.190294834520502,train,28081,85036,47.61395173808739,52.38604826191261,68.9284538313185,27.96697869137777,98.55725468778444,59.02057163662844,39.536683051156025,1.4427453122155471,13.94025375227716,83.07888245820503,2.980863789517806,27.670829388515696,47.25966668169455,25.06950392978976,43.66014951121334,34.52594882116159,21.81390166762507,18.27667211218564,38.95995906357938,17.4593572778828,16.634132406503678,5.0,22.772670886478572,76.24647952709603,31.497013401008946,7.096654390145773,17.062300764445546,42784.0,0.4581,22282.0,64.95962087141545,7.6875356708603215,66.32920367926573,59.35558317060182,17.315002658998242,98.62417894549972,20.365956943924683,0.05325758920646192,2.5001175972529284,8.222222222222221,32.37805164871349,28.310362669928036,31.893550966649414,13.855308339997178,3.1045674773037306,8.322222222222221,8.937847912368573,0.6156256901463522,"Lee County, MS",Mississippi
1037,133,2.6461747973841225,2.516520832803991,train,5049,12224,49.533704188481686,50.466295811518314,96.96498691099475,0.12270942408376966,97.4089068825911,68.86639676113361,28.542510121457486,2.591093117408907,13.512949039264829,85.36967418546368,1.117376775271512,16.092741146546665,60.5752298963021,23.332028957151245,57.49470634124596,31.86225342694751,10.64304023180653,19.94309147208971,55.672823218997365,19.118012422360245,24.642857142857146,6.0,36.97996918335901,63.150943396226396,52.9056603773585,8.433962264150944,17.69811320754717,37066.0,0.4016,19163.0,49.82236154649948,7.718120805369128,61.083743842364534,56.04319052594914,23.331840573219882,98.04946011842564,22.39140170174653,0.1044932079414838,1.1534685863874343,14.0,26.055301047120427,20.214332460732983,34.96400523560209,24.61551047120419,2.912303664921466,14.1,12.385430632235613,-1.714569367764387,"Fulton County, AR",Arkansas
1038,223,2.4267673628924595,2.4518329521372397,train,6079,276517,50.97444280098511,49.02555719901489,85.00670844830516,2.0548465374642437,99.49511882457352,73.54501528448871,25.95010354008481,0.5048811754264865,12.912559345625107,75.30030316319329,11.787137491181571,34.23820849210205,45.54765619006214,20.2141353178358,29.973333917395372,37.03792935404564,32.98873672855899,14.800142522728924,17.72101423779701,17.28809221799408,11.116922620372431,3.0,25.63688009146777,75.48756468680006,32.8589634664401,4.749169691820499,6.458059782188923,60691.0,0.4567,31060.0,60.6461845040038,6.4609726503327325,74.34479969962166,68.69102611817763,12.740086069953499,96.9875429647306,15.952401582762905,0.8406856842612255,21.763942180770076,11.222222222222221,26.35678819023785,32.31989353276652,32.4309174481135,16.86116947601775,12.938445014230592,11.32222222222222,11.609607082771472,0.2873848605492526,"San Luis Obispo County, CA",California
1039,2980,2.345005808877998,2.754962144347914,train,53069,4035,48.351920693928136,51.648079306071864,92.96158612143742,0.12391573729863692,98.43505477308294,63.53677621283255,34.89827856025039,1.5649452269170578,14.744744744744745,83.48348348348348,1.7717717717717716,24.232272473478503,51.75879396984925,24.00893355667225,40.66579634464753,44.8107049608355,14.523498694516974,17.080587937151545,33.4065934065934,18.53035143769968,24.590989176944376,6.0,40.1888462673355,54.48717948717948,52.73892773892774,5.710955710955711,19.28904428904429,44485.0,0.4388,24483.0,41.7941794179418,10.4091888011486,60.931081697854864,76.70753064798598,26.01551802829757,99.47460595446584,16.15700593336376,0.5253940455341506,4.337050805452292,10.333333333333334,23.519206939281286,20.19826517967782,34.96902106567533,28.97149938042131,6.914498141263942,10.433333333333334,15.72044578381313,5.287112450479796,"Wahkiakum County, WA",Washington
1040,2200,2.3968846612924475,1.9173706381062259,train,40151,9033,54.3673198272999,45.6326801727001,89.73762869478578,3.210450570131739,98.71508379888269,69.27374301675978,29.44134078212291,1.2849162011173183,17.26368944295408,75.95076534637842,6.785545210667507,31.86915887850467,45.23364485981308,22.897196261682247,45.540398740818475,27.299755159146557,27.15984610003498,15.779116959783545,26.964671953857245,16.645303058047983,13.604134118495375,6.0,28.49046170859829,79.80151780502042,31.52364273204904,2.9772329246935203,8.260361938120258,55315.0,0.4585,26700.0,68.33078101071976,2.846257283729268,79.20062087698875,66.93313953488372,7.159487776484284,96.94767441860463,16.938300349243306,0.9447674418604648,5.856304660688586,10.888888888888893,26.67995128971549,35.5474371748035,28.24089449795196,16.351156869257167,7.051920735082476,10.988888888888894,6.8030472588588315,-4.185841630030063,"Woods County, OK",Oklahoma
1041,461,1.8786165133213217,1.7784838157624974,train,13163,16374,48.34493709539514,51.65506290460486,43.3675338951997,54.507145474532784,99.57329317269077,45.180722891566276,54.3925702811245,0.4267068273092369,16.21919200474295,81.02820360802913,2.7526043872279162,34.97431178590599,38.50164864657618,26.524039567517825,68.34664463416873,21.591847975764257,10.061507390067014,30.847372073947877,99.54728370221329,32.434239857333935,15.511155930921467,6.0,25.811138014527845,63.43074129106818,38.93016344725112,12.431896978702328,29.288426613835234,26557.0,0.4884,16048.0,51.49806429893958,17.028926295146267,47.748323219418715,41.743672157492966,22.122857447035027,99.71876255524307,34.06792292132439,0.2008838891120932,3.3162330524001464,6.4444444444444455,30.786612922926587,27.305484304385,32.081348479296445,16.281910345669967,2.1253206302674967,6.544444444444445,5.92087247613563,-0.6235719683088154,"Jefferson County, GA",Georgia
1042,1886,2.6222502112988773,2.456174611141269,train,37005,10911,49.63798002016315,50.36201997983685,90.83493721931995,2.172119879021172,99.10979228486649,67.9030662710188,31.206726013847675,0.8902077151335311,13.617559181797288,85.17582165019536,1.2066191680073546,18.597594017557174,61.89444022976048,19.507965752682345,53.16045380875203,29.472634334870964,17.366911856377012,18.43326526823835,35.58077436582109,19.931412894375857,19.706946118890848,6.0,28.102806898884005,67.33752620545074,43.689727463312366,6.834381551362684,17.29559748427673,36968.0,0.4221,20366.0,55.312821685920156,9.98759305210918,59.062203978528565,65.42133665421336,17.540258920113672,98.67164798671648,28.228607514998426,0.45662100456621,9.320868847951608,13.666666666666664,24.479882687196408,21.042984144441387,37.53093208688479,22.72935569608652,6.992942901658876,13.766666666666666,11.660121616986883,-2.1065450496797826,"Alleghany County, NC",North Carolina
1043,1829,1.8440707637960658,2.265887841994454,train,36015,88267,49.59497887092572,50.405021129074285,88.45548166358887,5.901412759015262,98.57357746771099,62.85077026816743,35.722807199543546,1.4264225322890192,16.58174934931777,80.00315482293556,3.4150958277466676,31.373716945325604,45.54030280782923,23.085980246845175,45.9404277740273,30.61268173809955,23.446890487873148,15.80075830072802,28.462740302968548,16.160473096298457,13.544023434709091,4.0,28.607933097160114,71.11496573492194,36.483066511217906,6.739272613529731,16.37899166832542,50320.0,0.4567,26262.0,61.65362368152432,5.185129440096327,70.54221109459354,69.1443771242796,23.39018856114545,98.66262745677551,9.885767936781159,0.12560957588296146,2.8685692274576002,6.222222222222222,28.348080256494498,27.05427849592713,34.68453668981612,16.306207302842513,5.643105577395857,6.322222222222222,9.63967931504016,3.3174570928179383,"Chemung County, NY",New York
1044,1110,1.928295602354331,2.225045158941384,train,22007,23057,48.601292449147756,51.398707550852244,68.01405213167368,29.860779806566327,99.19188122533359,57.41401992106746,41.77786130426612,0.8081187746664161,12.507856693903205,85.76081366779042,1.7313296383063823,30.570142535633913,46.447326117243605,22.982531347122496,66.74433656957929,22.530744336569576,10.724919093851133,15.973866526352715,32.855345911949684,15.38714774822228,18.423584988190008,6.0,20.33295711060948,74.41108545034642,35.138568129330245,9.607390300230948,19.13394919168591,49167.0,0.4501,23886.0,59.29243937232525,10.018285054373976,62.9232505643341,59.33114362496269,18.982787810383748,97.34249029561063,22.545146726862306,0.5673335323977307,2.3593702563212906,6.777777777777778,29.899813505659885,27.458038773474435,34.4580821442512,14.93689551979876,2.125168061759986,6.877777777777777,9.25390069083003,2.376122913052252,"Assumption Parish, LA",Louisiana
1045,763,2.366081404553173,2.457784921597063,train,18145,44441,49.27656893409239,50.72343106590761,94.38806507504331,1.2645980063454918,97.50716332378224,65.05253104106973,32.454632282712524,2.4928366762177654,13.692783938929464,82.85396567787694,3.453250383193581,25.101938222644247,49.391163492152145,25.5068982852036,56.868925663251886,28.31954294720252,14.811531389545571,12.175071185817947,20.145574078422165,12.06270182992465,12.998536406878884,2.0,28.638857749719747,79.29389867969523,31.47792706333973,4.088873378700634,13.720700284999714,53584.0,0.3838,24645.0,68.82085826842689,7.869783701114267,72.80328480776409,67.24431378616742,11.836506159014554,98.87049357883335,18.040313549832028,0.17019959771004178,3.8590490763034135,10.555555555555557,29.994824598906412,25.192952453815174,36.05679440156612,15.163925204203323,4.347336918611194,10.655555555555555,11.678913158789973,1.0233576032344178,"Shelby County, IN",Indiana
1046,1102,2.48398029492787,3.1009425707735785,train,21231,20655,49.59573953038005,50.40426046961994,94.66957153231665,2.2319051077221013,100.0,68.32579185520362,31.674208144796378,0.0,15.645232258470047,81.98503991451379,2.3697278270161544,25.136869370695237,46.323659268852644,28.539471360452108,65.89173945938511,24.059426370451888,10.04883417016301,27.040236978523826,58.72899926953981,32.13455149501661,26.382267656165524,6.0,22.543566926214307,58.696475937855254,45.54755589238348,14.070986484779587,27.737779461917395,28573.0,0.4563,15475.0,47.33169903828022,12.270916334661354,52.0266970535569,58.956665746618825,35.24336643333876,98.92354402428928,18.818167019371646,0.0,2.9242314209634466,11.888888888888893,27.329944323408373,25.2723311546841,35.17792302106028,17.893972403776328,3.0985233599612685,11.988888888888894,22.218884285421908,10.229995396533013,"Wayne County, KY",Kentucky
1047,727,2.1835512754360096,2.195878641703728,train,18073,33448,49.60236785458024,50.39763214541976,96.65749820617077,0.7384596986366898,98.76498365419545,69.8389635549098,28.926020099285626,1.2350163458045769,10.726215514041815,86.63450039176874,2.639284094189452,26.158192090395477,54.68549905838042,19.156308851224104,54.85496391120795,29.80616460120749,15.338871487584548,8.360842871687286,10.702658708627238,8.60239129461287,13.422555209812392,2.0,27.116486314449396,79.90996998999667,34.27809269756585,5.076692230743581,9.9783261087029,55374.0,0.376,24614.0,64.40275373404727,6.076139276114272,76.65428255848981,68.40073155862629,11.130635605984537,99.20747815484656,15.187267797971685,0.0,5.788088973929683,8.777777777777779,31.816551064338668,26.58454915092083,33.38914135374313,15.17579526429084,2.6040420951925376,8.877777777777778,8.987894727593748,0.11011694981596953,"Jasper County, IN",Indiana
1048,2879,2.5292778938193967,2.512482387139248,train,51139,23843,49.100364886968926,50.89963511303108,95.63393868221279,1.6440884116931596,99.85676284018824,64.23163494986699,35.62512789032126,0.14323715981174545,11.606096131301285,83.5074070126825,4.886496856016199,24.37490566986969,50.676661468028364,24.94843286210193,65.81281363052865,21.40856576029875,12.778620609172599,16.429539295392953,25.89703588143525,18.14977973568282,18.221414073071717,6.0,28.439397940322145,73.28211694408877,41.431924882629104,6.562099871959026,14.233888177550151,43895.0,0.4148,22241.0,59.561763608252924,9.273182957393484,66.00224592925322,61.80971390552229,14.577484559236385,98.95764027500557,22.045199326221226,0.1996007984031936,1.7866879167889946,12.444444444444445,26.578031288009058,24.648743866124228,35.50727676886298,19.330621146667788,2.721972906094032,12.54444444444444,12.335513605035496,-0.20893083940894464,"Page County, VA",Virginia
1049,1118,2.3968846612924475,1.9936896296347062,train,22023,6706,48.792126453921874,51.20787354607814,94.52728899492992,3.0867879510885774,98.3407785577537,79.45118059987237,18.889597957881307,1.6592214422463305,9.818819403857391,89.0707188778492,1.1104617182933958,20.180778454159746,63.659841357683106,16.159380188157165,55.6218246079081,28.53987187983212,15.838303512259774,9.73053892215569,10.68100358422939,10.80906148867314,17.164625037346877,4.0,29.098360655737704,80.40644171779141,29.984662576687107,3.872699386503067,10.391104294478527,64231.0,0.4129,29679.0,63.42701014832163,6.276923076923077,77.27937591418821,78.18003913894323,11.433447098976107,94.03131115459878,16.650414431984398,1.076320939334638,4.205189382642408,10.888888888888893,31.21085594989561,23.9487026543394,37.399343871160156,15.240083507306887,2.385923053981509,10.988888888888894,7.342575228292697,-3.6463136605961974,"Cameron Parish, LA",Louisiana
1050,544,1.789905900578732,2.02140899664907,train,15009,160863,50.22286044646687,49.77713955353313,34.89180234112257,0.6191604035732271,99.48653899528172,65.68137663058562,33.80516236469609,0.5134610047182903,10.482906612937573,81.21119792946419,8.305895457598245,30.905151624189443,45.430603510974656,23.664244864835897,39.66810658987076,34.247951220379356,26.08394218974988,10.955486248936772,16.344417818337,11.192993216914418,10.393824332381461,4.0,22.81307328376943,82.12408581635898,32.489759272768076,4.038306866430991,12.664833623253465,66476.0,0.4386,29664.0,70.44314958838204,6.565452636679318,77.51898430230814,61.84848484848485,14.812258006423152,94.3766233766234,10.636211743754439,1.251082251082251,10.827225651641461,5.8888888888888875,28.31726375860204,27.40282103404761,35.45314957448263,14.588189950454733,64.4890372553042,5.988888888888888,7.548953894559749,1.560065005670861,"Maui County, HI",Hawaii
1051,1851,1.789905900578732,1.8869671699193222,train,36059,1354612,48.481631640646924,51.518368359353076,70.23022090458375,11.392192007748346,99.66608863708565,80.01197977337709,19.654108863708565,0.3339113629143281,8.478447737009963,87.82851223050586,3.6930400324841774,31.805319139354964,50.39069465834481,17.80398620230022,33.47649940705206,23.702034267561718,42.82146632538622,6.153405924336762,8.894026611305089,5.897984242300216,8.416650179327704,2.0,15.663253273281956,81.38162672476399,34.316902687000734,3.527369281045752,5.895969498910676,99465.0,0.45299999999999996,43206.0,67.65989787800827,6.269545793000745,81.31416763602995,68.21517163174185,10.371344416587792,95.20943088662621,10.816529029119431,0.837251057194831,15.751521468878176,5.8888888888888875,29.28550758445961,25.846220172270733,35.74484797122718,16.070579619846868,18.377587087667912,5.988888888888888,6.599323672509132,0.610434783620244,"Nassau County, NY",New York
1052,2292,1.4891517465595983,1.9415906244405259,train,42109,40046,49.513059981021826,50.486940018978174,96.81116715776855,1.011336962493133,98.93054277828888,74.03403863845446,24.89650413983441,1.0694572217111316,11.230166907067792,86.25935847242255,2.5104746205096498,29.147490017982868,51.85162607821025,19.00088390380688,63.55804111245465,19.962968561064088,16.47899032648126,10.812316015593922,20.83274523641496,9.798455453004332,11.685630852884906,5.0,23.28023749481278,75.52278077828556,33.17407561279601,5.5740202188062575,11.86123805567096,49917.0,0.426,23836.0,64.57446808510639,4.672757226299236,74.86702667586991,70.44281020184636,12.127979211498639,96.18213112189017,16.683584392382965,2.0341104678454083,2.052639464615692,4.333333333333333,29.88563152374769,29.044099285821304,32.8147630225241,16.393647305598563,2.1774958797383013,4.433333333333333,6.969828537795633,2.5364952044623,"Snyder County, PA",Pennsylvania
1053,2315,2.0059743897979634,1.854060764485362,train,45011,22098,46.565300027151785,53.434699972848215,51.71961263462757,44.976920988324736,97.98922800718132,47.95332136445242,50.035906642728904,2.010771992818672,14.717866403259661,81.41128534386961,3.870848252870725,34.87067978942549,40.054932478828114,25.07438773174639,58.267606616877224,29.810846653172327,11.921546729950444,26.85774946921444,72.06349206349206,27.951484602662052,24.108043657708894,6.0,24.934828735980602,63.542665388302964,37.332214765100666,9.791466922339405,22.84276126558006,34336.0,0.4843,19026.0,57.5934939313659,14.206247325631152,59.22150139017611,61.80322875418826,24.02687673772011,98.53792263173928,23.05375347544022,0.15229972586049345,2.3169517603403023,7.333333333333332,32.52330527649561,24.92985790569283,34.306272060819985,15.476513711648115,3.3034663770476964,7.433333333333334,6.3856977590036,-1.0476355743297336,"Barnwell County, SC",South Carolina
1054,316,2.6998686753609076,2.6655923384726607,train,12005,175353,49.50015112373328,50.499848876266725,82.06874133889927,10.767423425889492,99.1444866920152,62.18842416561048,36.95606252640473,0.8555133079847909,14.771732518286619,79.27046395347112,5.957803528242259,27.1650030669715,45.96902358779904,26.865973345229467,42.644509976260686,35.13828764816534,22.21720237557398,15.213193465894266,29.20016634322151,15.174934814840062,17.219139393868517,4.0,50.367396521584546,75.7560142516416,33.806425016931186,4.80698448220017,16.29957892877124,47368.0,0.4404,25246.0,63.28731730032596,8.500866345446347,63.39802263341581,63.32948321472485,18.66080919635382,97.99172845486046,23.41514350488697,0.264540407615783,5.491209160949627,14.777777777777779,27.290665115509853,28.667316783858837,33.969193569542576,15.745952450200456,7.163835235211262,14.87777777777778,14.376462756388198,-0.5013150213895816,"Bay County, FL",Florida
1055,979,2.0208114572284313,0.5894902108146984,train,20195,2951,48.62758386987462,51.37241613012539,95.62860047441544,0.3049813622500847,98.6159169550173,82.00692041522491,16.608996539792386,1.3840830449826989,16.16557734204793,82.9193899782135,0.9150326797385622,17.401861594496154,63.982193443949825,18.615944961554025,39.20829406220547,35.768143261074464,25.023562676720072,4.143454038997215,2.1352313167259798,4.883614787768142,10.14593467685893,6.0,30.78880407124681,84.86943164362518,35.8678955453149,1.6129032258064515,3.7634408602150535,54000.0,0.3766,28817.0,72.19321148825065,1.0247136829415309,84.46833930704899,76.92307692307693,6.451612903225808,98.87820512820515,11.648745519713266,0.4807692307692308,2.1687563537783805,7.444444444444445,25.584547610979328,19.17993900372755,37.85157573703829,22.873602168756356,4.066418163334463,7.544444444444446,1.8030689959882256,-5.74137544845622,"Trego County, KS",Kansas
1056,2237,2.1709566505156093,2.408571547327621,train,41071,101119,50.1082882544329,49.8917117455671,88.02697811489433,1.2361672880467571,98.92211550559912,66.79528582812566,32.12682967747348,1.0778844944008723,10.82738765802979,82.29510020722938,6.877512134740822,28.48456558857129,48.06471029001708,23.45072412141164,42.35780920854649,34.41167619620825,23.23051459524526,16.57376090859744,32.048302057939786,16.416184971098264,15.198262362984293,2.0,28.284803896171184,74.55918663761801,35.07044299201162,5.037037037037037,20.36310820624546,53423.0,0.4359,25047.0,64.08023014224071,9.427609427609427,70.54771729003059,69.2456608811749,16.261812857713302,97.22296395193592,17.058764807666712,0.527369826435247,15.426378820993087,8.666666666666666,31.393704447235447,28.542608214084396,32.78018967750868,15.026849553496378,10.736854597058912,8.766666666666667,11.118068162402688,2.3514014957360203,"Yamhill County, OR",Oregon
1057,570,1.9756230463738251,2.1997663770614375,train,16051,26792,50.54120633024783,49.45879366975217,93.35622573902657,0.19408778739922367,99.97873019249177,84.11145379134321,15.867276401148567,0.02126980750824205,7.451229366270344,88.73946669744892,3.809303936280734,24.58035477892508,59.35927985173418,16.060365369340744,42.88435016746568,36.92782557299535,20.187824259538978,13.085513003072775,21.554862194487786,11.830731518513739,12.21710993902667,4.0,24.213311856411448,84.60873858306591,27.487040236978523,4.171809429770427,14.687731424339669,51171.0,0.3911,19501.0,66.866705135603,6.204694511563687,70.80557654007279,65.14987360057782,12.588421124922741,99.16937522571324,21.063113797129322,0.1444564824846515,10.342639593908627,7.1111111111111125,43.34876082412661,26.69826813974321,27.87025977903852,10.335174679008661,6.4496864735742,7.211111111111112,9.022905295531801,1.8117941844206893,"Jefferson County, ID",Idaho
1058,1583,2.145281299175379,2.5225694685677045,train,29215,25735,51.66504760054401,48.33495239945599,92.9939770740237,1.7563629298620556,93.84742951907131,63.83084577114428,30.01658374792704,6.1525704809286905,14.878288396463267,80.62984390350398,4.4918677000327465,22.79770237003427,45.643674277163676,31.55862335280205,61.135618142744036,25.851148060174193,13.013233797081778,21.676228485906712,41.908091908091905,23.83391749797789,22.49690976514215,6.0,39.663203152991755,65.27260783884388,42.97131596233852,7.400919640902122,19.881760455441206,35088.0,0.4506,17741.0,53.33698930627914,7.546781821920626,54.048075505087745,57.39353734217847,26.56687804158679,99.05842071474429,23.9418964754461,0.12839717526214425,2.0283660384690108,8.444444444444445,29.78045463376724,24.433650670293368,33.08334952399456,18.931416359044107,5.249659996114241,8.544444444444444,12.460572615053852,3.916128170609408,"Texas County, MO",Missouri
1059,42,1.2006339030604214,1.256310677303876,train,1085,10742,47.709923664122144,52.290076335877856,25.498045056786445,74.05511078011543,100.0,36.13445378151261,63.86554621848739,0.0,16.82013505217925,81.27685696746471,1.903007980356047,40.69324090121317,32.73252455228192,26.57423454650491,61.110340041637755,24.74670367800139,14.142956280360858,28.50032866935863,66.37873754152824,33.3278769029301,20.360241418332702,3.0,17.722445990479677,59.59831854273703,42.99392807099486,16.160672582905182,31.550677253619803,25876.0,0.5464,18429.0,49.148148148148145,13.062044712383821,57.49254668131179,57.78807180081065,29.62498038600345,95.88882455124495,19.22171661697788,0.0,0.3351331223235896,3.2222222222222223,29.873394153788862,27.02476261403836,33.15956060323962,16.505306274436787,0.4468441630981195,3.3222222222222224,3.512439032816207,0.19021681059398476,"Lowndes County, AL",Alabama
1060,2327,1.789905900578732,2.1232106342240025,train,45035,145715,48.643585080465286,51.35641491953472,68.06368596232372,25.510071029063592,98.69225678358706,65.15155526141628,33.54070152217075,1.3077432164129714,11.666823795606675,84.45554822287168,3.8776279815216363,29.169582254565807,48.108949688615205,22.721468056818978,39.21292599907552,35.792326763877796,24.994747237046685,13.06925582595716,22.510779763668083,12.624006620759904,11.873127432587571,3.0,42.85955245698865,80.27036408515892,26.61215674174637,3.6678494291885215,14.054304227090404,54901.0,0.4249,25223.0,68.008111504627,7.6743241919001015,73.14361439288443,67.983991995998,14.068325771528684,97.84892446223112,17.928215264363686,0.7691345672836418,4.790172597193151,5.8888888888888875,32.97670109460248,29.294170126617033,33.60258037950794,11.101808324469,6.426243008612702,5.988888888888888,8.357928708221268,2.3690398193323796,"Dorchester County, SC",South Carolina
1061,790,1.5846897427449065,1.7071773298282145,train,19015,26401,50.16476648611796,49.835233513882045,97.18571266239915,0.8901177985682359,98.33887043189371,71.07885994054905,27.260010491344644,1.6611295681063123,16.402062898169685,80.75639599555059,2.8415411062797045,25.710469347335447,52.49412740085671,21.795403251807837,40.896435005732386,35.868319047879034,23.235245946388602,10.067296845217255,14.057443365695793,10.415405777166438,14.137141526640534,5.0,32.12079615648593,79.84013384143508,33.85072962171205,3.8200576261734374,11.144158379031513,52985.0,0.3993,26935.0,68.64702945581628,4.45090909090909,81.45774426641533,78.27460510328069,13.86113729186302,98.63912515188335,10.273327049952876,0.0,2.3180940115904702,4.777777777777779,29.987500473466913,25.80962842316579,34.80928752698762,16.787242907465625,1.9241695390326123,4.877777777777779,5.513377048179599,0.6355992704018201,"Boone County, IA",Iowa
1062,1693,0.36000273403140703,0.998191228492251,train,31091,681,48.6049926578561,51.395007342143906,97.503671071953,0.8810572687224669,100.0,93.26923076923076,6.730769230769233,0.0,18.98238747553816,78.08219178082193,2.9354207436399222,10.921501706484642,65.69965870307168,23.378839590443693,40.65934065934066,36.263736263736256,23.07692307692308,18.865030674846626,42.66666666666667,20.044052863436125,23.70030581039755,6.0,45.10489510489511,75.0,53.52564102564102,1.9230769230769231,7.371794871794872,37317.0,0.4104,22949.0,61.28440366972477,2.095808383233533,79.87804878048779,69.5852534562212,8.231707317073171,100.0,15.853658536585364,0.0,3.9647577092511015,1.3333333333333333,18.208516886930987,19.089574155653448,29.074889867841417,35.82966226138032,1.6152716593245224,1.4333333333333333,2.7133695216972313,1.280036188363898,"Hooker County, NE",Nebraska
1063,2575,2.1835512754360096,2.2167705159238675,train,48119,5223,49.511774842044794,50.488225157955206,84.89373923032741,8.692322420065096,99.74402730375428,69.45392491467577,30.2901023890785,0.25597269624573377,10.854271356783919,87.41206030150755,1.7336683417085428,21.803626089004002,56.604662114433715,21.59171179656228,48.08908441022822,33.10420676381633,18.806708825955454,22.845496894409948,65.30324400564174,21.861604409063073,18.342391304347828,6.0,41.693409034806216,65.45643153526972,44.45020746887967,5.860995850622406,17.219917012448132,42432.0,0.439,20704.0,53.19095477386935,13.65139348134152,60.2161431948666,57.21295387634936,16.514690982776088,99.7055937193327,26.241134751773053,0.0,6.8351522113727725,8.777777777777779,28.2979130767758,23.166762397089798,33.697108941221515,20.696917480375266,6.4139383496075055,8.877777777777778,9.177643900060742,0.29986612228296394,"Delta County, TX",Texas
1064,2364,1.094901709271574,1.6986390932659934,train,46019,10292,49.41702293043139,50.58297706956861,94.6171783909833,0.06801399144966963,98.47715736040607,86.1772745021476,12.299882858258496,1.5228426395939088,16.217637008805358,79.14311998948614,4.639243001708503,22.8805277302712,52.85853896897142,24.26093330075739,46.857551896921976,35.433070866141726,17.709377236936287,10.628683693516699,7.874682472480947,13.30166270783848,14.940944881889765,6.0,34.546399792045754,76.17063005638637,32.802157391517525,5.295415543025251,14.783035057612159,41920.0,0.4473,23267.0,67.20621134359784,3.0154689641668297,62.42103465938193,63.892078071182546,15.417449206078196,96.26865671641792,27.112856411131983,0.9758897818599308,3.4784298484259617,2.888888888888889,31.859696851923818,25.14574426739215,32.190050524679364,17.741935483870968,5.314807617567043,2.988888888888889,5.466502926620518,2.4776140377316294,"Butte County, SD",South Dakota
1065,583,1.8786165133213217,1.899557589016472,train,16077,7731,50.57560470831717,49.42439529168284,85.17656189367482,0.3233734316388565,99.87368421052632,70.69473684210527,29.17894736842105,0.1263157894736842,9.805035017982208,89.28639030853681,0.9085746734809768,22.576687116564425,52.09465381244522,25.32865907099036,61.67306871532223,25.373452838241572,12.953478446436193,13.500456978717846,24.658254468980022,11.962735549438916,16.631881033133322,6.0,25.892023164580607,83.69098712446352,33.39836129535701,3.823644166991806,18.29886851346079,44779.0,0.3629,18877.0,65.2231467473525,8.843142939982604,68.68260665729021,64.09001956947162,12.025316455696206,99.51076320939337,22.128457571495552,0.0,31.496572241624627,6.4444444444444455,38.20980468244729,25.97335402923296,29.77622558530591,13.491139567973097,14.500064674686326,6.544444444444445,6.682937183353446,0.13849273890900093,"Power County, ID",Idaho
1066,253,2.232401036136941,2.0590228330762432,train,8025,5551,56.65645829580257,43.343541704197435,84.03891190776437,5.260313457034768,95.18987341772151,53.58649789029536,41.60337552742616,4.810126582278482,8.127317676143386,79.01730531520396,12.855377008652658,47.251279768528825,25.995993768083693,26.75272646338749,55.69904548006738,33.21167883211679,11.089275687815833,33.36403407782639,69.26605504587154,44.46428571428571,21.98597602352409,6.0,29.546495648190565,68.00684345594526,36.526946107784426,12.660393498716852,22.241231822070144,31151.0,0.4501,10742.0,60.53770086526576,26.595201633486468,47.306525037936275,40.16666666666666,36.19119878603945,99.5,18.588770864946888,0.0,30.15672851738425,9.222222222222221,28.985768330030627,33.02107728337237,33.471446586200685,12.15997117636462,10.700774635200863,9.32222222222222,7.838306732797716,-1.4839154894245032,"Crowley County, CO",Colorado
1067,2438,2.7578980068297776,2.838784943054474,train,47035,57455,48.77208249934731,51.22791750065269,97.0307196936733,0.5935079627534592,98.25323296660878,57.52750434279097,40.72572862381779,1.746767033391237,14.113660400164035,83.06749260754137,2.818846992294576,17.702967868530784,54.3046357615894,27.99239636987981,55.06005415287773,26.710791233713646,18.229154613408625,16.452314823004937,31.78324866484304,17.345132743362832,23.037653810269862,5.0,43.277955271565496,57.99727013277082,51.2594614716466,7.718079166149646,18.050213012367124,38576.0,0.4283,21770.0,47.41405340119916,8.742721979621543,60.17719517818325,67.98300424893776,21.77063434556353,99.28142964258934,24.1222580857651,0.08747813046738316,2.708206422417544,15.666666666666664,23.28256896701767,20.760595248455317,32.60812810025237,28.423983987468446,2.375772343573232,15.766666666666667,17.094981536781034,1.328314870114367,"Cumberland County, TN",Tennessee
1068,2088,1.9756230463738251,2.146294745331649,train,39103,174831,49.299037356075296,50.700962643924704,95.77134489878796,1.4236605636300197,99.34717107465684,78.15294849108041,21.19422258357645,0.6528289253431536,11.608017682042243,86.06247958741902,2.3295027305387404,24.640953009747328,56.780184439758905,18.578862550493763,38.96127699280192,30.263596374300192,30.77512663289789,7.418539714773617,11.363147131632767,7.003316763033905,9.948539061960352,2.0,28.308317345672044,80.49453046877369,30.57331596012242,3.1089966970697858,8.08157328565801,66952.0,0.4079,31760.0,69.44528691010554,4.735233104050661,83.7644365635584,69.68894510098414,9.298507322656608,97.66807636061816,9.503973280043533,0.5533378127346745,1.8291950512208928,7.1111111111111125,30.797169838300988,24.241696266680393,36.95969250304579,14.858348919813993,2.804994537582008,7.211111111111112,8.553108168191372,1.3419970570802597,"Medina County, OH",Ohio
1069,1630,2.61414643923577,2.4200910196293677,train,30077,6975,61.9068100358423,38.09318996415771,92.3010752688172,0.4731182795698925,100.0,72.20630372492836,27.793696275071632,0.0,18.866171003717472,76.46375464684016,4.670074349442379,28.74612750692973,38.95320397847709,32.300668514593184,48.109517601043024,32.613149562302105,19.27733283665487,13.78986866791745,39.671682626539,11.516563146997928,16.738037609383728,6.0,39.91894630192503,76.05042016806722,41.806722689075634,4.117647058823529,15.630252100840336,40000.0,0.4304,21536.0,61.67900092506938,2.212223472065992,69.50109821148416,60.07036059806509,12.864763100094132,97.97713280562886,22.372136805773454,0.43975373790677225,2.4946236559139785,13.555555555555555,19.78494623655914,25.634408602150536,41.18996415770609,18.07885304659498,7.225806451612903,13.655555555555557,11.246882955413591,-2.4086726001419656,"Powell County, MT",Montana
1070,1660,1.513905485712537,1.6049912823723462,train,31025,25360,50.19321766561514,49.80678233438486,96.81388012618295,0.9542586750788644,99.40771570353772,81.6551944933568,17.752521210180884,0.5922842964623019,12.602943520535574,84.86796663301631,2.5290898464481164,20.74596674724949,59.613202427352114,19.640830825398396,37.408242298133054,37.477602450725385,25.114155251141554,6.220267839296423,8.088749126484975,6.162954609529178,10.477756829395485,3.0,45.21436481569372,81.19106191061911,32.636326363263635,2.993029930299303,6.252562525625256,65619.0,0.4018,30694.0,70.75259608178995,3.3741867150854894,85.67212235041588,73.95336512983572,9.4311778910652,97.32379438261793,8.740273678561845,0.1589825119236884,2.870662460567824,4.4444444444444455,31.640378548895914,23.292586750788647,36.49053627760252,15.567823343848579,2.2318611987381707,4.544444444444445,4.977816207802307,0.43337176335786154,"Cass County, NE",Nebraska
1071,2878,2.232401036136941,2.2345669371646704,train,51137,34596,48.91316915250317,51.08683084749683,82.5846918718927,12.741357382356341,98.53967433445334,67.08451796329801,31.45515637115534,1.4603256655466528,11.329133141035372,84.34036739031427,4.330499468650372,25.538167398385497,53.214842090355475,21.246990511259032,46.842558778876544,28.094866849944605,25.06257437117885,12.112360213626035,28.207756705962755,10.253624702293903,14.507087723417367,6.0,37.4272062117366,74.7072599531616,37.275565964090546,3.747072599531616,10.14832162373146,65166.0,0.4113,29748.0,61.19425662842816,7.71570453134699,73.87909319899244,72.7455219271155,13.118387909319901,99.0117356392835,16.725440806045338,0.03088326127239037,4.055382125101168,9.222222222222221,28.62758700427795,24.150190773499823,34.278529309746794,19.178517747716494,4.673950745750954,9.32222222222222,9.342435114574442,0.020212892352223122,"Orange County, VA",Virginia
1072,2810,2.3014733641413554,2.1702116965066915,train,50023,59132,49.35060542515051,50.6493945748495,96.06980991679632,0.8675505648379896,98.54489429084995,66.93486262090218,31.61003166994779,1.4551057091500472,16.28308400460299,78.45666991236612,5.260246083030894,29.156154762145036,48.23500918319978,22.60883605465517,35.292436654600884,24.82377595732521,39.88378738807392,10.061468212153144,14.138307371763071,10.463872410775066,11.458297799761214,5.0,29.360704555534433,79.4998368146214,32.72682767624021,5.038348563968668,11.728949086161881,58788.0,0.4191,30598.0,69.57170253569146,4.612557427258804,74.8918438304536,63.860369609856264,21.944422326618362,97.95741921538959,7.121055285718078,0.21614611477358686,1.875465061218968,9.888888888888893,26.47635797875939,25.869241696543327,38.031860921328565,16.302509639450722,3.0626395183656907,9.98888888888889,8.76013833514377,-1.2287505537451207,"Washington County, VT",Vermont
1073,2518,2.0208114572284313,2.1730796085422277,train,48005,87748,48.874048411359816,51.125951588640184,78.43711537584902,15.095500752153894,99.7567438425785,59.993049824073665,39.76369401850484,0.24325615742148474,11.364963977412865,86.16213409489193,2.472901927695204,27.03755012759752,46.84797666788188,26.114473204520607,52.4149635810763,32.34035782476487,15.244678594158827,19.36585823961684,42.877724880982214,18.306306306306304,18.610059365212926,5.0,29.501044325829657,75.94088218945166,32.60634993296929,8.161396854461628,19.90648399437596,44223.0,0.4631,21688.0,62.86646514082818,8.891772248511678,58.183041989190905,59.184013322231465,17.90628155128383,98.13488759367192,27.792845406133075,1.4321398834304746,20.915576423394267,7.444444444444445,33.31699867803255,27.782969412408253,31.323790855632037,14.611159228700368,6.467383871997082,7.544444444444446,8.785297701488386,1.2408532570439395,"Angelina County, TX",Texas
1074,1462,1.410986973710262,1.5107512846361881,train,28135,14959,59.542750183835814,40.45724981616418,42.10842970786817,45.130022060298145,99.70008568980292,48.200514138817475,51.49957155098544,0.2999143101970865,16.823572563883115,80.62110282430615,2.5553246118107347,45.21692057845488,24.622998994663988,30.160080426881137,68.0596196049744,23.399780541331378,8.540599853694221,24.85235282911031,42.70769230769231,30.571519795657725,19.861124322267667,6.0,16.823762376237624,64.68308253533972,44.0720474236206,16.89466484268126,27.86137710898313,29731.0,0.4529,13819.0,57.25638831152954,18.85543455050181,55.202036271078605,35.393555203380885,24.46706967865097,100.0,24.928412344893406,0.0,16.65886757136172,4.0,19.098870245337256,39.94919446487064,31.39915769770707,13.049000601644494,12.761548231833679,4.1,4.530132935440337,0.43013293544033715,"Tallahatchie County, MS",Mississippi
1075,884,2.0640458562018624,2.0030415549445024,train,20005,16633,47.958876931401434,52.041123068598566,90.57295737389526,4.094270426261047,99.64084145715752,63.05797845048743,36.582863006670095,0.3591585428424833,18.02628097715848,76.43531175588676,5.538407266954757,34.596129417918256,43.23395352312637,22.16991705895539,48.19704433497537,31.931034482758626,19.871921182266007,19.24697038429136,35.73446327683616,20.33440648042372,16.57045634076685,5.0,26.05816978008985,75.30250290071274,34.361014420686224,4.690866898723686,15.017404276479366,43581.0,0.4364,21677.0,63.82470119521914,7.203495630461923,74.04123916724771,66.10911987256073,12.302022113756351,98.00876144962166,17.979878473951587,0.955794504181601,2.8497565081464558,7.777777777777778,33.24715926170865,30.980580773161787,29.72404256598329,15.57145433776228,5.332772199843684,7.877777777777777,7.411564532009291,-0.4662132457684862,"Atchison County, KS",Kansas
1076,1036,2.366081404553173,2.6470446350375196,train,21099,18441,49.39536901469552,50.60463098530449,93.26500732064423,4.706903096361368,99.57617666741022,73.07606513495428,26.500111532455946,0.4238233325897837,13.209200438116099,85.12595837897042,1.6648411829134722,22.22674536942805,55.47866205305654,22.294592577515434,68.55512696882032,21.11057537769205,10.334297653487623,24.863463341976058,45.69362261669954,29.4668179239932,21.300929235167974,6.0,22.410208617105173,67.54867013984097,37.31834384425553,12.174389909514673,22.100356457362214,34774.0,0.4797,18993.0,55.005476451259575,9.491570423470067,57.935851484238576,57.6048329779673,24.988512085286285,97.05046197583508,21.14695340501792,2.4164889836531627,1.6051190282522645,10.555555555555557,30.773819207201342,24.07678542378396,35.76270267339081,15.801746109213164,2.0280895829944146,10.655555555555555,14.112270046613531,3.4567144910579763,"Hart County, KY",Kentucky
1077,1802,2.5640942911418034,2.045694783987485,train,35025,68149,51.36832528723826,48.63167471276174,87.31896286079031,3.4512612070609987,99.52721004678652,64.63925141590742,34.887958630879105,0.4727899532134942,9.419464997154241,86.872291055558,3.7082439472877717,29.35801496652225,48.735722725482475,21.90626230799527,58.592031288193596,28.171596186751408,13.236372525054998,14.96100033384928,27.849955419691767,13.600416491062793,11.512629032500412,5.0,21.62586315128688,82.53531633176371,26.29493216466968,3.776399832160007,12.984288311809408,57533.0,0.4327,23804.0,66.15980273403703,5.724654264883776,61.10202412594562,58.58671171171172,14.887037415661421,94.77759009009009,26.35964015538745,2.716779279279279,54.515840291126786,12.888888888888893,37.174426624015034,31.277054688990297,28.195571468400125,10.686877283599172,9.229775932148677,12.98888888888889,7.734530499459087,-5.254358389429804,"Lea County, NM",New Mexico
1078,851,2.2082744135228043,1.9255774383867184,train,19137,10465,48.112756808408975,51.887243191591004,95.86239847109412,0.0,100.0,59.400781589231435,40.59921841076857,0.0,16.229570505511212,81.17319143544913,2.597238059039656,22.705483456097284,54.32012159476207,22.97439494914065,49.269085002707094,35.81483486735246,14.916080129940445,16.7643038469049,37.566450088600114,15.822599531615925,17.883566978193148,6.0,32.864544781643225,71.6052060737527,36.42082429501085,5.271149674620392,18.655097613882862,42418.0,0.4397,23445.0,63.17452293693921,8.521704340868173,71.96151249155976,75.76671694318753,20.64483457123565,99.34640522875816,12.525320729237,0.0,3.325370281892021,9.0,29.22121356903965,20.78356426182513,35.96751075011945,20.70711896798853,4.1376015289058765,9.1,6.859108234979098,-2.2408917650209013,"Montgomery County, IA",Iowa
1079,893,1.1314021114911006,1.2313619190056835,train,20023,2682,50.410141685309476,49.58985831469053,94.7054436987323,0.0,100.0,78.07971014492753,21.920289855072465,0.0,21.452621452621454,77.008177008177,1.5392015392015392,17.178460169114373,60.4361370716511,22.385402759234534,38.623523369286076,39.03441191576785,22.342064714946073,8.102991291177585,14.227642276422765,7.441860465116278,15.827338129496402,6.0,37.358490566037716,71.55309033280506,41.44215530903328,1.9017432646592711,4.437400950871632,44500.0,0.3947,26626.0,63.251563251563255,1.9011406844106464,79.17261055634808,80.79763663220089,7.774607703281027,98.81831610044314,16.761768901569187,0.0,6.487695749440715,3.0,27.330350484712906,20.581655480984335,31.692766592095452,26.771066368381806,5.2945563012677095,3.1,3.425892148147111,0.3258921481471111,"Cheyenne County, KS",Kansas
1080,1348,1.895451927785184,1.0957055211492153,train,27081,5808,50.24104683195593,49.75895316804408,97.21074380165287,0.3787878787878788,99.84532095901005,80.8197989172467,19.025522041763338,0.15467904098994587,18.683602771362587,79.72286374133951,1.5935334872979217,21.75386570641813,57.25481889430203,20.991315399279813,48.590701035894966,32.23319682004336,19.17610214406168,9.297374024130587,7.711651299245597,11.023220209237053,14.088250930356194,6.0,35.290208241027905,74.72967561073288,39.32719263115739,3.2839407288746494,5.166199439327191,49575.0,0.4317,26910.0,68.29885057471265,2.6926960619320095,81.07131120604666,72.0734506503443,11.896155110088728,99.23488905891355,10.285902070325337,0.0,1.7389807162534434,6.5555555555555545,27.995867768595037,20.17906336088154,32.62741046831956,24.931129476584026,2.4104683195592287,6.655555555555554,2.991292359118277,-3.664263196437277,"Lincoln County, MN",Minnesota
1081,1390,1.2335316065674804,1.3491665701519884,train,27165,11054,49.46625655871178,50.53374344128822,94.13786864483444,0.5970689343224173,99.21259842519686,61.64229471316085,37.570303712036,0.7874015748031495,16.566963740690998,80.80820412648029,2.6248321328287147,26.792885829030403,51.73838209982789,21.46873207114171,54.69229742357496,29.475370444533443,15.832332131891606,10.849013308857273,19.412288512911843,9.990625418508102,10.605366791830754,6.0,27.769784172661872,77.70786516853933,32.42696629213483,3.235955056179776,10.157303370786515,50604.0,0.4217,25973.0,69.65525642587404,2.8156698146204966,73.52657004830918,75.03751875937971,14.041867954911432,98.4992496248124,15.958132045088568,1.0505252626313155,22.127736565948982,3.333333333333333,29.91677220915507,25.86394065496653,30.61335263253121,19.006694409263613,5.265062420843135,3.433333333333333,3.854211976445238,0.4208786431119047,"Watonwan County, MN",Minnesota
1082,423,1.6072132174119893,1.940394849081965,train,13087,27378,48.794652640806476,51.205347359193496,53.075462049821034,41.62100956972753,100.0,44.832648267762785,55.167351732237215,0.0,17.622036623956014,79.91907454479431,2.4588888312496757,34.62990241207881,40.457558460688645,24.912539127232552,55.11417300961165,29.062725706983727,15.823101283404634,28.38882510524301,66.15196078431373,32.25123018042646,16.572020566341802,5.0,20.13491714327614,64.70699076691162,33.34275485208216,7.678537780290183,20.991143772376105,31284.0,0.5226,18310.0,54.291800893692205,6.459948320413438,52.192695378976296,52.77217741935484,18.804817384474408,96.27016129032258,31.62717633198063,2.34375,5.5080721747388415,4.888888888888889,31.620279056176486,27.748557235736733,32.24852071005917,15.107020235225365,5.303528380451457,4.988888888888889,6.9614991695958635,1.9726102807069745,"Decatur County, GA",Georgia
1083,1211,2.864737343925377,2.622313819846216,train,25001,214766,47.60716314500433,52.39283685499567,92.77259901474164,2.5935203896333685,99.1290806321375,68.18837236128735,30.94070827085015,0.8709193678624985,17.550140030716413,78.452773511609,3.9970864576745866,25.670262106492142,50.94313349543162,23.386604398076248,29.81733938148342,30.11346361989079,40.06919699862579,8.682556992262553,15.622769753610873,8.411072495579539,13.362507536930964,4.0,33.52280326334091,69.81475793554128,44.05774383850365,4.786214346992597,8.475168666659608,63251.0,0.457,37678.0,61.54790462997376,6.9525517392815965,75.58223170217516,74.69492273730684,22.615474920839638,97.36335540838851,6.698248137767968,0.12008830022075055,2.5846735516795016,17.444444444444443,21.45916951472765,19.796895225501245,36.92344225808553,27.05968356257509,4.633880595625005,17.544444444444444,13.76754237218591,-3.776902072258535,"Barnstable County, MA",Massachusetts
1084,2973,2.436533065503785,2.5364120323128443,train,53055,15956,47.9004763098521,52.099523690147905,92.57332664828276,0.6517924291802457,99.74070872947277,64.43388072601556,35.30682800345722,0.2592912705272256,17.686922847780753,77.83735478105451,4.47572237116473,20.815602836879425,55.04964539007092,24.13475177304965,21.818465377417343,31.62819713038053,46.55333749220213,11.570929863535385,24.305177111716624,11.382987517566338,13.011760266649894,6.0,36.314979104039885,71.49714582252206,43.43539180072653,2.776336274001038,8.575505967825636,55960.0,0.4907,39266.0,58.7308598351001,5.214339433441966,70.00327118089629,70.65488329934286,13.280994438992474,98.54973940629957,20.106858575945914,0.4758667573079538,5.8473301579343175,11.333333333333336,19.127600902481824,16.601905239408374,40.887440461268476,27.989471045374774,6.774880922536978,11.433333333333337,12.634258239531443,1.2009249061981055,"San Juan County, WA",Washington
1085,907,1.296248080435107,1.3960577994974976,train,20051,28993,49.84651467595626,50.15348532404374,94.29172558893526,1.145103990618425,99.72433922490677,67.92605805091618,31.798281173990606,0.2756607750932382,18.41704015155016,69.1909624358915,12.391997412558332,38.46218699940983,43.75685018126633,17.780962819323832,34.327592106764,33.33523440173378,32.337173491502234,15.639708259979162,14.519427402862986,19.733716369261366,11.21287042518369,5.0,22.023783404273992,81.31172448721195,27.80450747024563,2.0849160124926143,7.098843589094285,45579.0,0.4639,26098.0,73.27804142457977,4.351773393051689,82.07894877410395,76.73810768426557,9.107419475455373,98.84997386304234,12.130762245606535,0.0,5.484082364708723,3.5555555555555562,28.555168488945604,37.33659848929052,27.52043596730245,13.861966681612802,4.5631704204463155,3.6555555555555563,4.0392450249505085,0.3836894693949522,"Ellis County, KS",Kansas
1086,2007,0.2793138227812645,0.3792103648947289,train,38047,1945,48.48329048843189,51.516709511568116,97.9948586118252,0.3084832904884319,100.0,89.02743142144638,10.972568578553616,0.0,20.21857923497268,78.2103825136612,1.5710382513661203,20.04875076173065,60.14625228519196,19.80499695307739,57.37024221453287,29.965397923875432,12.664359861591695,8.083511777301927,2.307692307692308,10.7008289374529,15.508021390374331,6.0,28.56217616580311,74.03189066059225,41.57175398633258,2.277904328018223,4.441913439635535,51458.0,0.4832,32180.0,64.32947583390062,1.2698412698412698,86.59160696008188,77.03252032520325,8.597748208802457,97.76422764227642,8.495394063459571,0.0,1.4395886889460154,1.2222222222222223,26.889460154241643,15.938303341902316,34.8586118251928,28.586118251928024,1.6966580976863752,1.3222222222222224,1.4611303739530153,0.13890815173079285,"Logan County, ND",North Dakota
1087,482,2.0780516873907815,2.1320126385592095,train,13207,26915,50.2916589262493,49.7083410737507,73.36057960245215,24.15381757384358,99.85942716570023,64.10121244069583,35.75821472500439,0.14057283429977158,10.5437233775996,86.96066148834879,2.4956151340516155,28.950325915936165,48.38840188806475,22.661272195999107,53.67674505412467,24.998666879965874,21.32458806590945,13.646488725624291,14.869281045751634,16.068833207371664,14.992591437261172,4.0,30.358327803583283,74.40768187036844,36.83331593779354,6.09539714017326,15.259367498173466,48744.0,0.4798,25539.0,60.65647707341518,10.34368803701256,69.00389888064394,59.75820379965458,14.866054584329015,98.24821120157908,19.940887938624073,0.2467308166790032,2.2478172023035485,7.8888888888888875,28.497120564740854,25.799739921976595,36.65985509938697,15.965075236856773,2.4856028237042542,7.988888888888888,8.43181995140435,0.4429310625154619,"Monroe County, GA",Georgia
1088,2418,1.166617017782167,1.776412611457433,train,46129,5495,48.9171974522293,51.0828025477707,82.18380345768881,0.20018198362147407,100.0,72.66009852216749,27.339901477832512,0.0,22.140039447731752,76.70118343195266,1.158777120315582,22.13535849899486,52.0884520884521,25.77618941255305,48.2635342185904,30.0561797752809,21.680286006128703,12.238749764639428,14.245014245014243,13.858093126385805,14.538273462478841,6.0,36.06749472697445,75.05232314776056,38.467978233570534,4.562578484721642,16.199246546672246,43221.0,0.4262,25553.0,65.50378141010003,5.772811918063315,71.64435290078957,56.99831365935919,16.821146584277376,99.24114671163576,17.43906625472022,0.0,4.6769790718835305,3.111111111111111,27.95268425841675,21.546860782529574,32.52047315741583,23.74886260236579,17.616014558689717,3.2111111111111112,5.908621830747545,2.6975107196364334,"Walworth County, SD",South Dakota
1089,1364,2.0640458562018624,1.3912051328313775,train,27113,14110,50.226789510985114,49.77321048901489,93.756201275691,1.6583982990786676,99.23896499238964,66.3318112633181,32.90715372907154,0.7610350076103499,19.49072321090496,76.41991669822036,4.089360090874669,32.18178621659634,47.29254571026723,20.525668073136426,44.88963280677896,39.02081807720473,16.089549116016318,9.296609556856794,12.076788830715532,9.70873786407767,13.647803264543034,6.0,27.436656186425015,79.13851351351352,30.13513513513513,4.847972972972973,10.506756756756756,47127.0,0.4157,25500.0,72.84880436829222,2.7138795554406823,78.71637564889099,70.6896551724138,18.93581878244455,98.97483690587136,7.739499764039643,0.0,3.3097094259390496,7.777777777777778,29.759036144578317,28.33451452870305,32.21828490432318,16.087880935506732,4.5854004252303335,7.877777777777777,4.019691397251637,-3.8580863805261405,"Pennington County, MN",Minnesota
1090,2126,2.48398029492787,2.3613060626758386,train,40003,5755,60.017376194613384,39.982623805386616,78.36663770634232,1.911381407471764,100.0,63.57012750455373,36.429872495446254,0.0,16.109422492401215,79.60762641613705,4.28295109146173,19.818144244678653,45.629262244265355,34.552593511055996,52.40306477826794,27.44369630833527,20.1532389133968,12.904599659284495,25.67409144196952,11.955514365152919,16.645489199491738,6.0,36.718917758213436,78.13706563706562,37.5965250965251,3.7162162162162162,8.349420849420849,50156.0,0.5004,28233.0,62.44481236203091,4.507291206363235,69.58955223880598,77.96610169491525,11.902985074626866,97.45762711864408,21.56716417910448,0.5296610169491525,4.986967854039965,11.888888888888893,23.840139009556907,23.52736750651607,38.505647263249344,18.8879235447437,19.72198088618593,11.988888888888894,10.604792935782246,-1.3840959531066481,"Alfalfa County, OK",Oklahoma
1091,462,2.2204104848050292,1.8095304962016516,train,13165,8922,49.80945976238512,50.19054023761489,62.642905178211144,33.53508182021968,100.0,34.33362753751103,65.66637246248897,0.0,16.626102829327653,78.53665956799514,4.837237602677213,31.46099698319207,36.04367188622325,32.495331130584695,65.61238223418573,22.19044414535666,12.197173620457606,33.79005775110407,135.84117032392894,34.43762781186093,16.493212669683256,6.0,25.78125,64.43490701001431,42.40343347639485,10.958512160228901,21.00143061516452,24604.0,0.5372,17366.0,51.44508670520232,10.2602010644589,49.13827655310622,51.51515151515152,19.19839679358717,99.11616161616163,34.00801603206413,0.0,7.778524994395876,9.111111111111107,31.013225734140324,24.01927818874692,32.07800941492938,18.50481954718673,3.822013001569156,9.211111111111105,6.107579227320807,-3.103531883790298,"Jenkins County, GA",Georgia
1092,1180,2.502346284073356,2.535297082228994,train,23019,153437,49.3453339155484,50.65466608445159,95.20063609168585,0.8257460716776266,97.91443295403452,66.08791892920141,31.82651402483312,2.0855670459654827,14.866381068951448,77.26778185774512,7.865837073303415,31.309669900514788,46.53191013143779,22.15841996804743,44.189928328932474,31.35703508110147,24.45303658996605,17.015163716270624,25.396896582653152,19.4052546247344,18.084292703511764,4.0,32.84181009475923,72.60742581446759,35.68166782308425,7.682377809691316,21.12048795443177,44271.0,0.4468,24149.0,62.604853632887966,7.510612255527487,65.818262554497,65.12742229572149,24.169425157435807,98.31234363736591,14.662724043274665,0.15265233430861214,1.1998409770785403,12.111111111111107,25.95918846171393,29.436837268716154,35.68630773542236,15.958341208443857,3.973617836636535,12.211111111111109,12.620179522239859,0.40906841112875014,"Penobscot County, ME",Maine
1093,3057,1.9600947840472698,1.9085756187019476,train,55035,101281,49.161244458486784,50.838755541513216,92.7518488166586,0.7375519594000849,98.97011405746186,73.61278213581018,25.357331921651678,1.0298859425381397,15.96816349045824,74.25366763419535,9.778168875346406,37.34153816798445,45.21126256663447,17.447199265381087,33.710076830274936,35.20223506254365,31.08768810718141,15.318491032776748,17.07344955701629,18.364443344725725,11.118511964528926,4.0,24.509608682664545,79.56784398265359,29.42621512546061,3.7024039305141256,12.957160404080913,49513.0,0.4467,26034.0,70.6494483450351,5.5687666370896185,77.60971420823478,74.07905551819472,14.288081715051902,98.81192557722484,11.390993868358017,0.19427632070537248,2.184022669602393,7.0,28.688500311015886,36.54683504309792,29.288810339550363,13.554368539015211,6.510599223941312,7.1000000000000005,6.743476672434035,-0.3565233275659656,"Eau Claire County, WI",Wisconsin
1094,2755,1.8440707637960658,1.67400513215383,train,48479,263251,48.691932794177426,51.30806720582258,94.19527371216064,0.3939206308807943,99.62991689750693,60.70914127423824,38.920775623268696,0.3700831024930748,6.461928784258195,90.92073044812227,2.6173407676195533,35.73957860442759,42.16465938526451,22.095762010307894,59.130848444145954,23.754757107678532,17.11439444817551,31.756449136128282,75.02938641172322,34.97468827236532,12.319184981333988,3.0,9.94665031072433,82.44674743067118,23.858873514382505,8.023769880002298,32.0390997301487,38862.0,0.4788,15096.0,61.10146831167613,5.662188099808063,41.909418805370656,31.376714543019446,12.865807378948569,92.16736710848382,46.738042624073934,5.555812127649748,95.30790006495701,6.222222222222222,43.30923719188151,31.725615477244148,25.550900091547607,8.376416423869237,5.4108056569585665,6.322222222222222,5.333486394634489,-0.9887358275877327,"Webb County, TX",Texas
1095,1165,2.8773240425036892,2.454052875176461,train,22117,46556,49.12793195291692,50.87206804708308,67.52513102500214,30.13145459231893,99.56763434218657,60.442954204535425,39.1246801376511,0.4323656578134651,15.84526019522127,81.27732199532906,2.877417809449668,28.78624845322,44.59030505191801,26.623446494861998,63.69609594284256,23.97614187292677,12.327762184230671,26.43701316142896,47.62654078153685,32.40619675898412,23.56488720125084,5.0,32.83047813858348,64.61599636446263,38.47989093387866,17.46762099522836,29.135423767325612,30705.0,0.4956,17745.0,53.489137590520066,14.657342657342653,50.87001023541453,51.79713027418668,26.99874900489025,98.11052706350334,27.650782819667157,0.3835772126722546,2.049145115559756,17.666666666666668,31.00137468854713,26.18566887189621,33.73356817596013,15.686485093221071,2.3434143826789238,17.76666666666667,11.63540814460086,-6.13125852206581,"Washington Parish, LA",Louisiana
1096,1020,2.6695403463403347,2.4168984221100596,train,21067,308306,49.12619280844356,50.87380719155645,76.0387407316108,14.534261415606572,99.15222886737776,62.62870707195265,36.52352179542512,0.8477711326222331,17.531226019587525,71.59722011471578,10.871553865696683,37.80247235696185,41.126357444150585,21.071170198887557,30.800032154017742,28.02976256267521,41.170205283307034,18.93060696470237,30.418593232128977,21.53786395536216,11.335749127079987,3.0,21.599022266481768,82.3684712767988,23.317322984922704,4.710859469431896,12.72107004262358,49778.0,0.4986,30031.0,70.1968497318742,6.639446333636669,76.05315972392187,68.48297581555649,11.858142836164275,97.67960068928636,14.92290371530667,0.5793570622140353,6.856175358247975,14.333333333333336,27.81165465479102,36.99895558308953,30.568655815975042,11.313111000110277,9.426997852782623,14.433333333333335,11.211033441774555,-3.22229989155878,"Fayette County, KY",Kentucky
1097,2130,2.3014733641413554,2.235967085290266,train,40011,9810,53.40468909276249,46.59531090723751,78.80733944954126,5.616717635066259,99.1456642460487,70.01281503630928,29.132849209739426,0.8543357539513029,19.38811188811189,79.05594405594407,1.5559440559440558,24.25882959525651,46.32637277648878,29.41479762825471,53.9708265802269,29.748047738323255,16.281125681449833,16.05214152700186,29.546726357022944,15.376884422110553,20.66575918821928,6.0,34.81640310908604,72.96089385474859,42.12290502793296,5.64245810055866,15.865921787709498,41972.0,0.4442,19576.0,57.99651567944251,2.9137879243015923,71.09585682765383,68.27212522576761,14.979161559205684,98.55508729680916,19.735229222848734,0.8428657435279951,9.082568807339447,9.888888888888893,28.766564729867483,24.913353720693173,33.11926605504587,18.032619775739047,15.57594291539246,9.98888888888889,9.355525069387983,-0.6333638195009073,"Blaine County, OK",Oklahoma
1098,2230,2.436533065503785,2.561343183797433,train,41057,25430,50.62917813605977,49.37082186394023,91.62799842705464,0.2320094376720409,100.0,71.32490151358076,28.675098486419238,0.0,14.980143769165034,77.00196048861409,8.017895742220881,21.904406969160533,49.09158669523898,29.00400633560049,45.13690664975156,33.835500581456806,21.027592768791628,17.429634422516983,29.35107249524844,19.294890947116823,17.951306173537372,6.0,37.227983058273686,63.19595799484844,45.94808797305329,4.0221914008321775,19.615613235585496,42581.0,0.4266,22426.0,52.386682711592464,7.743108728943338,61.587368126877664,68.37151482862724,23.3983092293719,98.13532232285564,19.611541954866205,0.6038003906943704,9.984270546598506,11.333333333333336,24.593000393236327,21.98977585528903,36.49626425481714,22.41447109712937,8.1399921352733,11.433333333333337,12.953204170024453,1.5198708366911156,"Tillamook County, OR",Oregon
1099,2467,2.932082246477535,2.5888996263331867,train,47093,444348,48.609648293679726,51.390351706320274,85.65156138882138,9.069468074572182,99.44744429882044,70.07287024901704,29.37457404980341,0.5525557011795544,17.113233854460233,76.20605772938977,6.680708416149992,31.196653820641718,47.04057187652466,21.762774302833613,36.28355832843968,29.169141782558665,34.54729988900166,15.973733696318414,26.134947957830445,17.167713570015486,12.735356834989341,3.0,25.15029858841288,77.29252084612872,28.69821666694332,4.736926558548988,13.829545894682093,48701.0,0.4795,28337.0,65.8436440395769,6.3045036566648935,74.64702616469067,66.17794671800694,13.091130148779616,97.1664116108012,15.009733574154374,0.4920109920850405,3.793648221664101,18.666666666666668,28.27108482540712,31.70780559381386,32.71039815639994,14.069378055037944,5.278970536606444,18.76666666666667,13.315111940571526,-5.451554726095143,"Knox County, TN",Tennessee
1100,2131,2.8455551700866035,2.714243842532979,train,40013,44003,48.660318614639905,51.339681385360095,74.18130582005772,1.9453219098697807,98.79859347528814,65.6866575503028,33.11193592498534,1.2014065247118575,15.4355219216275,78.40007353166456,6.1644045467079245,24.954164668716327,46.72101091586043,28.32482441542324,49.13380402961943,29.381780609609088,21.48441536077148,18.34397296282388,29.990872343199896,20.336983372045868,19.312260404471683,5.0,26.78206230178725,70.7010582010582,37.87878787878788,7.425444925444926,15.746753246753249,38847.0,0.4508,20688.0,59.178345287038965,7.408722109533468,59.79633090506884,62.03547297297297,18.627712727411424,98.45157657657656,27.613562683550096,0.14076576576576574,5.4337204281526255,17.11111111111111,29.918414653546357,29.691157421084924,30.311569665704607,16.7034065859146,23.87337227007249,17.211111111111112,15.093192925327415,-2.1179181857836973,"Bryan County, OK",Oklahoma
1101,2837,1.928295602354331,2.0280069958319533,train,51049,9859,50.10650167359773,49.89349832640227,63.01856172025561,33.147378030226186,98.56115107913669,49.49640287769784,49.06474820143885,1.4388489208633095,14.261614326498833,81.6376849208409,4.100700752660265,30.35081285906369,44.05329421831072,25.595892922625595,59.014705882352935,26.44117647058824,14.544117647058822,20.452915257710828,61.186848436247,18.922651933701655,17.202556040166346,6.0,28.1068524970964,72.93120638085743,38.758723828514455,3.963110667996012,23.703888334995014,39301.0,0.4341,22860.0,64.49864498644986,10.104041616646658,62.800135272235366,65.72207084468666,15.454852891444032,94.44141689373295,27.76462631044978,0.0,0.1217161983974034,6.777777777777778,27.873009433005382,25.012678770666394,34.97312100618724,18.612435338269602,3.8340602495182075,6.877777777777777,7.598926564715412,0.7211487869376345,"Cumberland County, VA",Virginia
1102,550,2.1959892467282267,2.288265829377038,train,16011,45407,50.02532649151014,49.97467350848989,86.45583280110996,0.29290638007355696,99.81393425677072,76.9416304872166,22.87230376955413,0.1860657432292744,9.793089922531298,87.65730722714346,2.5496028503252384,24.58675193050193,56.92567567567568,18.487572393822393,44.231622541044224,38.282058867031495,17.48631859192427,13.520770459790521,23.09072270630445,12.433522831468911,13.08566491659467,5.0,24.51997924234561,78.60933460334739,32.43298407946659,3.9665260579670703,14.498571234181519,50155.0,0.39799999999999996,20164.0,65.75646720668932,6.949135704351282,71.16245602814199,61.89285714285714,11.248800767508797,97.16071428571428,21.22641509433962,0.2142857142857143,17.693307199330498,8.888888888888891,39.586407382121685,26.843878697117187,28.649767656969196,12.493668377122471,13.25126081881648,8.988888888888889,9.857827694449055,0.8689388055601661,"Bingham County, ID",Idaho
1103,2635,1.5846897427449065,1.9427739615213666,train,48239,14486,48.73671130746929,51.263288692530715,88.08504763219659,7.2414745271296415,98.57870742826496,77.92973987664253,20.648967551622427,1.4212925717350495,12.870722433460074,83.07984790874525,4.0494296577946765,24.124582086925926,53.607249692064045,22.268168221010036,52.99864878910717,29.581124623220038,17.4202265876728,12.433079740772051,18.351577591757888,12.815013404825738,15.930942522282267,6.0,28.51827736954701,73.38030925817185,35.0753572127618,6.009003718927382,9.003718927383051,54926.0,0.4334,25687.0,61.71102661596958,5.113986444855208,71.51631940262556,60.80288678394227,11.670480549199086,99.23319801533606,19.077441888474052,0.7668019846639603,30.843573105066962,4.777777777777779,33.0387960789728,25.50048322518293,32.44511942565236,16.2708822311197,4.673477840673754,4.877777777777779,6.978081076155841,2.100303298378062,"Jackson County, TX",Texas
1104,532,1.4891517465595983,1.3889653202730152,train,13307,2720,50.36764705882353,49.63235294117647,43.19852941176471,55.845588235294116,100.0,39.93759750390016,60.06240249609984,0.0,15.477338476374154,82.2082931533269,2.3143683702989395,31.97807217907721,41.982640475102784,26.03928734582001,70.65158858373721,21.755519655358103,7.592891760904684,22.451994091580506,49.52830188679246,23.74701670644391,21.325966850828728,6.0,16.017316017316016,76.08286252354048,35.2165725047081,7.8154425612052725,24.01129943502825,37063.0,0.4204,18767.0,58.29315332690454,5.789909015715468,65.38936959208901,43.20175438596491,17.79975278121137,100.0,20.828182941903588,0.0,0.9558823529411764,4.333333333333333,29.411764705882355,26.213235294117645,33.45588235294117,16.76470588235294,0.9558823529411764,4.433333333333333,4.010698117369703,-0.42263521596362974,"Webster County, GA",Georgia
1105,2658,1.6072132174119893,1.7600655498093236,train,48285,19549,48.37076065271881,51.62923934728119,78.05002813443144,6.972223643153103,99.89023051591656,72.25027442371021,27.639956092206372,0.1097694840834248,13.455195162177016,85.69956019791094,0.8452446399120396,21.46899841017488,57.634340222575524,20.89666136724961,59.79525703343644,24.29665635586979,15.90808661069377,9.239870170662758,12.3114956736712,9.532049352994283,19.007010568169925,6.0,29.011604641856746,74.82145175951175,39.09881833528113,4.181275159070252,8.011946500454489,48677.0,0.44799999999999995,27288.0,62.854591661515215,3.9012129821877393,70.19194580353782,63.34266090053422,8.646970267218668,98.67718137878404,22.59126834776063,0.0,17.53542380684434,4.888888888888889,29.055194639111978,22.098317049465447,32.861015908742125,21.740242467645405,14.977748222415466,4.988888888888889,5.812818411053145,0.8239295221642564,"Lavaca County, TX",Texas
1106,1120,2.0640458562018624,1.9410019015791964,train,22027,16639,57.239016767834606,42.76098323216539,46.52923853596972,50.16527435543002,99.71500949968336,42.210259658011395,57.50474984167193,0.2849905003166561,16.57142857142857,80.93506493506493,2.4935064935064934,38.597240005690715,33.155498648456394,28.2472613458529,64.4310666440563,22.74885535017805,12.820078005765646,27.65623935118926,89.73268529769139,28.776898204928088,20.665034679722567,6.0,22.56843979523704,66.59261790840738,38.568010936431996,14.42241968557758,26.17908407382092,32072.0,0.4912,17547.0,54.49428472462764,13.062132528205945,53.926174496644286,61.004601226993856,23.43400447427293,96.16564417177914,26.39821029082773,1.5337423312883436,1.370274655928842,7.777777777777778,25.957088767353806,28.433199110523468,35.350682132339685,17.23661277721017,3.3054871086002766,7.877777777777777,6.965726448011384,-0.9120513297663937,"Claiborne Parish, LA",Louisiana
1107,1265,2.1835512754360096,2.1922855832038133,train,26081,622590,49.12028782987198,50.87971217012801,81.24174818098587,9.722771004995264,99.10978851925407,67.19732492401795,31.91246359523613,0.8902114807459249,13.62381807617136,79.61786663849419,6.75831528533446,34.12715067181436,47.60418470565465,18.268664622530988,35.92024578031519,30.82950856375237,33.25024565593244,15.262114810727509,26.375164824431447,15.417368106226766,11.296410345936804,1.0,20.577927602882106,80.45853168556111,27.038431325414987,5.492335626993358,16.001820047132355,53063.0,0.4554,27032.0,70.57914756317983,7.300261931405945,75.20927353380098,69.56278653695628,14.49233669729248,97.72168176227215,13.444363677460615,0.42211785754221176,10.042564127274767,8.777777777777779,32.33219293596106,31.150837629900888,31.55865015499767,11.894826450794262,9.035480814018856,8.877777777777778,8.955658643794711,0.07788086601693323,"Kent County, MI",Michigan
1108,2602,0.09531017980432493,0.1951392770064786,train,48173,1180,55.50847457627118,44.49152542372881,90.33898305084746,0.0,100.0,97.10982658959536,2.8901734104046244,0.0,11.270983213429256,88.72901678657075,0.0,21.84782608695652,70.32608695652173,7.82608695652174,46.564885496183216,28.88040712468193,24.55470737913486,3.389830508474576,0.0,5.037783375314862,4.745762711864408,5.0,17.62589928057554,78.42227378190255,23.201856148491878,0.0,2.0881670533642693,67303.0,0.47,35054.0,61.39088729016785,2.5390625,72.12121212121212,71.83908045977013,2.575757575757576,93.67816091954023,26.66666666666667,0.0,34.06779661016949,1.0,38.983050847457626,21.779661016949152,34.15254237288136,14.745762711864407,9.661016949152543,1.1,1.2154802631537696,0.11548026315376947,"Glasscock County, TX",Texas
1109,2855,2.1835512754360096,2.2557531081403805,train,51087,318864,47.188142907320994,52.811857092679006,58.593946008329574,29.556488032515432,98.73121114084488,64.2196216266592,34.51158951418567,1.268788859155117,15.345720781345115,79.16813331069525,5.486145907959632,32.28754651625436,44.37865206231813,23.333801421427523,32.18288773496824,27.13650349779002,40.680608767241736,10.730546652280802,19.323881172839503,9.954576249607827,10.217298679164893,2.0,26.202477047261077,81.93179173121223,27.320228912664838,3.8847731340648046,9.49762820152662,61934.0,0.4476,33634.0,72.01275814138205,6.381732012063765,79.03059006909369,71.57464212678939,8.894750778115837,96.21075424034643,14.797440086329644,0.6038734512209791,5.289715991770786,8.777777777777779,29.813337347583925,29.092967534748354,33.95366049475639,13.353028250288524,11.849565959154999,8.877777777777778,9.54247712191357,0.6646993441357925,"Henrico County, VA",Virginia
1110,1883,1.561647248597752,2.0454447481210085,train,36123,25187,48.7195775598523,51.2804224401477,97.16917457418509,1.032278556398142,99.27373335638941,74.51149922185715,24.76223413453225,0.7262666436105828,13.162544169611307,83.76766784452295,3.0697879858657244,29.38388625592417,51.34118336834905,19.274930375726786,48.78122542793202,27.52071614347064,23.69805842859736,14.37630371297455,27.438752783964357,13.808157664961955,13.19827620927142,2.0,28.277289187791,73.23393316195373,38.75578406169666,5.552699228791774,14.38560411311054,49510.0,0.4370000000000001,25224.0,63.37117628508358,6.460977025794144,63.950885285937176,70.15169194865811,18.485855776405945,97.99299883313887,20.49386066074215,0.2333722287047841,2.028824393536348,4.666666666666667,31.2780402588637,25.076428316194864,33.946083296938895,17.771072378608014,1.7985468694167626,4.766666666666667,7.732596831177153,2.9659301645104863,"Yates County, NY",New York
1111,2671,0.09531017980432493,0.19524078753125784,train,48311,778,52.05655526992289,47.94344473007713,93.95886889460155,0.0,100.0,67.2316384180791,32.7683615819209,0.0,8.652246256239602,86.85524126455906,4.492512479201332,27.34499205087441,55.64387917329093,17.011128775834653,52.75735294117647,31.801470588235286,15.441176470588234,11.825192802056556,12.738853503184714,13.610586011342154,24.807197943444727,6.0,22.961730449251245,78.05755395683454,43.165467625899275,2.1582733812949644,7.553956834532374,46250.0,0.5262,27608.0,62.7287853577371,14.058355437665785,78.37837837837837,80.08658008658007,1.0810810810810811,95.23809523809523,20.54054054054054,3.463203463203463,48.0719794344473,1.0,28.53470437017995,24.164524421593825,23.393316195372748,29.69151670951157,6.041131105398457,1.1,1.2156036534557422,0.11560365345574208,"McMullen County, TX",Texas
1112,772,2.7578980068297776,2.5450856711236485,train,18163,181305,48.35001792559499,51.64998207440501,86.15371887151484,9.056562146658944,99.24215720831863,60.040787552243316,39.20136965607533,0.7578427916813535,18.44845797938021,76.684469702605,4.867072318014788,31.480904658721556,44.62757313109426,23.891522210184174,44.52942094584049,31.307040818841237,24.163538235318278,16.564061666274608,32.658998646820024,16.585104822074346,14.385028831579948,3.0,26.240372306190725,75.93139038225743,30.23161809288977,6.229031084522414,13.867442769176874,43046.0,0.4617,24961.0,65.19307992343009,6.0933205285293255,72.11265118742827,64.43475552787294,14.490156263794471,98.12753036437248,16.474794738236074,0.12846465275615074,2.435123135048675,15.666666666666664,28.398003364496287,30.351617440225034,32.699594605774806,14.951049336752984,4.789718981826205,15.766666666666667,12.744319859500626,-3.0223468071660413,"Vanderburgh County, IN",Indiana
1113,67,1.8786165133213217,1.778670698576084,train,2013,3304,66.52542372881356,33.47457627118644,21.54963680387409,9.20096852300242,98.75621890547264,61.94029850746269,36.81592039800995,1.2437810945273633,15.553809897879026,78.24037706205813,6.205813040062844,33.67037411526795,17.492416582406477,48.83720930232558,57.73809523809523,28.214285714285715,14.047619047619047,16.798298906439854,30.16393442622951,18.94001643385374,7.790239466505,6.0,11.295336787564766,91.59420289855072,16.3768115942029,2.1739130434782608,15.797101449275365,61518.0,0.3743,28608.0,89.22279792746114,2.8648857917150603,33.04959289415248,32.64248704663213,5.477424130273873,86.52849740932642,62.583271650629165,9.844559585492227,12.04600484261501,6.4444444444444455,16.283292978208234,32.384987893462466,49.54600484261502,5.8414043583535085,69.24939467312348,6.544444444444445,5.921979088843085,-0.62246535560136,"Aleutians East Borough, AK",Alaska
1114,2308,2.7718940365571028,2.7370183833645605,train,44007,630459,48.41662978877294,51.58337021122706,73.46790195714551,9.604272442775821,99.53583587036398,54.70612936606729,44.82970650429672,0.4641641296360173,15.579593875187285,78.03695714543774,6.383448979374981,39.46451441691954,37.95128592691735,22.584199656163104,46.70290386882638,26.496086666256318,26.801009464917307,17.71793875137491,35.58611764464211,18.113540479475336,12.938742428807833,1.0,20.005321529213983,75.41589028218428,29.25710496718202,8.686693189639254,21.19151936344866,49743.0,0.4817,27162.0,67.46036472054587,9.08551321933194,67.62858862786774,56.993711899390384,20.323233524330465,96.43234291748671,15.500989667328096,0.7884126146018337,20.337246355433106,15.888888888888893,28.42262542052695,32.25380238841859,32.53470883911563,13.966491080308158,16.92782560007867,15.988888888888889,15.440877615517902,-0.548011273370987,"Providence County, RI",Rhode Island
1115,1415,1.4637696732881809,2.1936010338266554,train,28041,14129,59.51588930568335,40.484110694316655,72.04331516738624,25.812159388491764,99.55295735900962,71.97386519944979,27.579092159559842,0.4470426409903714,16.165318503538927,82.64661274014156,1.1880687563195147,32.950454311674946,38.62506428938797,28.424481398937093,62.41269207742965,29.375374176811015,8.21193374575933,14.490607939298599,11.689814814814815,18.995337644758607,22.680221811460253,6.0,26.655378308528647,69.66507177033493,34.71291866028708,10.909090909090908,21.10047846889952,40176.0,0.4370000000000001,15728.0,55.1567239635996,12.23648029330889,60.32222397725477,54.0796963946869,19.19128099826252,98.67172675521822,26.20439109145475,0.0,0.9767145587090379,4.2222222222222205,25.210559841460828,33.87359331870621,33.60464293297473,11.939981598131507,2.1445254441220185,4.322222222222221,8.967447122416516,4.645224900194295,"Greene County, MS",Mississippi
1116,1739,0.19153821189887874,0.2912112775016704,train,31183,847,51.00354191263282,48.99645808736718,99.76387249114521,0.0,100.0,81.36645962732919,18.633540372670808,0.0,19.096209912536445,80.32069970845481,0.5830903790087464,27.994616419919247,56.93135935397039,15.074024226110366,47.151898734177216,34.49367088607595,18.35443037974684,7.201889020070838,10.273972602739725,7.187499999999999,12.632821723730814,6.0,27.113702623906704,80.46272493573264,37.789203084832906,0.7712082262210797,5.655526992287919,46394.0,0.4602,30126.0,71.57434402332359,3.054989816700611,82.54901960784314,75.0,6.862745098039216,100.0,13.725490196078432,0.0,0.0,1.1111111111111112,27.154663518299884,17.945690672963398,42.26682408500591,20.779220779220783,0.2361275088547816,1.2111111111111112,1.3380472533689483,0.126936142257837,"Wheeler County, NE",Nebraska
1117,2212,0.43466426280042675,1.1538643015139691,train,41021,1883,49.92033988316516,50.07966011683484,97.76951672862455,0.9559214020180564,100.0,61.82669789227168,38.173302107728325,0.0,19.41544885177453,76.47877522616562,4.105775922059847,17.442622950819672,57.18032786885245,25.377049180327873,48.07692307692307,35.87278106508875,16.050295857988164,9.962506695232994,1.4354066985645932,14.251781472684085,22.032085561497325,6.0,49.862637362637365,71.30852340936374,36.49459783913566,2.0408163265306123,11.64465786314526,44293.0,0.4418,25227.0,59.18225918225918,8.665105386416862,63.961352657004824,60.78431372549018,14.58937198067633,97.54901960784314,23.961352657004827,0.4901960784313725,7.806691449814126,1.4444444444444444,27.66861391396708,19.755708975039827,35.209771640998405,22.357939458311204,1.2745618693574083,1.5444444444444445,3.1704207301082437,1.6259762856637991,"Gilliam County, OR",Oregon
1118,2261,2.3555991282796627,2.1951899687255896,train,42047,31370,49.591966847306345,50.408033152693655,98.13197322282436,0.5068536818616513,99.185303514377,69.96805111821087,29.217252396166128,0.8146964856230032,17.288396180611752,80.90305874737012,1.8085450720181253,25.76696445542673,51.54533358677058,22.6877019578027,59.20898055084193,23.99164599921681,16.79937344994126,8.803261186062311,14.424514200298955,8.53476966193729,15.830837117917993,6.0,33.933407678827464,71.24735729386894,39.09694956206585,4.386892177589853,10.412262156448204,46671.0,0.3988,24647.0,62.60238047205971,5.072183552461975,79.13565040432711,65.34685863874346,14.882450597118835,98.7401832460733,9.762759063889037,0.2617801047120419,0.7108702582084794,10.444444444444443,25.86866432897673,21.743704175964297,38.14472425884603,20.149824673254702,1.3611730953139942,10.544444444444443,8.981707138221852,-1.5627373062225907,"Elk County, PA",Pennsylvania
1119,576,1.7127964254212538,1.8086603738975928,train,16063,5260,50.8745247148289,49.125475285171106,88.61216730038024,0.0,99.39722724532852,84.26763110307414,15.12959614225437,0.6027727546714888,8.347386172006747,88.67341202922991,2.9792017987633503,24.02580645161289,55.225806451612904,20.74838709677419,59.682539682539684,28.6984126984127,11.61904761904762,13.629373317954633,23.68024132730015,12.472371329333756,13.330779544148633,5.0,25.409608442099422,81.0344827586207,31.15763546798029,5.788177339901477,13.854679802955664,43273.0,0.3715,17204.0,64.96350364963503,5.358686257562662,56.45706558485463,60.59602649006622,11.663286004056795,97.51655629139073,36.105476673428,0.0,29.600760456273772,5.4444444444444455,39.52471482889733,26.93916349809886,29.353612167300376,12.167300380228136,11.387832699619773,5.544444444444445,6.1022671978041405,0.5578227533596953,"Lincoln County, ID",Idaho
1120,1593,2.1959892467282267,2.0959510299251045,train,30003,13141,49.82117038277147,50.17882961722853,33.26230880450499,0.09131725135073432,98.78663003663004,51.694139194139204,47.092490842490854,1.2133699633699635,7.308584686774942,90.67285382830627,2.0185614849187936,36.71808054841474,40.15638389031705,23.12553556126821,49.08896034297964,35.316184351554135,15.59485530546624,29.21937673557544,64.21213277375047,32.11289092295957,10.683563748079877,6.0,22.488858416181007,79.25055928411632,31.40380313199105,7.494407158836688,26.845637583892607,41622.0,0.4439,16244.0,66.89017341040463,19.840995506394748,33.507781297341964,51.619870410367184,15.590139099297614,92.29661627069834,52.38947803332874,2.8077753779697625,5.220302868883647,8.888888888888891,40.68183547675215,27.88981051670345,27.935469142378807,10.843923597899703,66.64637394414429,8.988888888888889,8.133172183454832,-0.8557167054340571,"Big Horn County, MT",Montana
1121,2214,2.2442495159810822,2.1443290426421733,train,41025,7229,50.24208050906073,49.75791949093927,91.76926269193527,0.6501590814773828,100.0,75.7114493712773,24.2885506287227,0.0,13.471596032461676,82.50676284941389,4.021641118124437,20.991156349073922,58.85199399299182,20.156849657934245,46.28660073686254,36.70738801628854,17.006011246848942,17.801488137020918,37.93103448275862,17.883442036608454,20.32851326688193,6.0,40.725170782974246,74.95062541145491,39.36800526662278,6.122448979591836,20.01316655694536,37580.0,0.4207,21040.0,60.39621631268963,15.809692671394794,64.64399314900905,60.68601583113457,24.345485686322483,98.21899736147759,17.934915586004408,1.1873350923482848,4.6202794300733165,9.333333333333334,27.55567851708397,23.488725964863743,34.2094342232674,21.275418453451376,7.580578226587358,9.433333333333334,8.536311814189306,-0.8970215191440278,"Harney County, OR",Oregon
1122,83,1.3552622518721622,1.4550420224691818,train,2185,9667,63.84607427330092,36.15392572669908,32.967828695562226,0.6620461363401262,99.95852343425965,56.44960597262546,43.50891746163418,0.041476565740356686,9.556993529118968,85.71428571428571,4.7287207565953215,38.31996845011175,20.586302090180094,41.09372945970817,48.09804233646347,37.959573452172535,13.942384211363995,10.23168046965091,17.185978578383644,9.571362728529726,9.181969949916523,6.0,30.05029337803856,87.51274209989808,18.90927624872579,4.077471967380224,17.176350662589194,72576.0,0.4047,51085.0,83.88585816198069,8.687677171919294,70.35708949648887,59.42982456140351,8.710593157029733,86.8421052631579,24.47333034513671,1.3157894736842104,3.6205648081100654,3.7777777777777777,31.323057825592226,32.771283748836254,37.22975069825179,4.717078721423398,66.37012516809764,3.877777777777778,4.284663513959521,0.40688573618174306,"North Slope Borough, AK",Alaska
1123,144,2.232401036136941,2.523434794866419,train,5071,25930,49.494793675279595,50.505206324720405,91.893559583494,1.9166988044735829,99.77728285077951,75.88291441298121,23.89436843779828,0.22271714922049002,14.654489785144909,83.00691548329199,2.3385947315631106,22.899689561505625,53.67190531625921,23.42840512223516,61.86830015313937,21.07433148780775,17.05736835905289,22.09362241864521,50.5181971559412,22.430027086289183,16.779384328358216,6.0,27.624534747361444,69.1425180496489,40.60923746414796,7.0220551874196415,16.061714963900698,34139.0,0.4784,19341.0,56.61018694958027,6.222707423580786,65.38039620571723,53.69897959183674,18.022843130928567,98.72448979591834,20.58462928308705,0.30612244897959184,13.382182799845738,9.222222222222221,31.500192826841502,27.85576552256074,32.28306980331662,15.514847666795216,6.189741612032393,9.32222222222222,12.471359742754235,3.1491375205320153,"Johnson County, AR",Arkansas
1124,2931,2.3968846612924475,2.3378742859785895,train,51710,245452,52.180874468327815,47.819125531672185,47.82849599921778,42.14591855026645,99.08116693809437,48.96354826386794,50.11761867422643,0.9188330619056236,16.58182542425503,71.8237254775615,11.594449098183475,45.971676429153995,30.530140134944762,23.498183435901236,39.888778576795104,33.96814961897607,26.143071804228832,20.99467059757342,43.46962036414648,22.443380724440953,12.458784631170905,1.0,48.92769643416973,79.90005169739791,23.050146475960712,6.149692687690276,17.883853179389973,44480.0,0.4779,24657.0,66.57242856889907,10.677967604372613,66.66507137778264,63.125404705374486,15.138379915768747,96.2313835527736,21.896707323743367,1.1482840492121735,7.244593647637827,10.888888888888893,27.419617684924134,43.2785228883855,26.66183204862865,9.732656486808011,10.025585450515782,10.988888888888894,10.359192460640136,-0.6296964282487583,"Norfolk city, VA",Virginia
1125,1389,1.62924053973028,1.8587718435033562,train,27163,246670,49.42798070296347,50.57201929703653,87.00855393846027,3.840758908663396,99.65344567204515,76.11000715364439,23.54343851840076,0.3465543279548526,11.035992244918368,86.02807606201843,2.9359316930632016,28.046231402926345,55.845014139923755,16.108754457149878,26.01095351435372,32.36872783795599,41.62031864769029,5.393229766645822,6.663478943953002,5.371739295320221,8.36878675383554,2.0,24.442035419923844,83.20173316324285,25.698324022346373,2.4556811683455764,5.5722957814630725,83706.0,0.4133,38461.0,73.96355983828984,4.398155081014705,86.92214634662294,77.743267688317,9.751373363037198,97.3412061845114,5.7618446364471705,0.4675927506058227,3.743868326103701,5.0,32.549560141079176,25.719382170511214,36.51477682734017,12.245510195808162,9.150687152876312,5.1,6.415852260078555,1.3158522600785556,"Washington County, MN",Minnesota
1126,718,2.4267673628924595,2.3901287817550685,train,18055,32815,49.66631113819899,50.33368886180101,98.04662501904616,0.2437909492610087,99.28410446771844,70.75434177383005,28.529762693888372,0.7158955322815855,14.66121729374524,83.15502664583083,2.1837560604239292,22.469089546646686,53.046084675908574,24.48482577744473,55.5809256169316,30.688504434881878,13.730569948186526,13.562353521647953,18.65731143358316,14.835240590100648,18.326570761096765,6.0,30.428758066431765,71.99562431629944,39.14674167838725,5.45397718393499,13.447413658384125,45397.0,0.4156,22767.0,60.05924265471138,6.744868035190616,66.7958456053325,72.62391188488186,17.7026817547667,98.6320838514834,18.798119154653023,0.08882572392965002,1.2159073594392809,11.222222222222221,29.541368276702727,23.925034283102242,35.52643608106049,17.53771141246381,1.7095840316928237,11.32222222222222,10.914899492448505,-0.4073227297737141,"Greene County, IN",Indiana
1127,1764,2.4169053500233435,2.316501383779232,train,33013,147262,49.21160924067309,50.78839075932692,94.98241229916748,1.1815675462780622,99.01225473782895,71.26833188240809,27.74392285542088,0.9877452621710306,13.398951785746446,81.59681573402014,5.0042324802334175,29.18159003971445,49.79899130180542,21.01941865848013,35.53797529715161,30.07290636573401,34.389118337114375,9.104768658039355,14.062560714979599,9.00048804294778,13.08835157517999,5.0,31.4319601351582,79.49563530552861,32.252887752402785,4.814390265408694,10.094347941098667,65983.0,0.4163,32020.0,69.39548803752385,4.934364005498039,79.28119076339824,72.71539251376831,11.431587110115455,98.09110426584525,12.342753748061345,0.19135629608886398,1.848406241936141,11.111111111111107,27.393353343021282,26.331979736795645,37.95819695508685,15.35834091619019,3.836020154554467,11.211111111111107,10.140135731056636,-1.0709753800544703,"Merrimack County, NH",New Hampshire
1128,2463,2.455782938066032,2.4672355926628597,train,47085,18240,49.605263157894726,50.394736842105246,95.09868421052632,3.229166666666667,98.56639839034204,68.83802816901408,29.728370221327964,1.4336016096579478,14.297920820279126,81.70749074337795,3.9945884363429225,21.51442307692308,53.552350427350426,24.93322649572649,59.21897010486774,27.383002034747214,13.398027860385033,15.930388219544847,28.66178428761651,16.531322505800464,19.12686525766905,6.0,30.98124911884957,68.73947220662549,40.98820887142057,4.197080291970803,14.177428411005053,41949.0,0.4434,22329.0,55.14198277702654,8.789364997418689,68.33426495248742,67.25957190232138,17.97093348239239,99.30660235152244,17.924352524687905,0.0,2.0394736842105265,11.555555555555555,28.61842105263158,24.884868421052627,34.4188596491228,18.536184210526315,1.6721491228070176,11.655555555555555,11.789809924491303,0.13425436893574805,"Humphreys County, TN",Tennessee
1129,2901,3.2184312816290506,2.8526705252983016,train,51185,43870,49.61477091406428,50.38522908593572,94.73672213357649,2.9245498062457265,99.25676460341423,70.47961909185925,28.777145511554984,0.7432353965857624,15.155106515362506,82.11015969897187,2.7347337856656098,21.329459364053548,51.84511363944932,26.825426996497136,56.551440589518954,29.92188241247351,13.526676998007526,17.744524169184288,29.34914841849148,19.763740539011106,24.05854800936768,5.0,22.175874691410574,65.78061911170929,45.90623598026021,7.3463436518618215,18.42193808882907,37664.0,0.491,22721.0,52.72375253014169,7.722695153841874,62.84569902727446,57.112014224028464,22.296395193591447,99.16179832359666,20.141140568376887,0.3937007874015748,0.8365625712331891,24.88888888888889,25.753362206519267,26.325507180305447,35.60063824937315,18.434009573740603,2.3387280601777976,24.988888888888887,17.334010999919787,-7.6548778889691,"Tazewell County, VA",Virginia
1130,1790,3.11548866949555,3.015679821645681,train,35003,3583,53.1398269606475,46.8601730393525,96.42757465810772,0.6698297516048004,100.0,73.30383480825958,26.69616519174041,0.0,19.34171597633136,78.40236686390533,2.255917159763314,28.66121935889378,45.38026398491514,25.958516656191076,42.168674698795186,31.821403260099217,26.0099220411056,17.207610520425288,22.162162162162165,20.46589018302829,28.147733631785112,6.0,33.149741824440625,38.4282624369142,57.75054073540014,4.974765681326604,7.642393655371302,42973.0,0.4133,20685.0,36.80939226519337,4.784240150093809,62.29698375870071,56.8259385665529,19.025522041763338,96.67235494880545,28.24825986078887,0.0,17.555121406642478,22.44444444444445,27.016466648060284,8.819425062796537,39.54786491766677,32.71001953670109,2.902595590287469,22.544444444444455,20.402956598459532,-2.1414878459849227,"Catron County, NM",New Mexico
1131,1940,2.7788192719904172,2.8028523873094118,train,37113,33919,48.51263303753059,51.48736696246942,92.19316607211296,1.105575046434152,99.59119496855342,65.39308176100629,34.19811320754717,0.4088050314465409,17.17368886269888,79.64422510312316,3.1820860341779613,20.580676529832605,55.90400777939849,23.515315690768908,42.72059404376333,34.74998025120468,22.529425705032,19.07216494845361,42.697907188353035,19.87261146496816,17.060936155056247,6.0,37.228981296531686,65.31282183316169,47.74716786817714,4.312564366632338,16.400617919670438,39133.0,0.4581,24060.0,52.23754985546488,7.179882319977585,56.840976133011544,65.53431598341778,15.929203539823007,99.5393827729157,30.249396621078038,0.2763703362505758,6.642294878976385,16.0,24.319702821427523,21.981780123234767,33.17019959314838,26.06798549485539,6.701258881452872,16.099999999999998,16.491620234261344,0.39162023426134596,"Macon County, NC",North Carolina
1132,1921,2.871050496206451,2.707886493756811,train,37075,8700,48.88505747126438,51.11494252873562,88.60919540229885,0.5402298850574713,100.0,74.9597855227882,25.0402144772118,0.0,12.747580044676099,85.9717051377513,1.2807148175725986,21.855040266592614,53.957234101638434,24.187725631768952,56.54920212765957,29.105718085106385,14.345079787234043,21.94269741439553,41.717325227963535,24.786483475677684,16.922897740507807,6.0,26.07168983174835,61.21824303642486,45.209672482399746,5.8157330884603615,11.233547597183962,34805.0,0.4654,19372.0,48.32614194316322,10.314039408866996,50.070380052282324,55.32036613272311,23.527046048662786,98.28375286041194,31.67102352704605,0.8581235697940504,1.4712643678160915,17.555555555555557,29.98850574712645,24.068965517241377,33.287356321839084,21.206896551724128,10.850574712643676,17.655555555555555,14.997544590808754,-2.6580109647468007,"Graham County, NC",North Carolina
1133,1856,1.6072132174119893,2.2732512670550182,train,36069,109192,49.06403399516448,50.93596600483552,93.36398270935601,2.506593889662246,99.22289858826578,67.37900962742305,31.84388896084273,0.7771014117342313,15.2249808410476,80.49192891116328,4.283090247789119,29.06748995783953,49.01570228728878,21.916807754871694,36.08623065507738,32.242421030315874,31.67134831460674,10.386697456087221,15.609731270358305,10.538239095960874,11.919617684848822,2.0,28.531356208389592,76.29033715990238,34.970170839736056,4.899213594865769,10.722679200940073,57416.0,0.4365,30934.0,65.87604122546942,6.145520788684098,78.15321047352424,74.56453651299522,16.20132640687456,98.10978625199186,9.269877389703133,0.027474037035001925,4.070811048428456,4.888888888888889,28.3766209978753,25.041211810389036,36.55945490512126,17.14411312184043,4.129423400981757,4.988888888888889,9.710922345743526,4.722033456854637,"Ontario County, NY",New York
1134,782,1.8440707637960658,2.052216268168231,train,18183,33330,50.006000600060005,49.99399939994,96.6846684668467,0.36303630363036304,99.2887082433634,71.8912739743427,27.39743426902071,0.7112917566366062,12.466005439129741,85.37034074548072,2.1636538153895377,22.738259026512473,56.907001822035475,20.35473915145205,51.49005171355947,30.120957139100714,18.38899114733982,8.022791675553794,12.87691187181355,7.499678401440763,15.269052171537833,3.0,30.376016659463293,78.28467153284672,32.41332116788321,5.482055961070559,8.705900243309001,54389.0,0.3804,26383.0,68.28081372157958,4.661759551349457,78.4090909090909,67.21933679584498,11.597886762360446,98.54174990011984,12.53488835725678,0.4394726328405912,1.872187218721872,6.222222222222222,30.300030003000302,24.66246624662466,36.08460846084608,15.613561356135614,2.9522952295229516,6.322222222222222,7.785135949725502,1.4629137275032802,"Whitley County, IN",Indiana
1135,923,0.19153821189887874,0.8171516911263497,train,20083,1939,50.12893243940175,49.87106756059825,96.028880866426,0.0,98.65470852017937,83.40807174887892,15.246636771300444,1.345291479820628,14.812286689419794,83.48122866894198,1.706484641638225,15.869980879541108,64.05353728489483,20.07648183556405,33.28540618260244,43.062544931703826,23.652048885693752,4.619422572178476,5.515587529976019,4.642857142857143,15.703781512605042,6.0,32.09959623149394,81.87422934648582,38.224414303329226,1.2330456226880395,4.069050554870531,54856.0,0.4377,31547.0,69.61591220850481,2.5615763546798034,83.05905130687319,71.76470588235293,3.872216844143272,98.11764705882356,14.03678606001936,0.0,7.323362558019597,1.1111111111111112,28.210417741103658,19.339865910263022,34.29602888086643,23.36255801959773,3.971119133574008,1.2111111111111112,2.2640419540868955,1.0529308429757842,"Hodgeman County, KS",Kansas
1136,1928,2.7508258415684153,2.642903937056605,train,37089,109719,48.435548993337534,51.564451006662466,90.87213700452976,3.0824196356146154,99.66509152635685,70.87213836766526,28.792953158691567,0.3349084736431619,15.69815159466864,80.35534696614147,3.946501439189892,21.262824710761844,55.14189041693953,23.595284872298627,38.302277432712216,33.136212047953784,28.561510519334,13.805939207429997,24.984143458455854,13.976589769834394,16.228829160530193,3.0,35.58118091682129,66.84172833611841,43.63809978515157,4.290457692224224,9.852644371622649,46448.0,0.4370000000000001,26059.0,56.29412103414522,5.732054088333367,66.49327354260089,71.04664837318698,14.162250305748065,99.16111328890631,23.52384834896045,0.09800078400627203,9.856086912932126,15.555555555555555,24.91364303356757,22.315186977642888,33.92484437517659,23.874625178866008,6.04544335985563,15.655555555555557,14.053956211832082,-1.6015993437234748,"Henderson County, NC",North Carolina
1137,421,2.1835512754360096,2.193739160373057,train,13083,16445,48.62876254180602,51.37123745819397,95.67041653998177,1.1979325022803284,98.43400447427292,74.97603068072867,23.457973793544262,1.5659955257270697,10.102015426723069,87.71667910757236,2.18130546570457,24.656351205469594,56.28643396905362,19.05721482547679,55.2047934179932,30.719012698980503,14.076193883026292,15.153511661615493,26.79524004924087,15.774351115793504,18.121011291114375,3.0,30.38632427140598,76.03252032520325,34.390243902439025,4.926829268292684,13.869918699186993,46434.0,0.4172,21547.0,62.45053272450532,5.812819887886912,67.69245426829268,59.03933434190621,12.195121951219509,98.37367624810892,22.63719512195122,0.0,2.1283064761325634,8.777777777777779,27.126786257221042,30.069930069930074,34.3265430221952,16.412283368805106,3.1316509577379144,8.877777777777778,8.968685850466217,0.09090807268843903,"Dade County, GA",Georgia
1138,1640,1.9120085973796321,1.456921540046683,train,30097,3633,48.77511698320946,51.22488301679054,95.95375722543352,0.1926782273603083,100.0,85.06787330316742,14.932126696832581,0.0,15.011037527593816,84.36350257542311,0.6254598969830758,19.151846785225718,60.567715458276346,20.28043775649795,45.65640825866771,29.178028827425013,25.16556291390729,12.715158245419214,22.94853963838665,12.082474226804125,13.381454747362573,6.0,37.431793379410685,69.43262411347517,41.276595744680854,3.546099290780142,4.468085106382978,50588.0,0.4514,25522.0,59.16114790286976,0.9328358208955224,76.12936344969201,71.16883116883119,9.394250513347023,98.05194805194807,18.275154004106774,0.0,1.8166804293971923,6.666666666666668,31.04872006606111,20.341315717038267,33.278282411230386,22.047894302229565,3.8535645472061657,6.7666666666666675,4.29272418706316,-2.473942479603507,"Sweet Grass County, MT",Montana
1139,2251,1.8263398028248343,1.926618347573578,train,42027,157823,52.32634026726143,47.67365973273858,88.37558530759142,3.841645387554412,99.50226244343894,78.20649938296998,21.295763060468946,0.4977375565610859,14.000325389825575,65.36653451272873,20.63314009744569,46.85510623316856,39.08451471004553,14.06037905678593,38.435980108202635,20.172687032078255,41.39133285971911,19.302699980851198,14.69510163278907,26.008601269711253,9.946433313685738,4.0,21.162404965438565,79.86289631533847,26.256055121277303,3.5500061207002083,7.566934228704334,52186.0,0.4678,26492.0,60.29719580139749,5.00414778890945,86.02614989493345,77.32114039806349,8.595700353813825,96.63797740720815,7.888072702455144,0.15599784830554062,2.735342757392776,6.1111111111111125,25.771275416130727,44.56384684108146,27.73550116269492,12.192139295286493,7.782769304854172,6.211111111111112,6.86625166093842,0.6551405498273075,"Centre County, PA",Pennsylvania
1140,1530,1.8082887711792655,2.3423714368897537,train,29107,32916,49.39846882974845,50.60153117025155,94.29760602746384,2.0081419370518896,98.76495561559244,65.17432136884085,33.59063424675158,1.2350443844075647,14.799656202676704,82.88380469037777,2.316539106945525,22.910461828463717,53.91894439208295,23.170593779453355,53.28259224640584,28.38830284417145,18.329104909422707,11.51038916669255,18.631415241057546,11.368478310140064,14.958029872855205,2.0,30.712432648174016,73.91568092205036,35.327570518653324,6.104033970276007,14.255383682135275,50723.0,0.3929,24266.0,64.11767096013978,6.178707224334601,73.89373595945875,70.43875685557587,14.351392299252913,97.05667276051187,15.448513661773159,0.07312614259597806,2.5428363106088225,6.0,30.51403572730587,24.81164175476972,33.816381091262606,17.532506987483288,3.694252035484263,6.1,10.405884223713269,4.305884223713269,"Lafayette County, MO",Missouri
1141,1357,1.789905900578732,1.6947302292433684,train,27099,39227,49.91205037346725,50.08794962653275,92.21709536798632,3.0234277410966937,99.48341770844095,62.434135757826226,37.049281950614734,0.5165822915590453,16.26308335348371,80.38965076513868,3.347265881377595,28.60225442834139,50.34138486312399,21.056360708534626,44.57065845206007,36.3996919522526,19.029649595687328,13.965615158242553,23.17778634785963,14.11796939214842,12.721375617792425,5.0,30.52020767586277,74.82009724473258,34.17828200972448,4.564019448946515,13.082658022690435,49427.0,0.4465,26265.0,68.15063794759226,5.4806240563663815,74.23722774041245,74.85458612975393,17.072736181016435,98.26994780014914,11.754487550665894,0.20879940343027592,10.913401483671963,5.8888888888888875,31.452825859739466,26.35939531445178,31.12651999898029,17.638361332755498,4.759476890916972,5.988888888888888,5.445176817585101,-0.5437120713037871,"Mower County, MN",Minnesota
1142,1003,2.3234764520254214,2.423460365714581,train,21033,12826,48.26914080773429,51.73085919226571,92.65554342741306,5.8241072820832684,100.0,55.893536121673,44.106463878327,0.0,14.71400798117262,84.15020976158804,1.1357822572393328,22.845325125048088,54.41515967679877,22.739515198153143,58.00288792624682,25.613684327446407,16.383427746306783,20.14251781472684,48.161764705882355,19.8851136641408,18.00787401574803,6.0,26.281341254657136,62.95106744757226,40.58190062346495,5.403362932174572,20.442093330814284,42537.0,0.4396,20840.0,59.08024880187621,8.715913013462202,66.48943240728433,58.0122591943958,19.925561611059425,99.03677758318743,17.546191678851518,0.6129597197898424,1.4189926711367535,10.111111111111107,28.16934352097302,24.04490877904257,34.99142367066896,18.407921409636675,1.5203492905036646,10.211111111111105,11.284841508310723,1.0737303971996184,"Caldwell County, KY",Kentucky
1143,1814,3.1868116646143547,3.087075922294635,train,35047,28668,49.63722617552671,50.36277382447329,56.35900655783453,1.8173573322171064,100.0,47.13221278807832,52.86778721192168,0.0,20.559604984716675,74.45097578180108,4.9894192334822485,42.21433047837894,29.83496970963025,27.95069981199081,46.76527791995085,33.21732009417545,20.017401985873683,29.672948595732198,63.05714285714286,37.53587143677061,26.916918697740606,5.0,29.62312219977159,58.064516129032256,38.570634037819794,9.677419354838714,24.230626622172785,29237.0,0.5069,17849.0,46.31261804119076,5.8549373725604426,51.89245326563582,42.37668161434978,29.188783752596354,96.02527517325724,24.001846295868912,3.3632286995515686,76.94990930654389,24.11111111111111,28.45681596204828,25.51276684805358,36.46923398911679,17.43058462397098,41.82363610994838,24.21111111111111,21.912909155055935,-2.2982019560551734,"San Miguel County, NM",New Mexico
1144,2981,2.312535423847214,2.3867830757678856,train,53071,59726,51.163647322774,48.836352677226,86.23882396276329,1.649198004219268,100.0,67.70633765039466,32.29366234960533,0.0,16.903802262904872,76.92905356188996,6.167144175205167,33.73052433306717,44.28474909403599,21.984726572896832,33.90194101987542,38.94704194773977,27.1510170323848,17.554356831194653,32.11469534050179,18.273981209127,14.798190366362105,4.0,32.779112674847674,72.20685840707966,33.94174041297935,6.171644542772862,16.311762536873154,47946.0,0.4458,23520.0,63.64077333518121,6.144744483159117,68.52090786464137,70.25350886737026,17.81713682481966,97.95452072679797,18.40068031200516,0.31552605810031553,20.97578943843552,10.0,29.837926531158967,31.39168871178381,30.76717007668352,15.916016475236914,12.111978033017447,10.1,10.878442469115297,0.7784424691152978,"Walla Walla County, WA",Washington
1145,1795,2.4069451083182885,2.5068226049758824,train,35011,2020,44.900990099009896,55.099009900990104,80.04950495049505,0.0,97.94050343249428,78.26086956521739,19.679633867276888,2.059496567505721,12.38767650834403,79.58921694480101,8.023106546854942,37.825332562174665,25.910931174089068,36.263736263736256,59.71119133574008,30.61371841155235,9.675090252707582,22.756892230576444,16.844919786096256,33.504712939160235,20.80200501253133,6.0,35.06001263423879,51.153846153846146,53.84615384615386,10.769230769230768,15.576923076923075,32500.0,0.4409,24370.0,38.57509627727856,5.657237936772046,52.60869565217391,66.17647058823529,29.47826086956521,99.50980392156865,20.0,0.0,45.099009900990104,11.0,37.17821782178218,21.28712871287129,36.78217821782178,20.2970297029703,19.95049504950495,11.1,12.26589448552629,1.165894485526291,"DeBaca County, NM",New Mexico
1146,1314,1.2006339030604214,1.3984359452389403,train,27013,65125,50.30326295585412,49.69673704414587,92.06909788867563,3.1078694817658348,98.96665100986378,72.71802098011587,26.248630029747925,1.0333489901362145,14.151998343342305,68.13418927314143,17.713812383516256,44.225035886488286,42.44727446722367,13.327689646288047,33.79656693415529,34.93117925280332,31.272253813041395,19.094766619519085,17.134883720930233,25.38319577587533,9.368468315038164,4.0,22.165933855859297,81.38608282690062,25.04527709582645,3.839497726083632,9.168108826015212,50061.0,0.4563,26440.0,73.19404483750749,4.751352064371456,81.59871122909719,73.21752657505833,13.756721802464096,98.04252009333679,7.3832051369319105,0.12963443090484833,2.9481765834932823,3.2222222222222223,28.684836852207297,41.40345489443378,26.447600767754327,12.48675623800384,4.823032629558542,3.3222222222222224,4.04886236949609,0.7266401472738679,"Blue Earth County, MN",Minnesota
1147,1723,1.3261904370501851,1.7552327870443396,train,31151,14360,51.7966573816156,48.2033426183844,91.62256267409471,0.7938718662952646,99.44654820856394,78.35712205068455,21.08942615787941,0.5534517914360617,13.544201135442009,80.58596918085969,5.869829683698296,32.310784827827305,48.12969760531375,19.559517566858943,50.58944717866546,35.24092938079432,14.16962344054023,11.21973229057001,12.306679828891086,12.752366830158547,13.052451782791259,6.0,22.656536067374592,77.95846394984326,31.97492163009405,6.152037617554859,10.2076802507837,51738.0,0.3999,21955.0,68.62929816297691,3.0748112560054905,77.79563719862226,74.85564304461944,9.621125143513202,97.53280839895014,15.361653272101035,0.0,22.479108635097493,3.6666666666666665,32.750696378830085,30.661559888579387,31.086350974930358,14.32451253481894,7.5835654596100275,3.7666666666666666,5.784794210376838,2.018127543710172,"Saline County, NE",Nebraska
1148,1476,1.9120085973796321,1.8118971189058224,train,28163,27911,55.390347891512306,44.609652108487694,38.443624377485584,57.518541076994744,99.68967045958328,36.20511304861829,63.484557410964975,0.3103295404167282,14.537444933920705,82.74500829566908,2.7175467704102068,43.77277020644988,27.83250123690011,28.394728556650023,60.642157128160704,26.043640695219025,13.314202176620286,33.139054232804234,80.15061861215706,40.4350967327607,16.85828491366877,3.0,20.608300170551452,63.101604278074866,33.82934201348524,14.159497791211345,30.62078586375261,28961.0,0.4981,14934.0,58.928775580198916,19.34232224270055,47.57662902433892,45.07259808464627,28.799887774426605,97.775718257646,27.32692712351827,1.699104108742663,4.8045573429830535,6.666666666666668,30.611586829565407,32.30984199777865,31.048690480455733,12.267564759413853,4.037834545519687,6.7666666666666675,6.122050680468063,-0.6446159861986045,"Yazoo County, MS",Mississippi
1149,635,1.9909138641722421,1.8128905809644935,train,17093,120036,49.678429804392024,50.321570195608,83.78819687427105,6.523876170482189,98.88214187137731,81.2061827215015,17.675959149875794,1.1178581286226883,7.912635309895584,89.17401092058626,2.913353769518153,27.157694884967608,59.374581192763,13.467723922269375,30.959046552551587,34.20386071561883,34.83709273182957,5.548101435663493,7.814293481544131,5.066267635741768,7.061760138914398,2.0,19.066825775656323,89.9158791151729,18.862290995949735,3.2194412711600373,7.2930730086197935,84385.0,0.3562,31053.0,76.90862306265335,5.731314483123512,85.49906854936687,72.20639442861666,9.936823348362537,97.02437480215258,7.284213936661358,0.23214097288171365,16.632510246925918,7.222222222222222,37.28714718917658,31.0023659568796,30.81492219000966,7.995101469559134,9.687926955246759,7.322222222222222,6.128135727671652,-1.1940864945505698,"Kendall County, IL",Illinois
1150,1985,1.2006339030604214,1.3400835265125306,train,38003,11097,49.77921960890331,50.2207803910967,94.51203027845364,0.9371902315941244,100.0,78.70791628753412,21.292083712465878,0.0,19.133791772228253,76.80057908070937,4.0656291470623716,23.512961170269985,55.8459718188663,20.64106701086372,39.727960990632624,34.82612601052226,25.44591299884512,7.970808454174961,8.650519031141869,8.663978144919996,12.555025678650036,6.0,30.020238362941303,77.11629746835443,34.671677215189874,2.5316455696202533,5.992879746835443,53141.0,0.47100000000000003,33016.0,68.02205375603032,2.414724755150288,84.96398559423768,71.40058765915771,9.933973589435773,98.4818805093046,10.219087635054024,0.2448579823702253,1.5679913490132469,3.2222222222222223,26.655852933225194,28.187798504100215,32.21591421104803,19.78913219789132,4.55077948995224,3.3222222222222224,3.8193625100740314,0.49714028785180897,"Barnes County, ND",North Dakota
1151,1522,2.638263363714082,2.6068621172351394,train,29091,40326,48.39061647572286,51.60938352427714,96.03977582700986,0.30997371422903336,99.716398257875,65.70444647017118,34.011951787703836,0.2836017421249873,15.498611715117251,82.52768206603552,1.9737062188472216,20.703417311050146,54.09703167872287,25.19955101022699,54.7070513764169,30.34373619902841,14.94921242455469,23.15315770844921,45.84920030464586,25.798329906424406,19.43546163294979,5.0,32.233686009068805,66.82653876898482,39.211707557031296,7.7292012543811115,23.015433806800715,32784.0,0.4671,18817.0,57.96908315565032,8.114942528735632,62.24969528121191,57.5099375354912,21.495733936966747,98.8074957410562,19.824133728016715,0.0,1.8945593413678519,13.888888888888893,30.53861032584437,24.88716956802063,32.43564945692605,18.18925755095968,3.650250458761096,13.98888888888889,13.556445504795356,-0.4324433840935349,"Howell County, MO",Missouri
1152,547,2.6848194823870495,2.5088539541234134,train,16005,83604,49.83732835749486,50.16267164250514,90.43706042773071,0.7475718865126071,99.2429977289932,73.57616778732691,25.666829941666297,0.757002271006813,13.766353073271976,78.88603460301799,7.3476123237100435,28.99911673097485,48.8122356003905,22.188647668634648,35.02434124101692,38.56541225562167,26.41024650336141,18.84592152463604,28.10657727430355,21.481115163503734,14.323036916421607,4.0,25.222566524027343,78.26544712772258,29.07810752122129,5.682042508389814,17.036257156017633,43779.0,0.4417,21598.0,65.92814471460365,6.693233159043608,73.24152584841742,71.2013776337115,13.143704772786494,98.31847649918964,18.237216108405,0.4153160453808752,7.705372948662744,14.555555555555555,34.02588392899861,32.42069757427875,28.47351801349218,12.111860676522653,8.815367685756662,14.655555555555555,12.290836123844484,-2.3647194317110714,"Bannock County, ID",Idaho
1153,1624,1.6925528191446069,1.9916508953795076,train,30065,4790,49.87473903966597,50.12526096033403,95.80375782881002,0.18789144050104384,99.52830188679243,75.0,24.52830188679245,0.4716981132075472,16.725591514821865,81.1803100353549,2.094098449823225,20.996168582375482,56.679438058748396,22.324393358876122,49.21098772647576,34.015195791934545,16.773816481589712,16.370558375634516,29.0,17.184527584020294,14.697224558452485,6.0,50.88709677419354,68.63147104049206,40.38954382368016,5.689390056381343,9.687339825730394,39517.0,0.4432,23545.0,55.62770562770562,4.620622568093387,66.01620029455081,51.938775510204074,17.083946980854193,95.91836734693877,20.949926362297496,2.5510204081632653,3.298538622129436,5.333333333333333,29.916492693110648,19.018789144050103,37.807933194154494,20.83507306889353,4.008350730688935,5.433333333333333,7.3276209177656915,1.8942875844323588,"Musselshell County, MT",Montana
1154,2304,2.334299068483573,2.4114564200370774,train,42133,439660,49.42978665332302,50.57021334667697,88.82818541600328,5.861119956329891,98.92025576064665,65.61507218401897,33.30518357662766,1.0797442393533598,12.486083160095706,83.95784366674408,3.5560731731601862,28.425738725815066,50.956491587180395,20.617769687004518,52.68820044775825,24.556699533089862,22.755100019151893,10.717040754681907,19.78224967887944,9.901458128795316,12.974674810958,3.0,29.027898417372107,78.90404740287667,32.128948248673964,4.721770917952884,11.217565824055047,58269.0,0.41600000000000004,28403.0,68.70789701363404,6.810622573837831,78.71828927159001,70.57309121930412,12.689856276850705,97.63573213088782,11.861055255874696,0.1508134787642435,6.444525315016147,10.222222222222221,29.190055952326798,26.417231497065917,35.530182413683306,15.373015511986534,5.310694627666833,10.32222222222222,11.150188683356546,0.8279664611343271,"York County, PA",Pennsylvania
1155,203,2.2902875651836396,2.190239100246756,train,6039,153187,48.21753804173984,51.78246195826016,81.65314289071526,3.468309974083963,99.6972683751056,66.00253449732469,33.694733877780905,0.302731624894396,8.293522068219797,86.95075199056326,4.755725941216947,35.89405326274757,43.82984518226617,20.27610155498625,54.29337442869356,32.36259618530911,13.344029385997318,23.543600158029342,50.58404558404559,24.03531600773449,13.069803769776811,4.0,23.3188651376895,72.23522324428276,33.469264811510925,7.583586274010055,18.779397113000766,45073.0,0.4509,17970.0,55.88895753047196,7.416440038599878,47.44891232696111,58.10504745470233,29.464852879487022,96.37079378774807,26.259962845328694,0.7657463330457289,55.64767245262326,9.777777777777779,35.35156377499396,30.397488037496647,29.21005046120101,12.471684934100153,14.878547135200767,9.877777777777778,8.937349781787924,-0.9404279959898538,"Madera County, CA",California
1156,1865,1.561647248597752,1.661798837073739,train,36087,320688,49.035199321458855,50.964800678541145,70.82865588983684,12.46258045202814,99.8083686536207,82.12304986923978,17.685318784380918,0.1916313463792948,9.103112901003259,86.87407486431343,4.022812234683308,32.58989660170199,50.20687756572715,17.20322583257087,35.65311712175769,24.02910337244491,40.317779505797404,14.599986703685296,33.567502914502874,11.755436650139904,9.001880042002277,2.0,13.796691695559998,82.45045847418174,31.57500556646357,3.969394571179888,11.48007206040119,84855.0,0.4543,34647.0,68.17777351281089,7.4809824507527045,71.38507462686567,67.44134376110914,18.206784260515608,95.20974049057943,12.966621438263225,0.8620689655172413,16.762710173127775,4.666666666666667,35.223955994611586,26.077059322456716,31.71306690615177,14.476063962480664,16.70876365813501,4.766666666666667,5.268780001958633,0.5021133352919662,"Rockland County, NY",New York
1157,1475,2.0640458562018624,1.8681769101770163,train,28161,12381,48.784427752200955,51.215572247799045,59.20361844762135,39.649462886681206,100.0,54.080560420315244,45.919439579684756,0.0,15.254418853776107,82.17461167648634,2.570969469737547,26.946227929373993,47.91332263242376,25.140449438202246,60.11588033581649,27.48019392219463,12.403925741988886,20.275590551181107,29.42779291553133,24.261771747805266,20.250881364269894,6.0,22.76799831348161,65.810625367575,41.99176632032936,11.644775534208975,19.05508723779651,36502.0,0.4494,19679.0,56.86148576321988,5.082831325301205,61.91856452726018,53.5526943252265,21.504485852311934,99.4277539341917,21.490683229813666,0.0,1.6315321864146677,7.777777777777778,28.48719812616105,24.63452063645909,34.141022534528716,17.849931346417893,1.1469186656974395,7.877777777777777,6.476478428037465,-1.4012993497403121,"Yalobusha County, MS",Mississippi
1158,2201,2.2789752273549118,1.9670503299516822,train,40153,20986,53.235490326884594,46.764509673115406,91.6086915086248,0.6289907557419232,100.0,76.79558011049724,23.204419889502763,0.0,13.522571819425444,82.25718194254445,4.2202462380300965,25.619934680053223,49.41937825087698,24.960687069069795,53.04007536778028,28.82817595477933,18.13174867744039,12.995142470829787,21.83720930232558,12.666360715924736,12.075528398277072,5.0,22.67397399949019,77.99647074792995,31.491787701913942,4.18080629835754,11.089995927786072,55300.0,0.4455,26124.0,66.00285461836472,4.500051488003296,79.27601046325205,69.46191474493361,11.568643996287232,99.44095038434662,12.513711923044465,0.0,11.493376536738774,9.666666666666666,32.130944439149914,30.134375297817588,30.92537882397789,13.794910892976267,7.762317735633278,9.766666666666666,7.149556522461104,-2.6171101442055615,"Woodward County, OK",Oklahoma
1159,1260,2.267533454935127,2.4146335363357094,train,26071,11507,49.42209090119058,50.57790909880941,96.56730685669592,0.5040410185104719,97.42511823436679,68.31318970047296,29.111928533893852,2.5748817656332106,22.51705837755876,74.53698689483375,2.945954727607495,22.067235323632715,49.03161063723031,28.901154039136976,53.786191536748326,26.95991091314032,19.25389755011136,15.646806226516373,32.927702219040796,16.048306772908365,20.0,6.0,45.22817253594498,58.9020771513353,50.352373887240354,5.415430267062316,15.170623145400596,33663.0,0.4314,21725.0,50.18774809569789,8.914065840102609,64.83464566929132,69.9764389094581,24.94488188976377,99.4614607876136,17.181102362204726,0.0,1.6859303032936472,9.555555555555557,21.456504736247503,18.049882680107764,37.5076040670896,27.85261145389763,2.9286521247936035,9.655555555555557,11.18567046458169,1.5301149090261337,"Iron County, MI",Michigan
1160,731,2.2789752273549118,2.322595449307644,train,18081,145645,49.20869236843009,50.79130763156992,92.80991451817776,2.1655394967214803,99.47274977134556,71.73024156668639,27.74250820465917,0.5272502286544358,10.773204623013255,85.42770414223496,3.799091234751786,24.642748423570342,55.0806697108067,20.276581865622962,41.82925559604372,29.652264445601247,28.51847995835503,9.935164397070855,15.853236413984074,9.451197509098595,10.178822807922284,2.0,26.94917614295661,81.44358926224892,28.102121269006947,3.213816406983293,8.451285902008635,62147.0,0.4092,28889.0,69.92539911005748,6.153639176644693,79.13730587671887,69.72629994085068,9.333880641262457,98.74710974888424,13.681558003238239,0.053772113781792766,3.3609118061038825,9.666666666666666,32.48034604689485,28.250197397782284,32.802361907377524,13.361941707576642,5.024545985100759,9.766666666666666,10.202119056064769,0.4354523893981028,"Johnson County, IN",Indiana
1161,1371,1.6925528191446069,1.5991571906952162,train,27127,15723,50.23214399287668,49.76785600712332,89.44221840615658,0.7123322521147364,99.76822044810714,73.75740406901879,26.010816379088336,0.2317795518928664,18.178640097884983,79.81122181436811,2.0101380877468973,26.17616414202132,52.69696241083594,21.126873447142746,49.58855432953058,33.364503459884055,17.046942210585375,11.8176520106197,20.83593262632564,11.112178255858623,13.421342134213422,6.0,29.42171119377748,75.04360234659902,34.104962739812905,4.138259077215792,8.752180117329951,47211.0,0.424,25716.0,66.6061392131431,3.9075684798130585,76.22950819672131,68.56198347107438,17.002341920374707,98.08264462809916,10.796252927400467,0.3636363636363637,2.6521656172486163,5.333333333333333,31.399860077593328,22.044139159193534,32.50651911212873,20.702156077084528,9.845449341728678,5.433333333333333,4.9488597212244665,-0.4844736121088662,"Redwood County, MN",Minnesota
1162,814,1.0570183913692728,1.5811988581423926,train,19063,9917,49.27901583140064,50.720984168599365,96.55137642432189,1.5024705051931029,98.06295399515741,73.8498789346247,24.213075060532688,1.937046004842615,18.062717770034844,78.98257839721255,2.9547038327526134,28.201032194642416,51.48685180634062,20.312115999016964,45.26158445440957,38.52017937219731,16.218236173393127,13.573677923770225,21.600481347773766,14.149595045259645,12.752721617418349,6.0,26.28387096774193,77.2496984318456,31.19420989143547,5.500603136308807,16.477683956574186,47795.0,0.4686,27707.0,67.10700132100396,4.685039370078742,73.08022676516063,66.0377358490566,12.678233980415735,98.51343624928528,15.856382064937296,0.0,9.014823031158619,2.7777777777777777,30.32166985983665,26.95371584148432,32.01573056367853,19.179187254209946,1.9461530704850256,2.877777777777778,4.860779704856296,1.9830019270785177,"Emmet County, IA",Iowa
1163,2551,2.312535423847214,2.4122228649140602,train,48071,37251,50.175834205793144,49.824165794206856,84.07022630264959,7.938041931760223,99.94207375941302,80.0637188646457,19.878354894767327,0.05792624058698592,10.309317097004547,87.16503175855978,2.525651144435675,22.76224628346621,59.436688368206646,17.801065348327125,48.76870062195328,32.54328458564464,18.688014792402086,10.595006485084307,10.690877833888472,12.304457527333891,13.863844949522214,2.0,24.267906976744186,77.43893071132278,25.23429098171762,4.263327700107544,7.3283146412659415,70544.0,0.439,30572.0,60.25929256594725,7.5488123367740325,67.39970151874287,53.3794162826421,11.214994293740673,95.57091653865848,24.400842770608374,2.406554019457245,20.86386942632413,10.0,35.49434914498939,27.051622775227514,34.573568494805514,10.568843789428472,7.9917317655901865,10.1,11.158737964208038,1.0587379642080386,"Chambers County, TX",Texas
1164,2986,2.88975428334737,2.440659344629859,train,54003,108724,49.21360509179206,50.78639490820794,87.80122144144808,7.3332474890548545,98.013646702047,62.29340409401062,35.720242608036386,1.9863532979529943,12.30884410515722,83.1414614988095,4.549694396033285,27.20560240894355,49.30835169652849,23.486045894527958,51.16380366428008,29.120953910652545,19.71524242506737,14.191763467503796,28.22471232601377,13.318562625493321,14.039698329708973,3.0,39.64754487952909,79.63943304627846,29.726037422848922,5.198702154131395,13.202898197165231,55239.0,0.4161,26469.0,66.71564845768584,9.223229690539997,71.81455236523814,73.1717933836332,18.756905670384064,97.27219965177015,15.265398724200413,0.5150899593731862,3.895184135977338,17.88888888888889,30.67583974099555,27.508185865126382,35.33626430226997,12.790184319929367,4.865531069497076,17.988888888888887,11.480607925013084,-6.508280963875803,"Berkeley County, WV",West Virginia
1165,548,2.943854012785326,1.9718624571042491,train,16007,5939,50.19363529213672,49.80636470786328,95.87472638491327,0.4714598417241961,99.06015037593988,76.69172932330827,22.36842105263158,0.9398496240601504,13.011152416356875,85.64126394052045,1.3475836431226766,18.66608921611087,63.29579904720657,18.038111736682545,45.77266922094508,35.121328224776505,19.106002554278426,12.89281467640564,27.148594377510037,10.842132371877415,13.627118644067796,6.0,26.801749942436103,70.20460358056266,38.576300085251496,3.6658141517476563,10.272804774083546,48654.0,0.3893,22959.0,60.57156133828996,3.413885692366705,73.07571473452718,72.1677074041035,13.289349670122528,97.23461195361284,17.68771599120327,0.535236396074933,4.125273615086715,18.88888888888889,33.995622158612555,23.758208452601448,29.920862097996306,19.44771847112308,3.6538137733625193,18.988888888888894,7.18404401006846,-11.804844878820434,"Bear Lake County, ID",Idaho
1166,1881,1.67189092708065,1.991627912767856,train,36119,967315,48.27755177992692,51.72244822007309,66.5838945948321,14.421362224301289,99.56853693980663,72.75798926516308,26.81054767464356,0.4314630601933711,12.636556743392415,83.29769822753073,4.0657450290768535,33.95125147224531,46.887635178887365,19.161113348867325,32.75606818574822,20.516550424871603,46.72738138938018,9.622427449026114,14.04669985613298,9.650243345915307,8.976805352530349,2.0,13.760686291399288,80.23845600322933,29.72597450463047,3.751469874161221,9.365365377077568,83958.0,0.5375,48885.0,68.16847193136896,7.4027062579206575,75.6800453788163,64.19369075891639,12.52350035070081,94.60008546828917,14.187163840963551,1.2750187399732391,23.29809834438627,5.222222222222221,30.195954782051352,26.342401389412966,35.16445004988034,15.3243772711061,18.994743180866624,5.322222222222221,7.32745251183502,2.0052302896127987,"Westchester County, NY",New York
1167,2867,1.437726534752161,2.004500915094744,train,51111,12558,52.460582895365505,47.5394171046345,61.81716833890747,34.03408186016882,99.9165971643036,55.92160133444537,43.994995829858205,0.08340283569641367,14.695503699487764,82.89129197495731,2.413204325554924,30.071599045346066,41.89021479713604,28.0381861575179,60.438116100766706,27.37130339539978,12.190580503833516,20.461483210630274,37.287140340575455,22.97372833985467,19.54248950049147,6.0,33.270954397714966,68.11337466784765,41.18689105403012,6.244464127546501,18.3348095659876,39506.0,0.4177,18428.0,55.146138974184005,7.032377809857702,61.49068322981367,59.371015724606885,18.94409937888199,96.72758181045474,23.49378881987578,0.3399915002124947,4.037267080745342,4.111111111111111,23.81748686096513,25.09953814301641,36.71763019589106,19.08743430482561,4.1487498009237145,4.21111111111111,7.422388570102154,3.2112774589910433,"Lunenburg County, VA",Virginia
1168,3120,2.118929313186954,1.975462863982168,train,56017,4809,49.78165938864629,50.21834061135371,96.46496153046371,0.2495321272613849,98.88579387186628,74.09470752089136,24.791086350974933,1.1142061281337048,21.881051175656985,77.70401106500692,0.4149377593360996,18.482688391038696,54.86252545824847,26.654786150712837,39.88620199146515,39.48790896159317,20.62588904694168,10.656436487638533,18.729096989966553,10.075872534142642,17.028061224489793,6.0,44.43845946673849,75.02291475710358,44.31714023831346,4.5371219065077915,7.011915673693857,45278.0,0.4199,27259.0,62.44830438378826,3.3995584988962477,67.89413118527042,69.31372549019608,18.9873417721519,97.35294117647058,20.79018028385117,2.2549019607843137,3.618215845290081,8.222222222222221,28.924932418382202,17.52963194011229,37.32584736951549,22.3539197338324,3.285506342274901,8.322222222222221,7.209956110594672,-1.112266111627549,"Hot Springs County, WY",Wyoming
1169,1257,2.4069451083182885,2.300746040092231,train,26065,283491,48.54263451044301,51.45736548955698,75.50680621254291,11.150971283038967,99.18937294074577,61.95108345100501,37.23828948974077,0.8106270592542231,17.679680354306072,69.15033938285275,13.169980262841186,44.559666802388705,36.962625542888176,18.47770765472313,29.825058934047046,32.925078431025014,37.24986263492796,22.405413348002014,34.694363714326556,27.385163320566924,12.282457485165946,3.0,20.521311257397443,77.8958140882827,27.77717401148364,5.317973518810339,17.233603216866815,45679.0,0.4805,25436.0,64.49860146411316,8.661520797886324,74.85840592900794,79.45935775213245,17.468209595631258,97.45045158053186,11.19750357560785,0.4954841946813848,7.5318087699433125,11.0,29.950862637614602,39.037923602512954,29.075349834739022,11.491722841289494,13.342222504418132,11.1,9.981626371198013,-1.1183736288019865,"Ingham County, MI",Michigan
1170,1700,2.0208114572284313,1.567998011026411,train,31105,3720,49.6505376344086,50.3494623655914,96.34408602150538,0.2956989247311828,100.0,66.99561403508771,33.00438596491228,0.0,19.607843137254907,77.48729121278141,2.9048656499636887,17.637159205654658,55.70514978121845,26.65769101312689,46.21270084162204,36.342769701606734,17.44452945677123,13.581599123767798,17.84776902887139,15.037593984962404,16.029492080830146,6.0,34.34379457917261,71.8551461245235,42.630241423125796,3.303684879288437,9.14866581956798,40242.0,0.4499,24255.0,62.10909090909092,4.742388758782202,66.16541353383458,50.788288288288285,12.244897959183671,100.0,26.369495166487646,0.0,7.876344086021506,7.444444444444445,30.860215053763447,19.91935483870968,30.6989247311828,24.86559139784946,3.3602150537634405,7.544444444444446,4.797034963093018,-2.7474094813514283,"Kimball County, NE",Nebraska
1171,2716,1.895451927785184,2.165160281150559,train,48401,53457,52.700301176646654,47.299698823353346,79.21319939390537,17.522494715378716,99.0719819238218,62.06423499031634,37.007746933505494,0.9280180761781794,12.464620373169188,83.644307658487,3.8910719683438213,28.00752316158544,44.01978312861355,27.97269370980101,53.34381724879986,32.91121778954919,13.74496496165094,17.471462593413815,35.219361255387355,17.08883110212206,15.965131269311831,4.0,27.667348728441983,75.80690587506336,35.233481665070684,5.677913592068946,11.83461950092942,46173.0,0.4559,22272.0,60.19249753208293,4.929160402715137,60.09824949837403,59.09812218989685,11.848751124334047,97.56678127479502,30.564588666712798,0.6347527109230362,15.704210861065905,6.5555555555555545,29.348822418018226,29.128084254634565,32.7814879248742,14.892343378790429,3.2643058907159017,6.655555555555554,8.715998815218386,2.060443259662832,"Rusk County, TX",Texas
1172,2520,2.47466924069478,1.6856235717117982,train,48009,8779,49.82344230550176,50.17655769449824,94.08816493905913,1.0365645289896344,98.4787018255578,79.05679513184585,19.42190669371197,1.5212981744421907,11.053335314217795,86.46560689347794,2.4810577923042643,21.106219042377546,60.56686846450192,18.326912493120528,47.75677896466721,31.61873459326212,20.624486442070662,9.929731597742196,13.764705882352938,10.263114888053604,14.963252181901698,4.0,37.786933490288405,79.46268656716417,37.283582089552226,3.4925373134328366,7.4626865671641776,60275.0,0.4419,29380.0,63.92517814726841,2.833255921969345,73.94124380007631,69.81258366800536,9.977107974055702,98.12583668005355,18.924074780618085,0.33467202141900937,8.064699851919354,11.777777777777779,30.652693928693477,23.282834035767173,36.860690283631385,17.393780612826063,4.875270531951247,11.877777777777776,5.395814560830972,-6.481963216946804,"Archer County, TX",Texas
1173,838,2.2082744135228043,2.069103971504524,train,19111,35369,50.23325511040741,49.76674488959258,93.39534620713052,3.019593429274224,98.99150743099787,61.83651804670914,37.15498938428875,1.0084925690021231,16.109736735221354,78.50312003840048,5.3871432263781704,27.55797622717775,48.01493508717844,24.42708868564382,50.197103781174576,34.348350764279964,15.454545454545453,16.751518657795778,32.18207580588027,17.178921886482517,16.46685878962536,5.0,36.68698820388874,72.83513738551207,34.85983902303636,5.585623091867888,16.11851235081876,43312.0,0.4068,22746.0,64.7197640117994,8.004785779398361,69.87997713850257,70.13389941214892,19.91807963421604,99.34683213585892,13.64545627738617,0.0,3.3164635697927562,9.0,27.939721224801378,25.01060250501852,35.169215980095565,18.30699199864288,3.58506036359524,9.1,7.9177254308540626,-1.182274569145937,"Lee County, IA",Iowa
1174,2739,1.6925528191446069,1.4621014221283912,train,48447,1545,46.86084142394822,53.13915857605178,97.0873786407767,0.1941747572815534,100.0,63.384615384615394,36.615384615384606,0.0,19.849874895746453,78.89908256880734,1.2510425354462051,19.25133689839572,56.07333842627961,24.675324675324674,45.47053649956026,32.629727352682494,21.899736147757253,13.092105263157894,26.938775510204078,12.360594795539033,17.992177314211215,6.0,34.42622950819672,71.46932952924394,43.509272467903,1.5691868758915837,6.276747503566334,41042.0,0.4822,28305.0,57.98180314309347,2.5677603423680457,64.59948320413437,58.39080459770115,6.9767441860465125,100.0,29.45736434108527,0.0,12.686084142394819,5.333333333333333,27.63754045307444,18.64077669902913,31.585760517799354,28.737864077669908,2.718446601941748,5.433333333333333,4.31501768115002,-1.1183156521833126,"Throckmorton County, TX",Texas
1175,1885,2.6222502112988773,2.316657145145453,train,37003,37158,51.24603046450294,48.75396953549706,89.37510092039398,5.592335432477528,99.45659042082649,69.70807531909516,29.748515101731325,0.543409579173512,13.785729560196733,81.50260175351059,4.71166868629268,26.340144034933356,48.44722520937204,25.212630755694594,58.66590214067279,28.168960244648318,13.165137614678898,17.21683027892878,35.626832212450424,17.20972923359339,16.934991395103534,3.0,25.35182331792501,69.66350047860982,41.36661512407039,6.487003902510861,15.73521831971136,39365.0,0.4284,20043.0,62.25172634726275,8.531076676768254,67.05653922611067,67.56924029088657,18.03892561601405,96.44128113879006,18.935786602561137,0.4332353396255609,4.383981915065396,13.666666666666664,27.442273534635877,25.816782388718448,34.98304537380914,17.796975079390712,5.032563647128479,13.766666666666666,10.141715295466135,-3.624951371200531,"Alexander County, NC",North Carolina
1176,2460,2.8773240425036892,2.609572983050991,train,47079,32269,48.52025163469585,51.479748365304154,89.49456134370449,8.624376336421951,98.67802585193891,63.2491186839013,35.428907168037604,1.3219741480611047,15.11506695533638,81.37278486087723,3.512148183786384,19.837995949898747,52.59881497037426,27.563189079726982,61.83364268140027,22.665860922864407,15.500496395735311,18.518401516348128,37.78238341968912,19.2626859977108,20.613357707945926,5.0,38.88713620948025,67.97565139930222,43.55281716279415,5.471011803132655,20.503303392472716,38234.0,0.4674,22207.0,55.23897427665637,9.531420268797675,60.402502039706285,67.4778083868993,22.284471036170803,97.71962044689316,20.968180581996194,0.0,2.14137407418885,17.666666666666668,26.840001239579788,22.84855434007871,35.095602590721754,20.958195171836746,1.8810623198735634,17.76666666666667,13.593245066299389,-4.173421600367281,"Henry County, TN",Tennessee
1177,1319,1.3552622518721622,1.5050788010909264,train,27023,12154,49.23481981240744,50.76518018759256,93.8785584992595,0.8145466513082112,98.0914656103709,73.96471011883328,24.12675549153763,1.9085343896290965,16.952129995608257,80.9178743961353,2.129995608256478,24.74445906284789,54.60985730189252,20.64568363525959,46.419694638418754,37.69676884838443,15.883536513196828,12.194917386563786,25.378614043139052,10.868516284680338,14.046822742474914,6.0,24.19096443447613,76.1914217633042,35.98093725178713,2.998411437648928,8.935663224781573,50858.0,0.408,26372.0,69.75933790700208,2.6381517327505466,74.26841574167506,68.83348174532502,18.826582096006923,99.51024042742657,11.027821824996398,0.04452359750667854,5.677143327299652,3.7777777777777777,29.18380779990127,24.0908342932368,33.33881849596841,19.672535790686194,5.306894849432286,3.877777777777778,4.504508576493142,0.6267307987153634,"Chippewa County, MN",Minnesota
1178,2190,2.3234764520254214,2.2652586268197563,train,40131,89190,49.73091153716784,50.26908846283216,75.13846843816572,1.0853234667563627,99.20695714865049,74.18104807822287,25.02590907042761,0.7930428513495246,10.499673167839717,87.01944271316297,2.4808841189973094,22.017111307792806,57.33833466795914,20.644554024248052,42.03930745620729,34.603449152973496,23.35724339081921,9.42499658143033,14.83050847457627,9.004621577299607,15.159655864250007,3.0,35.77747228116315,78.91060615144792,31.107980094729896,3.990047364949937,10.006595119611488,58139.0,0.4238,28057.0,66.28542862769454,5.1054688392714285,76.00014983518129,70.50946834640678,10.241234641893916,97.21099754377623,17.262885825591848,0.30900879486570004,4.1260230967597264,10.111111111111107,32.29397914564413,26.61172777217177,33.548604103599054,14.918712860186119,23.77620809507792,10.211111111111105,9.633615790366838,-0.5774953207442675,"Rogers County, OK",Oklahoma
1179,1998,1.166617017782167,0.973829524770425,train,38029,3463,50.187698527288475,49.81230147271153,96.91019347386656,0.0,100.0,76.56675749318798,23.433242506811986,0.0,20.344053851907255,78.0852655198205,1.5706806282722512,20.930232558139533,59.64432284541724,19.425444596443228,53.096284458649606,31.60207750699161,15.301638034358769,11.326291079812204,6.686046511627906,14.567266495287061,15.698356807511738,6.0,31.6599486991572,69.48092557848655,44.02751719824891,2.5015634771732334,8.692933083176985,44051.0,0.4988,29367.0,60.695587135377714,3.5120147874306835,80.23450586264656,80.86070215175538,9.324399776661082,99.32049830124576,14.182021217197097,0.0,0.11550678602367888,3.111111111111111,29.25209356049668,15.47790932717297,36.47126768697661,26.855327750505342,3.0898065261334104,3.2111111111111112,2.6480659007901393,-0.563045210320972,"Emmons County, ND",North Dakota
1180,993,3.3896494790742593,3.2895649279193497,train,21013,27950,48.59033989266547,51.40966010733453,95.00536672629696,3.209302325581396,98.62332061701777,56.32774921214132,42.295571404876426,1.3766793829822523,16.853183484927854,80.60383827801324,2.5429782370589082,24.606873720433857,42.649300866838004,32.74382541272814,69.39770162117792,20.788015596142007,9.814282782680074,37.9520083076809,106.49214659685863,51.799495131626394,31.787030213706714,5.0,23.961092337199744,51.14538239538239,40.78282828282829,18.54256854256855,35.16414141414141,22443.0,0.4796,13701.0,42.52285538344939,11.518324607329845,43.12026002166847,45.16344229486325,41.15805946791863,98.95485879475208,20.416516191164078,0.0,0.4651162790697674,29.555555555555557,27.481216457960645,26.644007155635066,34.92307692307692,16.830053667262973,1.7853309481216455,29.655555555555562,26.831187615500955,-2.824367940054607,"Bell County, KY",Kentucky
1181,2850,2.1054882506179364,2.38515332448344,train,51077,15573,49.28401720927246,50.71598279072754,95.04270211263085,2.741925126822064,95.30750088873087,61.82012086740135,33.48738002132954,4.692499111269108,17.167485700475307,80.1337307661323,2.698783533392412,18.574757573479665,52.97301360595355,28.452228820566788,62.51284686536485,27.50942103460089,9.97773210003426,21.399828484728545,56.99999999999999,22.271169848262357,19.10178466365954,6.0,24.55700172494904,63.487858719646795,46.50478292862399,5.739514348785873,20.353200883002206,29942.0,0.4692,19742.0,54.95033643063121,8.906705539358601,60.501429513965256,60.0,22.058500109962612,97.07964601769913,20.82691884759182,1.2979351032448379,2.9345662364348555,8.11111111111111,22.94997752520388,23.052719450330702,36.40916971681757,22.474796121492325,2.2153727605471008,8.211111111111109,10.860727752740361,2.649616641629253,"Grayson County, VA",Virginia
1182,674,1.9909138641722421,1.8907780685432238,train,17171,5198,48.672566371681405,51.32743362831861,98.65332820315506,0.0,94.81171548117157,56.150627615062774,38.66108786610879,5.1882845188284525,14.715549936788877,81.76991150442477,3.5145385587863465,22.453813358597824,51.9895783988631,25.556608242539077,58.59224635688754,29.502337091009075,11.905416552103386,14.157884271226886,26.95035460992908,13.944108326130795,11.650485436893206,5.0,31.851111666250315,74.81167608286252,34.08662900188324,4.8022598870056505,14.171374764595106,47222.0,0.4401,24978.0,65.4614412136536,9.385863267670917,72.57481091746136,73.7417943107221,17.36270963498849,98.7964989059081,13.515291022689905,0.7658643326039387,1.4043863024240093,7.222222222222222,28.972681800692573,22.893420546363984,35.60984994228549,18.507118122354754,1.3466717968449404,7.322222222222222,6.6245210077615395,-0.6977012144606825,"Scott County, IL",Illinois
1183,2047,2.2789752273549118,2.2427440719927656,train,39021,39393,49.889574289848454,50.11042571015154,94.44317518340824,1.8962759881197169,98.75362630278283,68.22821532180079,30.525410980982056,1.2463736972171484,12.015331439718013,84.55562780192326,3.4290407583587146,23.93710691823899,53.66981132075471,22.39308176100629,57.26431701561857,27.19952058129518,15.536162403086257,12.373816213966075,25.890279114533204,10.879690991025107,15.111796453353893,5.0,30.78892250407261,76.22235348165648,34.86250574260025,6.175756382489992,15.127649799829367,50974.0,0.3838,23513.0,66.1193878585183,8.134069078275088,74.19354838709677,69.58168642951252,17.425304942836494,97.266139657444,12.0617110799439,0.0,1.4469575812961692,9.666666666666666,30.47749600182773,24.872439265859413,35.486000050770436,16.01045871093849,3.660548828472064,9.766666666666666,9.419142662686886,-0.34752400397978,"Champaign County, OH",Ohio
1184,2699,2.2789752273549118,2.3587573803552475,train,48367,121418,50.01235401670263,49.98764598329737,93.24811807145564,1.7147375183251248,99.6285140562249,75.29116465863453,24.337349397590362,0.3714859437751004,10.02059257092059,86.96591535665657,3.0134920724228342,22.28860436130654,56.20564271072609,21.505752927967368,37.87643550692494,35.642466361082356,26.481098131992702,9.939360203763213,17.548115158263084,9.030329756479984,12.441067961980956,2.0,35.81349532096536,80.89104976508264,29.665038217900467,3.6745284121455786,8.27002641359482,67288.0,0.4382,31923.0,66.32548847962471,6.003587261836272,72.99908766691549,66.17743571385955,9.209034862182412,97.48821669351472,20.993337203837328,0.30427778772149633,11.22897758157769,9.666666666666666,31.83877184601953,25.76636083611985,35.46426394768485,14.125582697787804,5.037144410219243,9.766666666666666,10.577799101479584,0.8111324348129187,"Parker County, TX",Texas
1185,1841,2.2442495159810822,2.3086417386397198,train,36039,48312,51.738698460009935,48.26130153999007,89.66509355853619,6.346249379036265,98.50071394574013,64.70728224654925,33.79343169919086,1.4992860542598765,14.592896174863384,81.22404371584699,4.1830601092896185,33.46940747361048,44.56629387183265,21.964298654556874,49.7600726880377,29.65444788324484,20.58547942871745,12.886563656919904,21.1942932784233,13.453549558420775,15.737069345316767,6.0,28.75346260387812,68.07871157990246,41.76023590790519,5.6992174208914586,10.910740614721561,50278.0,0.444,26261.0,58.16060770482908,9.007370090493517,72.61994744987942,65.26385369615511,20.688910484828853,97.79662884212843,11.22269013425476,0.22033711578715434,5.305100182149364,9.333333333333334,23.989898989898986,26.989153833416122,35.82960755091902,19.394767345587017,3.9886570624275537,9.433333333333334,10.06075024209327,0.6274169087599368,"Greene County, NY",New York
1186,2936,2.7649205075996024,2.6650841032068024,train,51750,17057,48.13859412557894,51.86140587442106,85.29635926599049,9.186844110922204,100.0,56.598759964570405,43.40124003542958,0.0,15.897565922920892,47.954699121027716,36.147734956051394,62.31218423987927,22.583819959320248,15.103995800800474,33.21469248291572,31.264236902050115,35.52107061503417,38.97475893363585,17.604166666666668,77.14969343502318,12.341584744758975,4.0,15.126737530662307,72.9596494431258,23.97297790761365,4.856673361329196,11.338323899945225,29912.0,0.5261,15556.0,50.43793622553716,8.438475105141771,79.17418772563177,56.676783004552355,13.297232250300839,99.69650986342943,10.935619735258724,0.0,2.98997479040863,15.777777777777779,32.88385999882746,60.420941548924205,18.250571612827574,8.008442281761155,5.516796623087297,15.877777777777778,14.369157987444932,-1.5086197903328458,"Radford city, VA",Virginia
1187,2424,2.4169053500233435,2.5102943111376907,train,47007,13686,56.093818500657605,43.906181499342395,92.46675434750841,4.186760192897852,99.77418140760255,65.86375611592021,33.91042529168235,0.2258185923974408,10.823217382433944,84.59655207589513,4.580230541670917,25.264802917173125,47.32592463969439,27.409272443132487,67.58230660472631,21.69258735608968,10.725106039184002,21.692270570256575,29.90561351217089,27.12676421079891,25.154457193292146,6.0,29.103044710615343,68.65902073224525,44.79488310542568,8.756065284516982,26.13586237318041,37013.0,0.4497,18061.0,52.63104221904956,9.629916682813409,54.60066006600661,68.71358135365307,26.534653465346537,99.82070820259972,24.47524752475248,0.0,2.2285547274587167,11.111111111111107,26.0119830483706,25.814701154464412,37.45433289492912,16.732427297968727,3.3464854595937448,11.211111111111107,12.308552071448661,1.0974409603375541,"Bledsoe County, TN",Tennessee
1188,649,2.6302888397953126,2.3547364185933475,train,17121,38665,48.9564205353679,51.0435794646321,92.99624983835513,3.6803310487521017,96.51673993912749,56.65652124901364,39.86021869011385,3.4832600608725066,16.190410533935403,81.3346661611113,2.4749233049532937,24.17494648733268,49.202900865787036,26.622152646880288,47.77978475201324,37.77000075261535,14.450214495371414,18.571847585526488,45.031748755791995,17.56707539152604,18.037624492807087,5.0,31.90031571169477,71.12716213647596,36.8054235569917,6.133181270987773,19.856807957929426,42238.0,0.4324,22808.0,63.74858164563491,9.374325782092773,62.99575070821528,65.98366969650284,26.416430594900852,98.01263287629023,15.576310198300286,0.27730704051763977,1.7121427647743437,13.777777777777779,29.072804862278552,25.08987456355877,33.901461269882326,18.0137074873917,3.323419112892797,13.877777777777778,10.535351572903547,-3.342426204874231,"Marion County, IL",Illinois
1189,739,2.54683760751849,2.7008849218620297,train,18097,926335,48.186887033308686,51.813112966691314,63.096611916855146,27.05619457323755,99.14400980758695,51.78197247267701,47.36203733490997,0.8559901924130315,18.674255361748735,74.21458183659769,7.111162801653575,39.24995276780654,36.77539654506773,23.97465068712573,43.44446120414587,28.250668408202234,28.304870387651892,21.09117729095305,46.71689569019362,21.262623387159906,13.756136309823225,1.0,23.297575633722957,79.38128166619906,25.008664367171125,5.343026422193983,17.941566407560828,42168.0,0.4774,24330.0,69.86008890184361,9.759150507463307,63.58385635567903,62.3076221643583,18.31727241931668,97.07899776086893,21.217599425313765,0.8601910860292404,9.697355708248095,12.666666666666664,31.20458581398738,32.810376375717205,31.16216055746571,11.079792947475806,9.847193509907324,12.766666666666662,14.892904952556247,2.1262382858895847,"Marion County, IN",Indiana
1190,2444,2.2082744135228043,2.1742875412356284,train,47047,38814,49.294069150306605,50.705930849693424,69.61920956355954,27.649817076312672,99.68211272771731,67.45323389167379,32.22887883604353,0.3178872722826751,11.170406708873347,87.27170274122444,1.5578905499022175,24.71147530729053,54.46157695555625,20.826947737153226,48.380145104518355,28.7084261188133,22.911428776668345,13.94906285029066,27.876314550306073,13.420173429933556,15.914953490189948,2.0,29.25631201493271,73.85154250303113,37.161524989896265,6.506803179307557,15.930216893439312,54890.0,0.4752,29431.0,60.976821192052974,8.243279934835732,75.02662180005963,65.5213446378105,14.605784384716964,96.10293023947641,14.929505473442092,0.4016064257028112,2.4759107538517027,9.0,26.616684701396398,24.326274024836398,36.7084041840573,17.676611531921473,2.7309733601277886,9.1,8.79591616170478,-0.30408383829522023,"Fayette County, TN",Tennessee
1191,896,1.62924053973028,1.9087754109494115,train,20029,9339,49.79119820109218,50.208801798907814,94.9673412570939,0.4283113823749866,99.54591321897074,70.23208879919274,29.313824419777998,0.4540867810292634,20.252064319860924,75.53237722729249,4.215558452846588,26.05433376455369,46.72703751617076,27.21862871927555,43.090966320428066,39.423984891406995,17.485048788164935,13.454219834340725,17.850746268656714,14.90837048043586,14.647794601711652,6.0,30.62805872756933,72.57820383451059,42.55802219979819,4.944500504540867,10.368314833501511,39282.0,0.4126,22441.0,64.74547749263778,6.216157678145982,71.65915915915916,75.65169162506933,13.307057057057055,98.22518025513037,18.093093093093085,0.055463117027176934,3.255166506049897,5.0,29.018096155905344,25.5701895277867,32.037691401649,21.158582289324336,4.604347360531107,5.1,6.744824101392589,1.6448241013925893,"Cloud County, KS",Kansas
1192,601,1.62924053973028,2.056904462987805,train,17025,13582,49.249006037402445,50.75099396259756,97.74701811220731,0.5448387571786187,99.2590206185567,53.801546391752574,45.457474226804116,0.7409793814432989,14.998025276461297,83.3629541864139,1.6390205371248028,22.483434691839886,55.01497685395298,22.501588454207134,50.5765534913517,34.646594063634424,14.77685244501388,13.833308259365126,30.08695652173913,12.528672856362645,17.290765328957182,6.0,25.28154227906089,73.06787330316742,35.710407239819006,4.65158371040724,13.37556561085973,44209.0,0.4016,22797.0,63.6963696369637,6.309052118256629,68.64032319151623,70.55858882822344,24.30248705971468,99.41201175976481,13.33165004418634,0.2939941201175977,1.3768222647621853,5.0,28.8028272713886,23.61949639228391,35.024296863495806,18.502429686349586,1.7081431306140482,5.1,7.821719873027534,2.721719873027534,"Clay County, IL",Illinois
1193,990,2.455782938066032,2.217162528205016,train,21007,8256,49.636627906976734,50.36337209302325,94.36773255813955,3.3793604651162785,89.29159802306425,62.8226249313564,26.46897309170785,10.70840197693575,15.577014405572267,81.09862276397023,3.324362830457496,22.04840613931523,53.02538370720189,24.92621015348288,54.393521709166095,31.99517574086836,13.611302549965536,16.33657121231235,33.27814569536424,16.46386430678466,14.225941422594145,5.0,28.219903441831487,70.43795620437956,42.366180048661796,5.748175182481753,12.652068126520682,42244.0,0.4461,24056.0,58.35977157360406,6.251698831204133,65.84044990626953,64.47105788423154,18.579462611955844,99.6007984031936,18.6836075817538,0.0,1.2233527131782944,11.555555555555555,28.65794573643411,24.006782945736433,34.99273255813954,18.931686046511622,2.2529069767441863,11.655555555555555,9.181242354454648,-2.474313201100907,"Ballard County, KY",Kentucky
1194,1059,2.589433484697249,2.5673563727153086,train,21145,65408,47.88405088062622,52.11594911937378,85.2969055772994,10.761680528375733,99.66478106012993,59.74579230393186,39.91898875619806,0.33521893987010265,18.73042640327632,78.20404721753796,3.0655263791857386,25.42258788332087,46.94839192221391,27.629020194465213,43.390242842868936,33.64829054259525,22.96146661453582,16.80432169120517,36.22192099147947,16.34619861259835,16.38163116042389,5.0,32.50480637187586,69.3864941484335,38.46042014974196,6.825616050010903,16.6060914443556,44067.0,0.5136,28577.0,61.13358702183056,5.9002751932905255,68.209669944905,63.230519480519476,19.844498223572426,98.25937950937951,15.658308017094894,0.12626262626262627,2.2810665362035225,13.222222222222221,27.683158023483372,24.40680039138943,35.88551859099804,17.716487279843445,3.9414138943248527,13.322222222222221,13.031328887728453,-0.2908933344937683,"McCracken County, KY",Kentucky
1195,2319,2.3555991282796627,2.4471449777143857,train,45019,372904,48.445176238388434,51.554823761611566,67.18136571342758,28.70685216570484,99.47049323555107,58.30001853273675,41.170474702814325,0.5295067644489159,16.57400851099629,72.95304930629071,10.472942182713004,37.14770181462137,39.78712160265077,23.06517658272786,31.89137459414641,27.691419538314904,40.417205867538684,17.210196623843654,34.63458430597953,17.616211636381585,10.793067729301443,3.0,30.056851119224625,78.95458660433191,28.224945614722532,4.027212906538393,10.951370779229554,53437.0,0.4972,32162.0,67.5892623368749,7.5024211223813655,71.96557572711853,66.19855097799274,11.427853508386205,97.07864732047472,19.775530288753483,1.0255812598333431,5.1090897389140375,10.444444444444443,26.027878488833586,33.92937592517109,31.708428979040185,14.062064231008515,4.111782120867569,10.544444444444443,11.555308915361072,1.01086447091663,"Charleston County, SC",South Carolina
1196,489,1.9909138641722421,2.0915641566677508,train,13221,14688,49.67320261437909,50.32679738562091,77.93436819172112,16.1968954248366,99.32803909590712,68.23457544288333,31.09346365302382,0.6719609040928528,11.929046563192903,84.0709534368071,4.0,25.85646411602901,51.354505292989906,22.789030590981078,56.922930723177785,25.924166112325373,17.152903164496816,15.929568746131096,30.917874396135264,15.894855734675016,16.849993125257804,4.0,27.44977629616633,72.35654998195598,35.72717430530493,5.954529050884157,14.507398051245039,44226.0,0.4143,21848.0,59.33286018452804,5.098684210526316,67.45709123757905,57.698675496688736,13.290424570912375,98.01324503311258,22.3803071364047,0.6622516556291391,3.935185185185185,7.222222222222222,28.159041394335514,24.95915032679739,35.913671023965136,16.836873638344223,5.8687363834422674,7.322222222222222,8.097571133646596,0.7753489114243743,"Oglethorpe County, GA",Georgia
1197,2092,1.9600947840472698,2.524241369274608,train,39111,14547,50.01718567402214,49.98281432597786,97.99958754382351,0.4880731422286382,98.74638379942141,61.748633879781416,36.99774991963999,1.253616200578592,14.20459586549552,84.49117203442464,1.304232100079851,20.843755210938802,54.493913623478406,24.662331165582792,65.24565092716496,24.890078378895048,9.864270693939973,19.38675958188153,53.076538269134566,17.985160413836347,18.73481008263315,6.0,32.50262329485834,67.1895640686922,41.76023778071336,5.977542932628797,13.771466314398944,41528.0,0.423,22522.0,53.108945969884864,7.221480987324884,68.79372738238841,68.66666666666667,19.21592279855248,99.53333333333332,14.80096501809409,0.0,0.460576063793222,7.0,27.15336495497353,21.612703650237158,35.649962191517155,21.35148140510071,1.5123393139478931,7.1000000000000005,12.481422880147049,5.381422880147048,"Monroe County, OH",Ohio
1198,1973,1.895451927785184,1.9540410477362113,train,37179,213422,49.43257958411036,50.56742041588964,81.04412853407801,11.831488787472706,98.81410100420177,77.34624681624244,21.467854187959308,1.185898995798251,7.906255638494798,88.97026884343192,3.1234755180732554,26.037265402377912,57.46352068389506,16.499213913727033,36.188937990234564,30.44108960123227,33.369972408533165,10.168413155883064,15.196514821479305,9.818770985762672,9.176609012825038,2.0,23.1260588402033,84.30230091499202,25.167229992504698,3.03206007551866,10.736660491295554,65903.0,0.4468,29662.0,70.29363600803538,7.328391149340727,77.31349574964678,68.14221596409399,8.68024385864941,97.50066003696207,16.686832101290328,0.8360468186218429,10.781456457159994,6.5555555555555545,37.00930550739848,24.68723936613845,35.508991575376484,10.901406602880677,7.124382678449272,6.655555555555554,7.057148309476935,0.4015927539213813,"Union County, NC",North Carolina
1199,2005,0.5041366356151942,0.47311407993812593,train,38043,2430,52.63374485596707,47.36625514403293,96.83127572016458,0.0,100.0,81.95329087048833,18.04670912951168,0.0,13.221031138335887,84.68606431852986,2.092904543134252,16.154608523290392,70.9613478691774,12.884043607532213,44.18994413407821,36.31284916201117,19.497206703910614,7.619439868204282,9.324009324009324,7.993384785005512,12.469135802469134,6.0,24.961715160796324,78.59778597785979,37.730627306273064,4.5202952029520285,4.5202952029520285,54559.0,0.446,32743.0,68.09596733027054,0.8995502248875562,76.9655172413793,77.01375245579568,12.137931034482758,100.0,12.965517241379313,0.0,5.020576131687243,1.5555555555555556,23.703703703703702,22.386831275720162,37.283950617283956,20.946502057613174,3.1687242798353914,1.6555555555555557,1.6049844690617594,-0.05057108649379627,"Kidder County, ND",North Dakota
1200,666,2.145281299175379,1.9325419568489555,train,17155,5822,50.53246307110958,49.46753692889042,97.45791824115423,0.20611473720371004,96.6887417218543,60.347682119205295,36.341059602649004,3.3112582781456954,13.910590277777779,83.50694444444444,2.5824652777777777,20.335820895522392,57.628524046434485,22.035655058043126,52.45238095238096,35.07142857142857,12.476190476190474,11.952949316727214,34.05714285714286,9.323843416370106,12.293672627235214,5.0,29.908972691807545,74.07256420709335,37.097431716265795,2.2013860578883,10.232368528332652,56358.0,0.4104,29918.0,67.42621527777779,9.913099452848408,77.10670117917745,84.3501326259947,13.057233247052054,98.49690539345713,13.459879206212252,0.0,4.792167639986259,8.444444444444445,26.3998625901752,22.226039161800067,37.598763311576775,19.426313981449674,2.3359670216420474,8.544444444444444,6.9070453566367425,-1.6373990878077018,"Putnam County, IL",Illinois
1201,2281,2.3968846612924475,2.256608149433424,train,42087,46675,49.21478307445099,50.785216925549,97.32833422603106,0.7198714515265131,97.89880335437671,69.94252332045605,27.95628003392066,2.1011966456232924,14.260717410323709,82.3554313775294,3.383851212146869,25.572378138847856,51.616902300063295,22.81071956108884,67.99596009059191,20.3801187488523,11.623921160555794,15.753050843757505,34.719497842291105,14.739529472595654,17.180215538738427,5.0,32.98760364957431,69.42396067115529,40.333440205193966,7.49171743080047,19.295714438388373,41288.0,0.4012,20769.0,58.930231248063535,6.184877162795143,66.18379187722253,72.15521165225306,21.23151787385364,96.33591260810196,17.746584315927382,1.9344560764679108,1.304767005891805,10.888888888888893,28.715586502410282,22.815211569362607,34.71665773968934,19.727905731119442,1.9517943224424208,10.988888888888894,9.550639823116713,-1.4382490657721814,"Mifflin County, PA",Pennsylvania
1202,381,2.2082744135228043,2.2439668928687775,train,13001,18417,49.08508443286096,50.91491556713906,76.67372536243688,18.890155834283547,100.0,55.60112238290525,44.398877617094755,0.0,13.948934247194398,83.67101001732318,2.3800557354824132,27.743458041229964,48.0946761990699,24.161865759700145,66.61474132983521,20.259080101664342,13.126178568500452,20.891442597344643,33.77077865266841,24.060639880952376,18.04155294379769,6.0,22.99628739899541,70.8602466236054,35.275983558426304,7.339988256018791,19.994128009395183,37135.0,0.45799999999999996,19178.0,57.19113781449494,8.010505581089951,54.11125678966098,52.104664391353815,18.37422738340513,98.02806219188473,29.958793781607042,0.7963594994311717,9.355486778519847,9.0,32.05190856274095,26.86105228864636,32.915241353097684,14.94271596894174,4.436118803279578,9.1,9.430667632019404,0.33066763201940397,"Appling County, GA",Georgia
1203,2757,2.25595925165399,2.0980134835892343,train,48483,5618,50.58739765040939,49.4126023495906,87.96724813100748,2.2783908864364544,99.3771626297578,79.30795847750866,20.069204152249135,0.6228373702422145,14.282220591831743,82.39178283198825,3.3259965761799952,18.217054263565885,61.3999088007296,20.38303693570452,49.96043260353469,33.15747823793194,16.88208915853337,15.678428519461624,32.67419962335217,14.409625069949634,13.968997837058401,6.0,22.144746333253185,82.46838203227213,29.65547317924117,3.2708242477104235,9.289140863497598,52221.0,0.4087,26184.0,67.42479823917829,3.9535727239753364,65.03937007874015,62.144420131291035,4.535433070866142,97.81181619256016,31.590551181102363,0.2188183807439825,26.37949448202207,9.444444444444443,31.27447490210039,25.54289782840869,31.327874688501247,17.159131363474547,9.75436098255607,9.54444444444444,8.149963784222638,-1.3944806602218023,"Wheeler County, TX",Texas
1204,1461,1.296248080435107,1.2735197386573691,train,28133,27911,52.287628533553075,47.71237146644693,25.78553258571889,73.03930350041202,99.22855846316745,37.63424595371351,61.594312509453935,0.7714415368325518,13.577673556829367,84.44212842336866,1.98019801980198,48.151637505607894,25.78286227007627,26.065500224315834,56.806471272646675,28.82708183278852,14.366446894564795,35.50946723204165,104.78890989287966,42.11044555674079,12.16977225672878,5.0,15.185237357374275,70.14574518100612,33.27456511518571,15.362012223789375,35.260930888575466,27384.0,0.4971,13718.0,59.33633616511774,20.053809935620254,49.04937765011626,49.88001371271854,23.574066475174398,98.80013712718548,30.187388866092192,0.13712718546451835,1.4976174268209663,3.5555555555555562,30.436028805847158,33.090896062484326,31.990971301637344,11.232130701157251,1.175163913869084,3.6555555555555563,3.573407915591613,-0.08214763996394314,"Sunflower County, MS",Mississippi
1205,2151,1.7711787615280343,1.8368970984631423,train,40053,4517,49.32477307947753,50.67522692052248,90.0597741864069,0.3763559884879345,96.99530516431923,66.94835680751173,30.046948356807512,3.004694835680751,17.258732978093548,81.49792776791,1.2433392539964476,18.329658213891953,58.544652701212776,23.125689084895267,44.90637892732466,31.545541098064103,23.548079974611234,9.752778407802225,15.066964285714285,9.56860201102822,16.309979725163327,6.0,28.016241299303946,78.15040650406505,37.39837398373985,4.0650406504065035,9.959349593495935,50250.0,0.4116,28552.0,63.57439241256668,3.3100233100233103,78.68122977346276,75.94235033259423,8.37378640776699,97.11751662971176,15.655339805825243,0.0,4.073500110692938,5.777777777777778,29.134381226477753,20.943103829975648,34.62475094088997,20.854549479743195,9.563869825105158,5.877777777777778,6.277031002981436,0.39925322520365736,"Grant County, OK",Oklahoma
1206,1504,2.6222502112988773,2.5221505968897118,train,29055,24660,49.35117599351175,50.648824006488226,97.65206812652069,0.21897810218978106,98.21398196972271,60.11226399047457,38.10171797924817,1.7860180302772581,14.352430084170516,81.52592994841163,4.121639967417866,23.61111111111111,48.69191919191918,27.6969696969697,61.373314407381116,26.413532055831556,12.213153536787319,21.028075970272504,35.70412517780939,24.059293044469786,20.717948717948715,6.0,36.40381236355892,69.2340745515093,44.94575142335374,8.926844988720593,17.961112901493173,36743.0,0.4435,19017.0,56.58520761245674,12.239633097649527,57.18949708252293,54.219512195121965,22.44373437065852,99.75609756097559,23.68018894137261,0.0,1.7234387672343876,13.666666666666664,30.133819951338204,24.935117599351173,33.86050283860503,17.364152473641525,2.1289537712895377,13.766666666666666,12.455354327066654,-1.3113123396000113,"Crawford County, MO",Missouri
1207,934,1.3261904370501851,1.7343824791919566,train,20105,3154,49.65123652504756,50.34876347495244,97.52694990488268,0.8243500317057704,94.54297407912688,69.44065484311051,25.10231923601637,5.457025920873124,19.10828025477707,76.4755838641189,4.416135881104034,21.04851330203443,54.02973395931142,24.921752738654146,38.20524211461573,41.49266992447801,20.302087960906263,10.96476786302272,16.183986371379895,11.242324043457725,15.025906735751295,6.0,38.04213135068154,79.70037453183521,38.352059925093634,2.397003745318352,7.4906367041198525,44276.0,0.4333,24953.0,66.66666666666666,6.114649681528663,76.62037037037038,67.94258373205741,8.275462962962964,99.2025518341308,18.51851851851852,0.0,2.504755865567533,3.6666666666666665,30.437539632213067,21.369689283449592,34.622701331642354,20.76727964489537,1.648700063411541,3.7666666666666666,5.665428203576025,1.8987615369093582,"Lincoln County, KS",Kansas
1208,1312,1.9120085973796321,1.88090790820826,train,27009,39221,49.71826317533974,50.28173682466026,94.31427041635858,2.325284923892813,99.3945088213801,66.02985697880781,33.364651842572286,0.6054911786198978,14.222408318503785,81.2484734289403,4.529118252555916,31.516304873721896,49.14040576718382,19.343289359094282,40.5907301975469,37.90837186198464,21.50089794046846,14.852434379291582,22.943834732085207,15.746934225195096,13.060887086357884,4.0,29.48939193990458,80.04733879222108,26.951125895598768,4.599539406345957,13.030962128966225,52178.0,0.4088,25341.0,72.6590729206098,6.194941744813867,72.56313235173153,71.75974710221286,19.78695401826109,99.05163329820864,10.98955334375257,0.06322444678609061,1.8994926187501595,6.666666666666668,30.440325335916988,31.51372988959996,30.74628387853446,13.120522169246065,3.3604446597486044,6.7666666666666675,6.5594575448842445,-0.207209121782423,"Benton County, MN",Minnesota
1209,2730,1.6072132174119893,2.172041872079796,train,48429,9452,53.27972915785018,46.72027084214981,89.47312738044857,2.623783326280152,100.0,70.36692986530423,29.633070134695767,0.0,15.057332528666265,82.27217863608932,2.6704888352444183,22.108002602472357,51.93233571893299,25.95966167859467,53.74064837905236,27.182044887780556,19.077306733167077,19.997715851987213,49.75369458128078,18.696275071633238,15.066621113768365,6.0,19.071105630908345,73.89033942558747,33.855526544821586,3.829416884247171,15.607774876704381,43951.0,0.4542,22241.0,58.283041641520825,3.7276727931659335,58.88642323986282,67.3249551166966,10.611256808553561,96.05026929982049,32.94331248739157,2.333931777378815,22.439695302581462,4.888888888888889,29.39060516292848,28.22683030046551,30.311045281421915,18.683876428269148,7.903089293271266,4.988888888888889,8.776185606524564,3.787296717635675,"Stephens County, TX",Texas
1210,2615,2.4932054526026954,2.4658260214347107,train,48199,55375,49.345372460496606,50.65462753950338,91.09887133182845,5.807674943566593,99.78342477620559,72.85590528443548,26.927519491770138,0.21657522379439792,12.294842448741052,84.6271855062582,3.07797204500073,21.081229167617927,55.444956851285326,23.473813981096754,51.8919648885888,32.66441593517893,15.443619176232277,12.18174196723104,20.70627409744129,11.750469094172356,15.27259488486393,3.0,30.52674738314601,74.98918217221981,34.79013414106447,4.264628107120536,12.418866291648635,52614.0,0.4492,26844.0,61.08229219941064,5.2190901479207366,67.67415256788489,60.844064771133496,11.680414233247035,97.18220068851204,24.4144740803179,0.35700624760933314,5.186455981941308,12.0,31.566591422121906,26.282618510158013,33.861851015801356,14.790067720090294,3.0934537246049665,12.1,11.77320305466901,-0.32679694533099024,"Hardin County, TX",Texas
1211,555,2.6302888397953126,2.496597510160276,train,16021,10961,51.053735972995156,48.94626402700485,94.0425143691269,0.2372046346136301,96.29629629629628,78.66512345679013,17.631172839506174,3.7037037037037033,14.802273551820052,79.47756681581811,5.720159632361834,19.934603675724432,55.94768294057955,24.117713383696017,48.28713389121339,35.7086820083682,16.00418410041841,15.259890669878626,22.29299363057325,16.776917663617173,17.03554045366884,6.0,44.2916915720263,61.66471277842908,43.751465416178185,9.073856975381009,11.535756154747947,38961.0,0.4512,20795.0,48.330721947691934,4.6633416458852865,54.586636466591166,53.3553875236295,17.53761527260961,99.05482041587902,31.515935932696976,0.5198487712665406,4.169327616093422,13.777777777777779,30.45342578231913,22.269865888148885,34.458534805218505,19.587628865979386,5.720280996259465,13.877777777777778,12.141113586851972,-1.736664190925806,"Boundary County, ID",Idaho
1212,2446,2.5292778938193967,2.5562064979261114,train,47051,41138,48.72866935679907,51.27133064320093,90.12105595799505,3.155233603967135,98.68269008550959,66.77836838456203,31.904321700947538,1.3173099144904092,13.600760331661911,83.21371218824764,3.185527480090453,24.140363251631108,51.346029506847714,24.513607241521196,54.2274678111588,26.287553648068663,19.48497854077253,17.060192883272364,27.210274790919954,18.840861385368886,18.59860743355889,5.0,32.478895803808,70.69071279597595,38.90933627775733,6.348914243651086,17.40277266593056,42773.0,0.4528,22889.0,57.420780676087894,9.009595056106683,69.18032786885246,66.31181781431074,18.30803481076705,98.8411265328123,16.782027929568912,0.08085163724565422,2.788176381933978,12.444444444444445,28.363070640283922,27.51956828236667,32.928192911663196,18.49628081092907,6.7237104380378225,12.54444444444444,12.88683822560551,0.34239378116106955,"Franklin County, TN",Tennessee
1213,640,2.2442495159810822,1.9170991929150054,train,17103,35027,52.884917349473255,47.115082650526745,91.18679875524596,5.087503925543153,98.09283410461364,68.68601879119338,29.40681531342027,1.9071658953863413,15.423545005422339,81.59617624613408,2.980278748443588,29.117435528614006,48.35439569848282,22.528168772903186,49.725395870916024,33.00461014231309,17.269993986770896,11.112847764926537,15.866911887644205,11.605949942103855,12.274502510693695,5.0,28.810335546384355,75.54191018717171,33.83147148035807,4.209513945402087,11.119331212547165,52379.0,0.4157,25363.0,65.54056742668418,7.091251290146317,76.07010789726966,74.35992578849722,15.429816118737651,97.79220779220779,12.101717238235144,0.6122448979591837,5.638507437119937,9.333333333333334,26.51383218659891,26.58806063893568,35.95797527621549,17.035429811288434,3.7256973192108944,9.433333333333334,6.80120085500483,-2.6321324783285034,"Lee County, IL",Illinois
1214,2619,1.7711787615280343,2.1205192257278886,train,48207,5853,57.09892362890825,42.901076371091754,88.2624295233214,3.263283786092602,100.0,60.07751937984496,39.92248062015504,0.0,17.419678714859437,81.30020080321285,1.2801204819277108,24.302068688491666,46.91705161679052,28.780879694717807,60.75574778055998,24.539039380833145,14.705212838606874,20.513841864170484,54.02985074626866,20.114423366455885,27.165903206532565,6.0,20.161792159303047,71.64113785557987,45.86433260393872,6.8271334792122556,23.10722100656455,39850.0,0.4593,22140.0,59.2880421158185,6.427061310782241,59.06623235613464,49.9184339314845,16.612377850162865,99.26590538336052,27.72348896127398,0.0,25.18366649581411,5.777777777777778,22.6892192038271,29.33538356398428,31.18059114983769,21.852041688023235,8.474286690586025,5.877777777777778,8.335464351826259,2.4576865740484806,"Haskell County, TX",Texas
1215,1335,1.5846897427449065,1.3902131955506667,train,27055,18812,49.99468424409951,50.00531575590049,97.2464384435467,0.30299808632787584,99.26488605733887,71.62460181328106,27.640284244057828,0.7351139426611124,15.216489140960025,82.70161848111772,2.0818923779222573,25.31850223113237,57.07171958869559,17.609778180172018,41.48076059290312,37.15376553376254,21.36547387333433,10.95114849563248,20.905818836232754,10.120628176921326,10.93245859324586,4.0,31.87156336976445,76.19832614760334,34.89728633020543,3.702764392594471,8.204412883591173,53809.0,0.4016,27626.0,69.59007922838443,4.8411048411048405,80.38242987282402,70.04084014002332,16.650130783800847,98.512252042007,7.477225579507531,0.20420070011668606,0.8079948968743355,4.777777777777779,27.94492876887093,22.283648734850093,36.832872634488616,19.18987880076547,2.450563470125452,4.877777777777779,4.015706092410749,-0.86207168536703,"Houston County, MN",Minnesota
1216,1281,2.334299068483573,2.1760657048659002,train,26113,14988,51.09420870029357,48.90579129970643,96.96423805711235,0.5270883373365359,99.74219421369234,68.63362933256947,31.108564881122884,0.2578057863076483,13.778761061946904,82.54867256637169,3.672566371681416,23.539603960396036,54.92574257425744,21.534653465346533,56.22288633953533,30.6854333365468,13.091680323917865,16.810694031866056,32.27921326648669,16.9904409497379,18.035101876134764,5.0,27.84688995215311,69.33174224343675,41.203545857483796,5.472212751449028,17.780429594272075,41098.0,0.4043,20530.0,58.857644991212645,10.68975813675724,63.86865533587698,72.94031490296594,22.15285004046711,98.75503478579272,17.5511619840444,0.0,2.481985588470777,10.222222222222221,29.763811048839074,23.779023218574856,34.174005871363754,18.755004003202558,2.508673605551108,10.32222222222222,8.811570653918011,-1.5106515683042083,"Missaukee County, MI",Michigan
1217,1202,1.8440707637960658,1.9439176189845646,train,24033,892816,48.1177532660705,51.88224673392951,20.392331678643753,63.44722764825003,99.30044128281948,55.43584672678346,43.86459455603603,0.6995587171805128,12.833790353759186,79.36362455759577,7.802585088645045,42.945342392177054,34.765112377282016,22.289545230540924,40.470218692987,28.477983461787115,31.05179784522589,9.638142347807332,15.035115626022892,9.426191434676245,8.734861916299982,2.0,25.787633821280323,86.45266843362455,21.131180262425968,3.849677693792743,11.388698013808447,74260.0,0.3953,32639.0,74.15828468265691,8.46447512982445,71.67747845431944,73.79141626336224,12.838693340086095,90.25474658299208,18.523082047787145,2.4442908046588308,16.24030035304027,6.222222222222222,29.788108636045948,32.778982455511546,33.62742155158509,10.766832135624806,16.160440673106216,6.322222222222222,6.9860661758965,0.6638439536742782,"Prince George's County, MD",Maryland
1218,963,1.4637696732881809,1.7011153728251325,train,20163,5186,48.92016968762052,51.07983031237949,96.81835711531043,0.2313922097956036,98.98819561551431,67.45362563237775,31.534569983136606,1.011804384485666,18.896408120770435,79.56793336803749,1.5356585111920875,20.92526690391459,55.51601423487544,23.558718861209965,44.91920021911805,33.11421528348398,21.966584497397967,14.385196975726226,28.013029315960914,13.749260792430515,16.345197852455758,6.0,24.92492492492493,76.79057116953761,36.53671804170443,4.669084315503175,7.207615593834996,43558.0,0.4298,23891.0,69.08665105386417,3.9924670433145018,77.61455054214761,66.15853658536585,10.842952081147256,99.18699186991873,16.194473592165092,0.0,2.4489008870034707,4.2222222222222205,28.98187427689935,23.505591978403398,33.532587736212875,20.09255688391824,2.9502506748939448,4.322222222222221,5.4800562901104435,1.1578340678882224,"Rooks County, KS",Kansas
1219,1532,2.0780516873907815,1.821401604663811,train,29111,10172,50.363743609909534,49.636256390090466,93.84585135666536,2.9984270546598517,99.82898674647284,72.85164600256519,26.977340743907646,0.17101325352714836,15.356334841628964,81.73076923076924,2.9128959276018103,28.04360993337372,50.04239854633556,21.913991520290732,60.09326113116727,26.42900120336943,13.477737665463295,12.825926316900663,20.168067226890766,13.07837582625118,13.18086066807102,5.0,33.15870176335293,75.81903276131045,36.89547581903276,4.7841913676547065,10.582423296931877,43909.0,0.3955,20042.0,67.01179554390563,5.55446900058674,77.10863417068707,54.539839407041384,11.196140409249713,98.6411365040148,14.157378140076526,0.6794317479925881,1.6220998820290995,7.8888888888888875,30.76091230829729,27.742823436885573,31.793157687770343,17.469524184034604,3.155721588674793,7.988888888888888,6.180515020599086,-1.8083738682898023,"Lewis County, MO",Missouri
1220,187,2.9839970173355703,2.9600113407202313,train,6007,222564,49.47565644039466,50.52434355960532,83.3054761776388,1.4328462824176416,99.13346039625904,65.26528079429103,33.868179601967995,0.8665396037409688,14.30365469365923,72.8857312294329,12.810614076907866,35.90625776414289,40.397308070387695,23.69643416546941,34.65414343019274,39.4831369589221,25.86271961088516,21.85288884597879,31.367085605880966,27.12105753774561,17.064812335177677,4.0,27.26779630372509,69.89966947185823,35.39698539581331,8.623033826390678,12.703063831782273,43444.0,0.4743,24259.0,57.633928061172,11.851381768783035,59.114326979040186,65.87640669068163,26.75126283492969,97.80793610901678,18.140273476514505,0.494261539750356,15.186642943153426,19.666666666666668,27.541291493682717,32.50750345967902,30.540878129436933,16.54310670189249,15.26167753994357,19.766666666666673,19.29819060964245,-0.46847605702422257,"Butte County, CA",California
1221,1534,1.9600947840472698,2.279747007528944,train,29115,12401,47.60906378517861,52.39093621482139,95.97613095718089,0.5564067413918233,98.52051109616676,63.38264963012777,35.13786146603901,1.4794889038332213,15.49036588006062,81.45702533015805,3.052608789781338,24.13793103448276,51.75421010425021,24.107858861267037,61.76090278594098,23.99200658281416,14.247090631244856,17.888563049853374,32.14768122467357,18.857360987402977,15.839013307367738,6.0,25.99830076465591,66.42502071251035,41.28003314001657,7.891466445733223,10.708367854183926,37997.0,0.4211,19889.0,56.61670235546038,4.34947049924357,69.94103264777793,63.510682865521574,16.482094060117937,99.41348973607036,17.546382856321017,0.0,1.7901782114345617,7.0,30.72332876380937,21.957906620433835,34.287557455043945,19.69196032578018,3.4674623014273034,7.1000000000000005,9.774207295846136,2.674207295846135,"Linn County, MO",Missouri
1222,460,2.6998686753609076,2.4340386482200387,train,13161,14990,49.43962641761174,50.56037358238826,76.05070046697799,16.270847231487654,99.07766990291262,57.49999999999999,41.57766990291263,0.9223300970873786,11.334450027917367,84.17085427135679,4.494695700725852,24.457282913165265,50.77030812324929,24.772408963585434,61.437026269338595,28.90665559131969,9.656318139341707,22.306862612916273,49.410464259395724,22.335716717739192,17.73564609385505,6.0,21.189488243430148,66.52479644707624,37.08364174685417,9.17838638045892,22.612879348630642,36385.0,0.4455,18446.0,55.49562953319696,6.652144772117963,54.27752293577982,50.14749262536873,18.89908256880734,100.0,30.791284403669728,0.0,11.05403602401601,14.777777777777779,34.81654436290861,27.438292194796535,31.32755170113409,13.749166110740493,7.678452301534356,14.87777777777778,11.404849369271185,-3.4729284085065952,"Jeff Davis County, GA",Georgia
1223,641,2.465270675271141,2.0528186043657524,train,17105,37689,50.417893815171524,49.582106184828476,92.48321791504152,5.420679773939345,98.47136950256859,66.2573612329282,32.214008269640395,1.5286304974313996,16.36150234741784,81.06025039123631,2.5782472613458527,28.159887078147047,47.125625561401264,24.714487360451695,52.93718933574334,31.891098056936286,15.171712607320378,11.617230585780295,21.297733623098413,10.880806687925537,13.845605912207285,5.0,27.14136548890161,75.47013274336283,32.833241150442475,4.272676991150441,13.364214601769907,54254.0,0.4221,25769.0,64.55351586807716,6.00072297867213,75.44548474781033,70.95449880260006,18.906674720628207,97.36572015053028,9.956709956709958,0.17105713308244952,4.3089495608798325,11.666666666666664,27.233410278861214,27.026453341823874,35.07654753376317,16.72105919499058,2.0961023110191297,11.766666666666662,7.789826631452524,-3.9768400352141384,"Livingston County, IL",Illinois
1224,622,1.789905900578732,1.9353843553939971,train,17067,18738,49.35959013768812,50.64040986231188,97.72654498879282,0.5656953783754937,99.51641639093916,73.96284041740903,25.553575973530158,0.4835836090608298,14.967999449452893,83.57305071915215,1.4589498313949487,19.93930393233034,57.60315102989604,22.457545037773613,45.61247216035635,34.046028210838905,20.34149962880475,11.673425250067586,22.684010152284266,10.95266990291262,13.784191255653672,5.0,32.146476589419635,73.8616128211651,38.01831595013992,4.426354617145765,11.536504706181633,47699.0,0.4033,25085.0,62.00232192856655,6.410397620883358,72.55233267624143,62.38095238095239,18.48305641603304,98.27067669172932,12.419036891016614,0.3258145363408521,1.3075034688867542,5.8888888888888875,26.74244850037357,22.344967445832,34.806276016650656,21.87533354680329,1.7077596328316789,5.988888888888888,6.926705860566057,0.9378169716771687,"Hancock County, IL",Illinois
1225,2826,3.27041353382852,3.047755758360056,train,51027,23486,50.621646938601714,49.37835306139828,95.57608788214256,2.6696755513923187,98.87227261583722,60.40696249080657,38.46531012503064,1.127727384162785,13.395145895827653,83.77420234524135,2.830651758931006,23.99541901110392,49.290444654683064,26.714136334213013,64.51502537492159,25.591606318070365,9.89336830700804,26.12020391735981,69.27966101694916,29.70129228161853,24.7750155929787,6.0,13.449564134495642,55.03071383181529,52.51006142766364,11.681847066299513,21.372590552848973,29679.0,0.4665,17883.0,42.5382479446834,9.91936516062972,54.79889338157054,49.69555035128806,32.531744342767965,99.03981264637,18.3017663332624,0.3044496487119438,0.3150813250447075,26.222222222222214,23.29898663033297,25.530103040109,37.72885974623181,18.798433109086265,1.754236566465128,26.322222222222212,21.06800962257762,-5.2542125996445925,"Buchanan County, VA",Virginia
1226,631,1.6925528191446069,1.7346134704750569,train,17085,22397,50.24780104478278,49.75219895521722,97.6916551323838,0.2678930213867929,99.45885005636978,71.09357384441937,28.36527621195039,0.5411499436302142,14.69196981642077,83.37087509854713,1.9371550850320984,22.780168978160372,57.49508475476912,19.724746267070515,45.95055413469736,30.44696139325295,23.60248447204969,9.174643308650897,12.32522009321595,9.57302817767934,11.86783546864464,6.0,33.46140995656532,74.47076084678265,39.65625654998952,3.6575141479773614,5.753510794382727,53221.0,0.4322,29362.0,64.13971248876909,5.34057082822623,79.91806507523832,72.16031280547409,12.227211849050658,97.96676441837731,11.147876782478534,0.37145650048875856,3.0718399785685584,5.333333333333333,25.780238424789033,20.60097334464437,36.25039067732285,23.33794704647944,2.0404518462294057,5.433333333333333,5.666737019262769,0.23340368592943594,"Jo Daviess County, IL",Illinois
1227,915,0.7934951543942272,0.8935924826162156,train,20067,7816,50.62691914022518,49.37308085977482,75.42221084953941,0.0127942681678608,100.0,79.09421754953497,20.905782450465022,0.0,8.516326140920375,84.6095092610273,6.8741645980523165,22.20477934763649,60.770975056689345,17.02424559567417,57.28706624605679,24.50052576235541,18.21240799158781,10.279286268425137,10.83000443852641,11.758429364063167,9.35763215716686,6.0,11.62528216704289,85.85149612116734,23.383819726634652,0.0,7.388252678241596,55432.0,0.4131,25195.0,71.3767424097766,5.109684323167469,70.67552602436324,59.14127423822715,6.024363233665558,89.61218836565098,25.33776301218161,0.0,45.7906857727738,2.1111111111111107,39.547082906857725,28.97901740020471,29.18372569089048,9.851586489252817,24.56499488229273,2.211111111111111,2.4438935448725223,0.2327824337614115,"Grant County, KS",Kansas
1228,1037,2.2789752273549118,2.4867881013925413,train,21101,46396,48.4007242003621,51.5992757996379,88.51840675920342,7.218294680575912,99.72263313609469,59.54142011834319,40.181213017751475,0.27736686390532544,16.13627090983272,81.21757883079792,2.6461502593693536,25.34826403771968,48.97128161165881,25.68045435062152,50.615163627279536,32.57869098176368,16.806145390956782,18.95172839234176,39.740596627756155,19.045981359837672,18.743946464735405,3.0,26.43907651640843,72.86308825098709,35.1083128801622,8.323551381922954,19.2989008643688,41036.0,0.4473,22628.0,62.614148653334894,7.855263765172842,66.61851798353314,70.02314814814815,22.298858876209735,98.37962962962965,15.896287736530411,0.0,2.1855332356237613,9.666666666666666,29.093025260798345,26.517372187257525,34.75084058970601,15.402189843952064,4.263298560220708,9.766666666666666,12.02259867174175,2.255932005075085,"Henderson County, KY",Kentucky
1229,1552,2.0059743897979634,1.7109281233646925,train,29151,13758,52.26050298008431,47.739497019915675,98.34278238116005,0.8286088094199738,99.90925589836658,80.33877797943134,19.570477918935264,0.09074410163339383,12.406606370428625,85.04718836020449,2.5462052693668897,27.020910654476328,57.246311215714684,15.732778129808993,57.39130434782609,25.108695652173914,17.5,8.435162556468931,9.44333996023857,9.137598972822598,16.330127028416182,4.0,30.912743972445465,76.35621232743534,33.42407155356796,5.580400544429322,8.613649620843864,52693.0,0.3725,23918.0,66.75070299621837,2.818128994770482,81.64903319956221,66.74641148325358,10.239571932384775,98.27751196172248,11.066520734525113,1.3397129186602872,0.7195813344962929,7.333333333333332,31.18912632650095,26.326500944904787,33.51504579153947,16.128797790376506,0.8286088094199741,7.433333333333334,5.534095418050366,-1.899237915282968,"Osage County, MO",Missouri
1230,610,2.1054882506179364,1.9621543667231094,train,17043,930412,49.03999518492883,50.96000481507117,79.42717849726787,4.707376946986925,99.634532387133,80.7221495111248,18.91238287600821,0.36546761286699603,11.916760989101634,84.88603124188576,3.1972077690126053,29.953827933700005,53.608676400766065,16.43749566553393,26.642676602675447,26.63630191782394,46.72102147950061,7.404505194738673,11.496712030816452,6.941627708916679,7.970637510396602,2.0,16.109004418411743,84.1006498404238,24.591594371796273,2.788960107429241,6.805133650612423,79658.0,0.4535,39336.0,72.28808283085007,6.741310114423134,81.98369259797893,70.35549669785361,8.195934048343204,94.97540588882774,11.737038033575265,1.1781095211887729,13.923831592885733,8.11111111111111,30.794422255946827,27.786077565637587,35.50018701392501,12.936527043933225,15.865444555745196,8.211111111111109,7.114638106018819,-1.0964730050922897,"DuPage County, IL",Illinois
1231,940,1.5846897427449065,1.5128882541626532,train,20117,10005,49.95502248875562,50.04497751124438,97.08145927036482,0.2898550724637681,100.0,74.26975945017182,25.73024054982817,0.0,16.80661068905771,80.90097294415567,2.292416366786618,19.129353233830845,60.211442786069654,20.659203980099498,50.659107016300496,32.70021261516655,16.640680368532955,11.064739413680782,18.5146982980918,10.70903206825537,15.023426359747402,6.0,32.862190812720854,74.08607126330402,38.894030541416015,4.604349838037945,5.969458583988893,45374.0,0.4495,26313.0,66.2750333778371,2.9613215149073326,78.97042716319824,76.64015904572564,10.8798831690398,99.20477137176935,12.212486308871851,0.0,2.258870564717641,4.777777777777779,28.805597201399287,21.649175412293854,33.92303848075962,21.15942028985507,2.628685657171414,4.877777777777779,4.5398240425865515,-0.3379537351912276,"Marshall County, KS",Kansas
1232,2852,0.9766538816012459,1.1539076871229026,train,51081,11760,62.10034013605442,37.89965986394558,39.50680272108843,58.04421768707482,99.47368421052632,59.47368421052632,40.0,0.5263157894736842,15.112994350282486,82.78601694915254,2.100988700564972,40.98748398541441,32.90627771755199,26.10623829703361,66.14057000113546,25.263994549789945,8.5954354490746,19.727260691116115,38.59134262655906,20.51063829787234,20.980962453728186,6.0,30.320610687022906,71.34251290877795,41.73838209982788,9.265633964429146,23.723465289730353,38012.0,0.4706,14450.0,63.15324858757062,6.457925636007827,73.78616969102502,49.243379571248425,14.590485532123587,98.54981084489279,14.198136341343794,0.0,3.8435374149659856,2.5555555555555562,20.26360544217687,28.96258503401361,40.0,14.583333333333336,2.4489795918367347,2.6555555555555563,3.1705582837260966,0.5150027281705403,"Greensville County, VA",Virginia
1233,1103,2.4169053500233435,2.5221361799434696,train,21233,13357,49.891442689226615,50.108557310773364,92.07905966908736,4.439619675076738,99.5426331264293,73.44005227049983,26.102580855929432,0.4573668735707285,13.35609560152641,85.23799959831292,1.4059048001606749,20.859975905847467,54.37864887406172,24.76137522009082,63.66120218579236,27.169398907103826,9.169398907103824,17.635763115446657,37.71689497716896,17.227235438884332,20.93539497856705,6.0,29.789924139272518,70.07213881848314,41.72353285240785,7.0968999805030215,14.876194189900565,38917.0,0.4249,19891.0,55.21343596920924,7.097591888466412,65.02937132858392,62.7872127872128,24.09698787651543,98.30169830169831,15.823022122234724,0.0,4.551920341394026,11.111111111111107,28.913678221157447,27.401362581417985,33.93726136108408,15.639739462454147,3.481320655835892,11.211111111111107,12.455174760187301,1.2440636490761943,"Webster County, KY",Kentucky
1234,876,2.118929313186954,1.8962967954887946,train,19187,37295,51.46266255530232,48.53733744469768,91.92385038208876,4.300844617240917,97.31652521218172,60.82126809785322,36.495257114328496,2.6834747878182728,19.39338930489373,76.34445200816882,4.262158686937449,33.095563806918115,43.82450654680477,23.079929646277108,42.233801360327746,38.984129509566046,18.782069130106198,15.157245512466181,27.19067935674434,15.401621223286662,14.689329131022062,5.0,30.204375064188145,75.7769712966018,35.03134279115803,5.9452325965028034,16.377433190366215,42408.0,0.445,23718.0,65.11467306364264,8.054702763047725,70.77136900625433,75.77597840755736,20.912670836228862,98.59986504723342,12.837618716701412,0.08434547908232119,4.2123609062877065,8.222222222222221,29.475801045716587,28.631183804799573,32.73897305268803,16.954015283550074,3.7753050006703313,8.322222222222221,6.661180995535687,-1.6610412266865344,"Webster County, IA",Iowa
1235,2280,2.6461747973841225,2.4773061259139864,train,42085,115320,49.19701699618453,50.80298300381547,91.3735691987513,5.6781130766562615,99.35550845624807,67.69756477356287,31.657943682685236,0.6444915437518923,15.881355133581495,81.79804928615181,2.320595580266692,28.92195005550541,47.78133980723542,23.29671013725918,55.29269448532162,23.19856334023396,21.508742174444414,13.486031033907414,28.80646802736473,12.497686592813896,16.010522252049235,3.0,32.124363652253706,70.48917577833399,41.81267290212094,6.727264743336407,16.387827690686336,44156.0,0.4367,23683.0,59.87508784656889,6.53881831777824,73.07893283169855,67.83108139918083,18.582881712724504,97.92853443811495,12.009375793135364,0.4142931123770067,1.2842525147415886,14.0,27.876344086021515,25.218522372528614,34.75372875476934,19.41987513007284,2.9483177245924383,14.1,11.909139444823259,-2.190860555176741,"Mercer County, PA",Pennsylvania
1236,2375,1.7711787615280343,1.996790559122594,train,46041,5579,48.718408316902675,51.281591683097325,21.72432335544004,0.0358487184083169,100.0,45.948771562990075,54.051228437009925,0.0,12.270960577456968,84.5918933925597,3.1371460299833425,42.42809875286333,32.14558411809621,25.42631712904047,51.482567611599855,34.50635386119257,14.01107852720756,27.832602339181285,50.772986167615954,33.05147058823529,12.269606071557643,6.0,27.5644541963796,77.6829268292683,27.86585365853659,11.585365853658535,31.463414634146343,37206.0,0.4682,16216.0,69.1903840840011,24.72044728434505,35.625814863102995,37.02359346642468,18.578878748370272,92.01451905626136,47.359843546284225,2.9038112522686026,0.9141423194120808,5.777777777777778,42.78544542032621,27.944075999283022,27.53181573758738,9.876321921491307,78.23982792615163,5.877777777777778,7.365379375087495,1.487601597309717,"Dewey County, SD",South Dakota
1237,3077,2.049841071903545,2.1018059062704353,train,55075,41287,50.119892460096395,49.88010753990361,96.72536149393272,0.3705766948434132,96.94344759311966,63.18524935032793,33.75819824279173,3.0565524068803365,18.80065836464706,79.14661035371572,2.0527312816372163,23.777029167026573,52.72811033370762,23.494860499265783,51.60947060388401,34.03830806065443,14.35222133546156,12.882961485728533,21.38530827768287,13.298021607969694,15.292846973341842,5.0,40.313489073097216,68.96118783776407,41.470604290627215,4.825590916534745,13.619739068726457,43425.0,0.4188,24450.0,61.45807796028439,7.230117177761158,72.84144427001571,64.77569427961073,21.66818144261753,98.63517683361023,10.873337189126664,0.11868027533823874,1.5089495482839634,7.666666666666668,25.531038825780517,22.435633492382593,36.69435899920072,21.23670889141861,2.9040618112238725,7.766666666666667,8.180930574192312,0.4142639075256449,"Marinette County, WI",Wisconsin
1238,994,2.6059764591510066,2.30659809096868,train,21015,124617,49.37528587592382,50.62471412407616,91.73708242053652,2.9955784523780866,98.8923130596581,73.00848935922781,25.883823700430284,1.1076869403419003,10.268017210469704,87.28486912871996,2.4471136608103263,24.62205284978433,55.93094350684702,19.447003643368653,36.08369962236117,33.071256113415465,30.84504426422336,8.239827998864143,12.668643192644653,7.646846413095813,10.975156383855689,2.0,27.864704707370663,83.74823860967591,24.775772215884942,2.7690174237849203,8.758862868773624,66730.0,0.4013,29866.0,72.58053683762789,5.282070263101076,82.66070913808014,68.85560675883256,9.755234675961107,96.12135176651306,10.571555858382034,0.33026113671274965,3.8983445276326663,13.444444444444445,33.96968310904612,28.065191747514387,33.70246435077076,10.621343797395221,5.267339127085389,13.544444444444446,10.040210608328097,-3.5042338361163488,"Boone County, KY",Kentucky
1239,1190,2.47466924069478,2.358367650711651,train,24009,90114,49.37634551789955,50.623654482100456,81.86963179972034,12.707237499167721,98.812426623318,72.80321502754448,26.0092115957735,1.1875733766820191,9.394218485397666,86.97822276359962,3.627558751002703,29.121940450895444,51.443196556196355,19.43486299290819,38.27712244558897,32.583485628842,29.139391925569033,5.837116753545206,6.706211088778862,6.036258431736347,10.625549073052056,2.0,39.191804889669754,83.3124699085219,26.33606162734713,3.2386454822660884,9.269780131600063,95828.0,0.3768,39011.0,71.85174069627851,7.081993233365357,83.55071682656032,80.75241391874657,12.029750997089574,95.42721807250864,8.398907692860481,0.437238112588814,3.3091417537785475,11.777777777777779,32.275784006924574,24.290343342876806,38.633286725703,12.491954635239805,5.4231307011119245,11.877777777777776,10.573677422828077,-1.3041003549497,"Calvert County, MD",Maryland
1240,658,1.3552622518721622,1.7597670756412553,train,17139,14927,48.911368660815974,51.088631339184026,98.35867890399946,0.33496348897970124,96.98877634820695,73.9939775526964,22.99479879551054,3.0112236517930464,13.486238532110093,83.5229357798165,2.9908256880733943,21.488504782681666,55.94059405940594,22.5709011579124,52.513253485175724,31.79854702532889,15.688199489495386,13.2641133191226,28.643578643578643,11.532208900629954,11.345429647381033,6.0,26.53569206151657,77.1684773236765,33.28160027590964,5.328504914640456,12.1227797896189,49681.0,0.4079,25053.0,65.47662527392258,4.281132338585971,70.69579672286869,69.05138339920948,15.958204701971033,96.48221343873516,15.590121111374971,1.6600790513833994,1.2058685603269244,3.7777777777777777,30.816640986132512,24.20446171367321,32.73263214309641,18.590473638373414,1.3063576070208347,3.877777777777778,5.8110836938107955,1.9333059160330173,"Moultrie County, IL",Illinois
1241,2580,2.0059743897979634,1.896088053003152,train,48129,3588,49.21962095875139,50.7803790412486,92.33556298773688,5.657748049052397,100.0,54.72779369627507,45.27220630372493,0.0,16.55831739961759,81.14722753346079,2.294455066921606,28.438846536294328,43.81836261186609,27.742790851839576,49.95833333333334,34.833333333333336,15.208333333333332,17.66837813349441,48.38709677419354,15.922158337019019,19.23728813559321,6.0,30.062630480167012,65.90389016018307,48.13119755911518,5.949656750572082,9.992372234935164,36681.0,0.4164,20204.0,50.72157690953889,3.95558639833449,63.45864661654136,56.6193853427896,13.383458646616544,96.09929078014184,25.463659147869677,1.0638297872340423,10.089186176142695,7.333333333333332,29.79375696767001,28.51170568561873,28.42809364548495,23.578595317725764,2.0066889632107032,7.433333333333334,6.659790669172503,-0.7735426641608303,"Donley County, TX",Texas
1242,1567,2.455782938066032,2.556082375006711,train,29181,13990,49.499642601858476,50.500357398141524,96.44031451036457,0.2358827734095783,99.3167701863354,65.46583850931678,33.85093167701863,0.6832298136645962,13.053221288515408,82.71708683473389,4.2296918767507,20.16977628437528,52.206207445397474,27.62401627022725,61.82044113078597,27.09951330640985,11.080045562804184,22.81371560293906,49.55209806694955,24.62182918315104,24.660487173959908,6.0,32.57413777075393,67.28747925502489,43.4077079107505,12.557624930850086,22.865572561312927,32444.0,0.4068,17315.0,55.912872768065824,9.63049657247952,48.73949579831933,51.631477927063344,27.69401878398418,99.42418426103646,27.508650519031143,0.19193857965451053,1.2008577555396711,11.555555555555555,29.06361686919228,24.989278055754102,32.97355253752681,19.020729092208718,3.323802716225875,11.655555555555555,12.885238772889531,1.2296832173339762,"Ripley County, MO",Missouri
1243,807,1.3261904370501851,1.6243328697852453,train,19049,74892,49.01191048443089,50.988089515569094,91.99113389948192,1.125620894087486,99.66899766899769,81.48251748251748,18.186480186480182,0.331002331002331,11.86469552707793,83.05665448901172,5.078649983910352,23.93145767387575,59.89318997683425,16.175352349289994,26.14524910959184,29.633192778482822,44.221558111925326,6.451612903225808,7.085548089459432,6.820564516129032,7.603990212685868,3.0,22.51784677071818,85.77900192077699,22.614431196317916,2.40640742217229,6.816946326966982,76320.0,0.4351,37669.0,76.30475038736253,2.587786637610817,88.04388700864911,72.3395981853532,7.149335279934522,96.85029163966298,7.012188377906077,0.3370058327932599,6.187576777225872,3.6666666666666665,34.715323399027945,29.490466271430858,31.020669764460827,10.834268012604818,6.883245206430594,3.7666666666666666,5.075032200253428,1.3083655335867617,"Dallas County, IA",Iowa
1244,1017,2.3234764520254214,2.4772997476124665,train,21061,12105,50.202395704254435,49.79760429574557,97.24080958281702,1.4704667492771581,99.6229576874738,85.58860494344366,14.034352744030164,0.3770423125261835,12.196693150096625,84.24951685634528,3.553789993558085,23.5982687389337,54.34782608695652,22.053905174109783,63.30049261083743,23.4459300961764,13.25357729298616,19.16687536522247,19.83059292476333,24.726420010422093,25.383077948034643,4.0,26.621900826446282,66.58081133290406,46.2330972311655,10.452886885597767,22.279459111397294,41710.0,0.4236,20304.0,53.542731921110295,8.633794581952836,64.40107671601615,54.24988388295402,24.831763122476445,99.67487227124941,14.912516823687751,0.0,1.6026435357290376,10.111111111111107,26.955803387030148,26.52622883106154,34.919454770755884,18.521272201569595,1.2887236679058245,10.211111111111105,11.909063484983285,1.6979523738721802,"Edmonson County, KY",Kentucky
1245,2528,1.4891517465595983,1.8705310592614806,train,48025,32659,60.38764199761169,39.61235800238831,82.20704859303714,8.720413974708347,99.31356798597929,55.323499342777865,43.99006864320141,0.6864320140207391,11.94780781776967,84.91181511582904,3.1403770664012827,37.200654469730786,33.236650304923394,29.562695225345827,60.509640626414395,29.83162849642437,9.65873087716122,21.216509775524983,55.30198248040572,18.857405221041585,18.203922193877553,5.0,28.48934270295453,75.49646199497832,32.08171650308149,5.8205889066423175,16.53732024651906,42302.0,0.475,17209.0,61.224713557370755,7.073782234957019,56.66418466120624,53.46020761245674,12.732688011913623,98.15455594002307,33.601841196777904,0.720876585928489,57.33794666095104,4.333333333333333,27.38295722465477,34.896965614378885,32.79341069842922,11.176092348204172,9.07253743225451,4.433333333333333,6.4917429842702195,2.0584096509368868,"Bee County, TX",Texas
1246,2720,2.1054882506179364,2.0057426091522164,train,48409,66070,50.006054184955346,49.99394581504466,92.21431814741942,2.096261540790071,99.65607144838295,65.91778998169414,33.73828146668885,0.3439285516170189,10.104942450914015,87.68830399458362,2.2067535545023698,28.204226040383897,49.19564495005766,22.60012900955844,53.594098062229044,31.354044408249298,15.051857529521664,15.256862444410364,26.862606232294606,14.963175421112759,15.704784381034115,3.0,30.67090646639192,78.95175804398403,32.017909661560076,6.7819674289978495,11.60177340766428,52261.0,0.4370000000000001,24211.0,63.136042028555686,5.09327607032613,62.63289555972483,56.409966024915065,12.286324786324785,98.45979614949036,28.158223889931197,0.06795016987542468,55.6243378235205,8.11111111111111,34.978053579536855,27.861359164522465,30.988345693960948,13.756621764794914,5.689420311790526,8.211111111111109,7.431610630185617,-0.779500480925492,"San Patricio County, TX",Texas
1247,1474,2.1959892467282267,1.6750777323039239,train,28159,18697,48.446274803444396,51.553725196555604,51.35583248649515,47.70284002781196,100.0,47.32343679712101,52.67656320287899,0.0,16.041848299912818,83.33333333333334,0.6248183667538506,32.911646586345384,42.938420348058905,24.14993306559571,53.83518225039619,29.659270998415213,16.50554675118859,29.527149197304247,86.22577927548441,31.864988558352398,18.563990134283365,6.0,21.50257241525125,67.56263048016703,39.1570981210856,11.56054279749478,25.704592901878915,33202.0,0.4796,19199.0,57.77230234074933,11.803813346713495,59.71318048872535,50.24999999999999,21.643551278422493,98.3125,21.86055288234739,0.3125,1.112477937637054,8.888888888888891,30.272236187623683,25.340963790982514,33.32620206450233,17.387816227202226,0.941327485692892,8.988888888888889,5.33921016205004,-3.6496787268388493,"Winston County, MS",Mississippi
1248,1116,2.5810582263605166,2.4228766403567494,train,22019,195887,48.78680055338027,51.21319944661974,70.80255453399154,24.902622430278683,99.05959966399641,58.18394148620133,40.875658177795074,0.940400336003606,14.602124884024306,81.28762670126754,4.1102484147081615,30.340084312031866,45.45630342018074,24.20361226778739,49.981980288002006,29.28124853100174,20.736771180996254,17.105619287543465,32.723219200704605,17.06283352856957,16.921590310145618,4.0,27.282944073234034,77.38068370394954,30.809160305343514,6.385662130766677,15.145038167938932,45312.0,0.4689,25005.0,64.6869340411707,8.046591151955546,65.65413306705379,67.24591064213705,14.18609920032222,97.34044639705016,23.441551358109642,0.6903855960459734,2.9282188200339987,13.111111111111107,31.600871931266493,29.738063271171647,31.908702466217772,13.374547570793364,4.294823035729783,13.211111111111109,11.278256182361075,-1.932854928750034,"Calcasieu Parish, LA",Louisiana
1249,491,2.345005808877998,1.670104577724355,train,13225,27086,48.40877205936646,51.59122794063354,47.533781289226894,45.706268921213905,99.78198893174576,54.804628542679865,44.97736038906591,0.21801106825423444,13.869581365734598,80.43189897596434,5.698519658301056,35.906146668478506,42.41518322235811,21.678670109163384,45.00390554587514,34.06236856335997,20.933725890764887,21.934888942346237,47.37631184407796,23.110737604240732,12.839442053717168,4.0,32.03716940671909,76.0688059551353,29.30288703349764,8.047480132783422,24.63534855648325,41588.0,0.4447,20689.0,61.04484732824429,11.152794060179758,63.73813718247428,73.11923877490338,17.622321986702282,93.13113291703837,25.521395692447573,1.27862027951234,7.1992911467178615,10.333333333333334,31.665805213025173,34.29446946762165,31.06032636786531,12.508306874400061,6.759949789559183,10.433333333333334,5.312723360650064,-5.12060997268327,"Peach County, GA",Georgia
1250,618,2.4932054526026954,2.3930066103029235,train,17059,5385,47.725162488393686,52.27483751160632,96.86165273909006,0.3899721448467967,100.0,59.4959495949595,40.504050405040495,0.0,17.35769501054111,81.21339892246428,1.4289060669946123,21.08690770267236,54.05344711430497,24.859645183022682,55.35576676085282,35.13999486257385,9.504238376573337,15.615671641791046,25.11520737327189,16.935704514363888,23.008356545961004,6.0,32.42863827795976,69.10299003322258,44.1860465116279,5.897009966777407,20.09966777408638,39636.0,0.4128,22125.0,56.48104819840899,6.3794531897265925,62.15686274509804,63.01482701812191,25.62091503267973,99.7528830313015,16.045751633986928,0.0,0.9285051067780872,12.0,25.03249767873723,21.87558031569174,34.948932219127194,22.54410399257196,2.7483751160631384,12.1,10.946355943230959,-1.153644056769041,"Gallatin County, IL",Illinois
1251,1013,3.2272848144495767,2.859223863777043,train,21053,10188,49.58775029446408,50.41224970553593,97.10443659206908,0.5692972124067529,100.0,71.40475197999166,28.59524802000833,0.0,16.21019525619185,81.74551172847595,2.0442930153321965,23.641238118449913,49.23226907141115,27.12649281013893,66.57097746519304,23.82661116692981,9.602411367877137,24.30867525207148,41.5576694411415,29.423728813559322,15.474292546831405,6.0,24.0186552662262,56.868843960601346,47.589424572317256,14.981855883877651,19.414204250907204,28025.0,0.4706,16712.0,50.78575170246202,8.973697782362041,56.77922959443408,46.75846242111302,32.53012048192771,97.877223178428,16.086882742236554,0.8032128514056224,2.6501766784452303,25.11111111111111,31.91990577149588,24.744797801334904,33.51982724774245,17.500981546917938,2.3262661955241457,25.211111111111112,17.447979670958212,-7.7631314401529,"Clinton County, KY",Kentucky
1252,2546,1.4637696732881809,1.7091460086896288,train,48061,417947,48.231713590479174,51.76828640952082,92.0930165786571,0.5708857821685525,99.59072202953723,60.170632800920885,39.42008922861636,0.4092779704627701,7.899864874475501,89.81295782661263,2.287177298911884,32.775317755851326,44.47538492640585,22.749297317742812,59.2535885167464,24.3565633451217,16.38984813813189,33.80873132595402,90.44459861821757,37.755680984475724,13.338150115000666,3.0,16.501002426928352,74.74999380661784,29.90164909122439,9.696359117071438,28.839690496048625,33266.0,0.4956,15105.0,57.94243410555874,9.734307498378431,41.255306715250676,33.25763412952675,12.945807050411643,93.4587777282128,47.67922517660404,4.552090514619408,88.54495904983169,4.2222222222222205,40.48982287227806,29.07067164018404,26.97495136943201,12.036932912546327,7.336097639174344,4.322222222222221,5.524241808131942,1.2020195859097207,"Cameron County, TX",Texas
1253,1167,2.4267673628924595,1.9692402202404653,train,22121,24669,49.28858080992339,50.71141919007661,59.75110462523815,37.81263934492683,99.20661157024792,57.42148760330578,41.78512396694215,0.7933884297520661,12.350775410018967,82.62300569005913,5.0262188999219015,34.12119046403594,44.39226096278525,21.486548573178826,54.32280186137642,25.955180014695078,19.72201812392848,19.43471735867934,41.04547585560243,19.32934926958832,13.861675073998413,3.0,19.11218724778047,81.5448305915677,27.246976794857826,7.146748011765988,13.825035406907071,53703.0,0.4327,26118.0,69.03049562357138,6.186399612340495,71.93541957345028,62.3007623007623,13.108763537306492,92.27304227304228,18.377516444090094,0.0,2.7483886659370063,11.222222222222221,30.86870160930723,30.974097044874128,32.652316672747176,11.848879160079454,2.4362560298350155,11.32222222222222,7.165230422655822,-4.156991799566398,"West Baton Rouge Parish, LA",Louisiana
1254,37,2.0918640616783932,2.5066719414805005,train,1075,14133,48.34076275383853,51.65923724616147,87.38413641831175,11.073374372037076,99.64239271781534,66.93758127438232,32.70481144343303,0.3576072821846554,15.162687805327678,84.04461240667342,0.792699787998894,16.301535276867348,59.487666034155595,24.210798688977057,59.71847858640312,28.781072177298594,11.500449236298294,24.143346659051968,59.22279792746114,25.74747010119595,24.133247551647724,6.0,27.974626189397373,66.22678396871946,39.882697947214076,6.125773867709353,25.96937113066145,35450.0,0.4808,20130.0,54.457985888389985,10.011778563015312,63.40243902439025,64.28308145963878,21.07317073170732,99.77884260965722,20.23170731707317,0.0,1.3868251609707776,8.0,27.156300856152267,23.399136772093684,35.22252883322721,19.61367013372957,1.5424892096511709,8.100000000000001,12.264046602196894,4.164046602196892,"Lamar County, AL",Alabama
1255,3043,1.6072132174119893,2.2099408801250133,train,55007,15050,51.289036544850504,48.710963455149496,86.37873754152822,0.6644518272425249,98.29586656997823,69.9419869470631,28.35387962291516,1.7041334300217548,17.580791053367324,80.12498972124003,2.294219225392649,20.898893908708523,57.018227138183526,22.08287895310796,36.254040359919635,34.47191403861274,29.27404560146764,11.55707946752723,24.344224574321213,10.835913312693501,14.953771941578452,6.0,38.26143684253445,70.38589391530567,45.39673363202775,3.6132389073565534,13.614684202919495,46665.0,0.4072,26485.0,59.76331360946746,6.9994499449945,67.60740402193785,69.70140515222482,21.937842778793417,99.47306791569088,14.522394881170015,0.14637002341920374,1.46843853820598,4.888888888888889,23.79401993355482,18.372093023255815,40.2392026578073,23.056478405315612,12.956810631229233,4.988888888888889,9.115177488956864,4.126288600067975,"Bayfield County, WI",Wisconsin
1256,178,2.2204104848050292,2.1170673690774455,train,5139,40633,48.33509708857334,51.66490291142666,64.66665025964117,32.78862008712131,98.93507030603806,57.94044665012407,40.994623655913976,1.064929693961952,15.03544702638834,81.86622029670473,3.098332676906919,24.842092352977254,48.73060648801128,26.42730115901147,54.275173611111114,28.20095486111111,17.52387152777778,20.4090806922904,46.67802385008518,20.29749724539588,20.262477629747465,5.0,24.228120655652905,71.3473633284954,37.5,8.968311562651184,16.95089501693275,38678.0,0.4659,21779.0,59.36497545008184,9.52801058667843,62.87469899526698,57.48762376237625,20.58872373993191,98.282797029703,21.92144814415013,0.0,3.60790490488027,9.111111111111107,30.317722048581203,26.69505082076145,33.10363497649693,16.37339108606305,2.5447296532375163,9.211111111111105,8.306741126517544,-0.9043699845935613,"Union County, AR",Arkansas
1257,2502,2.799311792380535,2.928400367819582,train,47163,156752,48.41660712462999,51.58339287537002,94.64440645095438,1.933627641114627,99.21506062539885,65.93809827696235,33.2769623484365,0.7849393746011487,15.962380094701755,81.59183706734255,2.445782837955681,21.43124108525358,52.2306888476999,26.33807006704652,49.35379716042284,28.71599805387235,21.93020478570481,17.452292055590128,36.78806921272735,17.766894826779698,19.93009022488504,3.0,31.88713422759881,68.21336625464838,42.8057391487632,6.836693214495416,17.982264645217626,40346.0,0.4675,24544.0,57.51147901442152,7.822163499381536,67.14573769788494,63.92280425364317,20.306533956840703,98.8414073782329,17.564031060963572,0.16410660364973087,1.6586710217413494,16.333333333333332,25.921838317852405,24.05072981524957,36.014851485148505,19.903414310503205,3.421965907930999,16.433333333333334,18.69769712384353,2.2643637905101954,"Sullivan County, TN",Tennessee
1258,2620,2.0208114572284313,2.120877691761758,train,48209,177562,49.79669073337764,50.20330926662236,84.79573332131875,3.52834502877868,99.37437556496504,72.92687568390505,26.447499881059993,0.6256244350349683,11.004780969409573,74.86920356046177,14.126015470128658,38.65105689228693,43.404964020688105,17.94397908702496,32.49271333989615,31.362557183392205,36.14472947671164,16.88469390149471,21.007256894049352,20.09232060428032,9.645201287695233,2.0,23.424063992889682,84.33833116036507,21.663950456323338,2.464146023468057,8.983050847457626,58583.0,0.4598,27398.0,69.1012412142964,6.541075138504156,75.5902217440679,69.60235817842748,6.829922214537599,98.22535041809542,20.09358163204317,0.09625218071346928,36.69140919791396,7.444444444444445,32.57284779400998,37.8819792523175,28.725740867978512,9.584257893017652,11.67592164990257,7.544444444444446,8.338452868281738,0.7940084238372922,"Hays County, TX",Texas
1259,768,2.5555031730094866,2.3033680522607476,train,18155,10500,51.83809523809524,48.16190476190477,96.85714285714285,0.9904761904761904,97.87959106399092,64.21809920484665,33.66149185914426,2.1204089360090874,11.586153448721259,87.01885817618187,1.394988375096874,22.22355769230769,54.84375,22.93269230769231,62.26789510985117,28.67469879518073,9.057406094968108,19.56647958196245,48.252148997134675,17.968631033957667,15.026954177897576,6.0,37.86741315689019,73.29894374846475,35.691476295750434,6.411201179071481,16.015720953082777,44061.0,0.3749,19516.0,60.66864592745578,8.893617021276595,64.66287571080423,65.20100502512562,18.716490658001625,99.18341708542714,21.527213647441105,0.25125628140703515,0.7047619047619047,12.777777777777779,32.07619047619048,24.742857142857147,34.447619047619035,15.657142857142858,2.1523809523809523,12.877777777777776,10.007832658593198,-2.869945119184578,"Switzerland County, IN",Indiana
1260,2310,1.8440707637960658,2.157455564996728,train,45001,24997,49.23790854902588,50.76209145097411,69.88838660639277,27.947353682441893,99.96308600959765,60.50203026947213,39.4610557401255,0.036913990402362484,14.957974195620752,81.44440280528936,3.5976229990898867,30.27911734619319,45.53071265039699,24.19017000340981,59.397745949753464,28.316506222117862,12.285747828128667,22.513476811653838,50.193691200885446,24.03391167192429,20.16854159106488,5.0,26.519760723963394,64.28496813955917,47.82199937323722,7.844980674814582,18.31191893868171,34799.0,0.4267,18112.0,53.034137272116915,10.351543480377837,62.83664907294627,49.26935659760087,23.55528488293409,98.47328244274807,19.0079848423332,1.1341330425299891,1.2041444973396809,6.222222222222222,28.49541945033404,23.926871224546947,35.50426051126135,18.814257710925318,2.16425971116534,6.322222222222222,8.64910255761623,2.3268803353940077,"Abbeville County, SC",South Carolina
1261,1439,1.5380612495918724,1.7728275110271936,train,28089,100202,47.82140077044371,52.17859922955629,56.73240055088721,38.23775972535478,99.9456479540337,64.31788182312292,35.627766130910786,0.054352045966301735,12.831986341920118,83.69842078451349,3.4695928735663837,30.98528982472172,48.901496401781976,20.113213773496298,26.20162344571793,27.81898884261089,45.97938771167118,13.480854690448652,22.26884745601069,13.400410549888036,9.716443834067132,3.0,21.456336887569172,81.49944754359015,25.3995203061417,4.074702886247878,10.833535451532056,64376.0,0.4884,34478.0,69.27960894617549,5.122292516604584,79.54420024023634,64.2623796423659,12.081615427068794,96.23452544704264,12.036165308573839,0.23211829436038514,2.824294924253009,4.5555555555555545,32.797748547933175,28.7998243548033,33.41949262489771,11.996766531606154,5.029839723758009,4.655555555555554,5.887476754339311,1.2319211987837573,"Madison County, MS",Mississippi
1262,353,3.0171675542740557,2.751616992434034,train,12081,343729,48.31335150656477,51.68664849343524,84.6192785595629,9.281439738864046,98.96271708849504,61.56422263054946,37.3984944579456,1.0372829115049491,13.926492623859156,81.10183750032212,4.9716698758187015,25.264902848683054,49.11745387441051,25.61764327690645,42.772120667940676,29.53925124851509,27.68862808354423,15.199542791153952,34.26181022607568,14.542206866477704,13.567006560328924,3.0,36.06760636909423,65.10076080905549,44.22044906290592,3.8322508814251255,11.435145667099647,49675.0,0.4622,27958.0,55.604362646847974,8.351696057988939,62.78018588975911,65.46671704172472,13.437794758205538,96.74962809039177,26.8029928887099,0.5395640983258164,15.533458043982325,20.33333333333333,25.07324083798574,22.235249280683327,33.093221694998086,24.95337897006072,6.099281701573043,20.433333333333326,15.667946362737686,-4.765386970595641,"Manatee County, FL",Florida
1263,2516,2.3234764520254214,1.8836802757089572,train,48001,57915,61.24320124320125,38.75679875679875,74.17594750928083,21.177587844254514,99.84806506390206,63.151309321655205,36.69675574224685,0.15193493609795336,12.930033062282195,83.2901438656063,3.77982307211152,30.226861001317523,36.92770092226614,32.845438076416336,57.14285714285714,31.517827151014927,11.339315706127934,18.47576089140969,36.89608303472136,18.609234234234236,12.948486670675486,5.0,27.449762200608426,73.59741889227459,35.908466272330756,6.106231702216648,14.315588217721212,41327.0,0.4532,17876.0,61.15663222895144,4.199029126213592,64.17803841960828,61.598192856134396,12.920566895981352,98.23521106875616,26.73207774143829,0.07059155724975293,16.8332901666235,10.111111111111107,24.489337822671157,32.684106017439355,34.64560131226798,13.302253302253304,4.646464646464646,10.211111111111105,6.577668003181433,-3.633443107929672,"Anderson County, TX",Texas
1264,3020,2.2902875651836396,2.3456153316151074,train,54071,7402,50.2566873817887,49.74331261821129,95.96055120237772,2.728992164279924,100.0,79.14478619654913,20.855213803450862,0.0,15.480607082630687,82.68128161888701,1.8381112984822927,21.28838239949351,54.33681544792656,24.374802152579928,65.8695652173913,18.84057971014493,15.289855072463768,20.5874279440022,39.01156677181914,23.350568769389863,20.55609351224236,6.0,35.3825593050451,66.5589660743134,28.20678513731825,6.623586429725362,17.059773828756057,36953.0,0.47,21979.0,50.1696065128901,4.9695740365111565,62.68193748508709,61.7008797653959,22.023383440706287,97.5366568914956,18.539727988546886,0.2346041055718475,1.1078087003512564,9.777777777777779,23.088354498784124,20.440421507700623,37.55741691434747,23.99351526614429,1.3104566333423402,9.877777777777778,10.439694625703067,0.5619168479252892,"Pendleton County, WV",West Virginia
1265,508,1.9443215863701753,1.8445936379074852,train,13259,5868,60.736196319018404,39.2638036809816,29.771642808452626,48.68779822767554,100.0,22.043628013777266,77.95637198622273,0.0,19.504373177842567,78.10495626822156,2.39067055393586,48.31067961165049,15.398058252427184,36.291262135922324,74.57028490699317,14.669178243465975,10.760536849540852,38.41662774404485,160.5504587155963,48.48484848484848,23.75523499302001,6.0,19.823788546255507,56.73021374927786,44.309647602541894,9.532062391681107,31.08030040439053,21118.0,0.4705,13721.0,50.65655091917129,14.45852534562212,43.66628396479143,50.24570024570024,21.239954075774968,98.03439803439802,37.54305396096441,0.0,21.76209952283572,6.8888888888888875,21.42126789366053,38.633265167007494,31.37355146557601,15.149965916837086,21.54055896387184,6.988888888888887,6.325528812938869,-0.6633600759500178,"Stewart County, GA",Georgia
1266,571,2.0354316006833932,1.935148852300954,train,16053,22653,50.598154769787655,49.40184523021232,91.75826601333156,0.08387410056063213,100.0,75.50274223034735,24.49725776965265,0.0,10.421949158052144,85.85917690657305,3.7188739353748135,23.711901306240932,55.3096274794388,20.978471214320273,55.909428359317005,30.10393466963623,13.986636971046767,16.409249174180875,28.429569694740714,16.029500301023482,11.694478963252266,5.0,27.077696173173557,80.95487932843652,27.82004197271773,4.997376705141658,16.264428121720883,41630.0,0.3941,17708.0,65.64162449721033,6.226526981616923,55.6943135406849,58.463832960477255,11.522148916116867,93.73601789709171,36.01947847942193,2.796420581655481,33.36423431775041,7.555555555555554,38.51145543636605,28.759987639606237,27.824129254403392,11.954266543062728,8.1578598861078,7.655555555555553,6.9250747919796805,-0.7304807635758728,"Jerome County, ID",Idaho
1267,2344,1.86149280724273,1.7891053495905889,train,45069,27993,53.334762261994065,46.665237738005935,41.29961061693994,50.78412460257922,99.79177511712648,44.95922262710394,54.832552490022564,0.20822488287350333,15.193052213037564,83.00198807157058,1.8049597153918595,37.9954481040924,35.77961953020999,26.224932365697605,67.07427536231883,24.466586151368762,8.4591384863124,29.024870424685613,78.21108016094088,32.54122211445199,20.260335060865373,5.0,24.42001891977116,68.72361809045226,39.58793969849246,10.381909547738694,25.025125628140703,30767.0,0.4668,15682.0,58.433608873077326,14.17315784761393,56.46855471346896,52.210216110019644,24.305278553383857,98.6738703339882,23.14851748437708,0.22102161100196466,3.1150644804058163,6.333333333333332,26.563783803093628,30.211124209623836,34.20140749473083,14.95016611295681,7.9162647804808355,6.433333333333332,5.984096396544202,-0.4492369367891298,"Marlboro County, SC",South Carolina
1268,17,2.334299068483573,2.1571398887415887,train,1035,12865,48.0062184220754,51.9937815779246,52.15701515740381,44.71045472211426,100.0,53.5056657223796,46.4943342776204,0.0,16.29562775772162,82.20016044925792,1.5042117930204573,30.22614975294565,45.29646522234892,24.477385024705445,66.40089837170129,25.37900056148231,8.220101066816397,33.77902885292048,70.93446601941747,46.19557249670137,24.699641129661412,6.0,29.074757959876234,54.37306501547987,47.2329721362229,9.229876160990713,28.482972136222912,24900.0,0.5014,15968.0,47.74368231046933,22.117202268431,49.83232729711603,38.89551052840685,24.963112005365527,97.7751291219706,29.765258215962444,0.0,1.6323357947920714,10.222222222222221,28.309366498251066,23.202487368830162,35.11076564321803,19.564710454722114,3.1325301204819267,10.32222222222222,8.646372672213195,-1.6758495500090245,"Conecuh County, AL",Alabama
1269,3100,1.4637696732881809,1.6919888750474998,train,55119,20569,51.0914482959794,48.90855170402062,97.79765666780105,0.48616850600418104,98.37000814995923,76.56886715566422,21.80114099429503,1.6299918500407498,16.69799701821482,81.02028910351979,2.281713878265379,22.396022796168303,56.93585546259246,20.668121741239236,58.68284471875439,28.04741197923973,13.269743302005892,12.483327570024205,19.622454048683558,12.688093498904312,12.164421280361884,6.0,26.49763699067569,75.52535404294198,34.89036089538602,3.49474645957058,10.358611238008224,45420.0,0.4297,24300.0,67.99118428728852,5.396129278291544,73.51342309943966,67.57925072046109,17.56293384628251,98.44380403458212,12.988207744417494,0.4610951008645534,1.662696290534299,4.2222222222222205,29.991735135397924,22.285964315231663,36.18066021683116,17.65764013807185,1.7161748261947591,4.322222222222221,5.430270100899493,1.1080478786772723,"Taylor County, WI",Wisconsin
1270,2752,1.9756230463738251,1.8754433221619478,train,48473,45847,50.30209173991757,49.697908260082436,68.98379392326653,25.364800314088164,99.06998158379378,69.6316758747698,29.438305709023943,0.9300184162062616,9.130434782608695,81.89512114171922,8.974444075672087,40.16087252897069,41.94410361281528,17.895023858214042,53.29830234438157,27.86176232821342,18.839935327405012,18.23948282985394,30.310755037630486,19.713430955755,13.239164765748374,2.0,17.61617900172117,83.6047929970582,26.82069311903566,6.916840066011338,16.43108272942527,51348.0,0.4596,22849.0,62.26638551084665,7.733345704212284,61.66317638316558,50.24935168561739,11.761129500776873,94.27488529822462,29.152874417347835,2.533413125872731,29.122952428730343,7.1111111111111125,37.302331668375245,36.54982877832792,28.35081902850787,11.134861604903264,5.651405762645321,7.211111111111112,6.523710584838,-0.6874005262731124,"Waller County, TX",Texas
1271,574,2.455782938066032,2.4180152430918724,train,16059,7790,50.487804878048784,49.512195121951216,95.78947368421049,0.3465982028241335,100.0,78.2332155477032,21.76678445229681,0.0,22.509345034942303,75.47537786445636,2.0152771006013324,20.860827834433113,55.533893221355726,23.605278944211157,42.30058774139377,36.22166246851385,21.477749790092357,18.695254281605447,39.424031777557104,19.819646968534148,20.36628133523834,6.0,43.502824858757066,67.69685568395593,44.74603601182478,5.85864015049718,12.20102123085192,34329.0,0.436,22134.0,52.80076384468492,6.1482820976491865,65.17217471689392,69.08533469596321,17.957014097527153,98.62033725089422,23.08758955396349,0.0,2.901155327342747,11.555555555555555,23.838254172015404,17.894736842105264,37.99743260590501,25.905006418485236,3.86392811296534,11.655555555555555,11.223561153453625,-0.43199440210192996,"Lemhi County, ID",Idaho
1272,1957,2.25595925165399,2.0360556326457973,train,37147,173798,47.18408727373158,52.81591272626842,58.67961656635865,34.14711331545818,99.37688179081032,55.085744207356974,44.29113758345334,0.6231182091896845,15.207415990730011,70.90073387408266,13.891850135187333,43.37215712327024,38.025640663208335,18.60220221352142,37.17494608861958,33.168427934389115,29.65662597699131,25.49248817610888,41.84155299055614,32.14307526312575,12.057123979204464,4.0,21.50103971642752,80.46280110218956,24.26446623803739,5.340582501259221,16.802465112144827,41119.0,0.4953,23461.0,67.2513225542061,11.610051186598414,71.06962829746578,64.37233870533068,12.786082986762581,96.1839055678327,18.77275046041312,1.6762787689322485,5.777972128563044,9.444444444444443,30.57227355895925,38.66442651814175,28.25924348956835,10.992646635749548,7.1732701181831775,9.54444444444444,7.660334357819779,-1.8841100866246618,"Pitt County, NC",North Carolina
1273,918,2.89591193827178,2.097811264058601,train,20073,6393,48.80337869544815,51.19662130455185,95.36993586735493,0.1564210855623338,99.78617248752673,60.1568068424804,39.62936564504633,0.2138275124732716,19.530612244897963,78.77551020408163,1.6938775510204085,19.785276073619627,53.85352760736197,26.36119631901841,50.26109660574414,33.246301131418626,16.49260226283725,15.083798882681565,30.87248322147651,14.566284779050735,19.086149452641607,6.0,34.749498997995985,69.68838526912181,44.72379603399433,5.205382436260623,13.385269121813032,38838.0,0.442,23335.0,60.28571428571429,3.5206499661475967,71.24389543234703,71.45877378435517,13.932777937374318,99.15433403805496,18.442976156276934,0.3523608174770966,3.7541060534960113,18.0,27.32676364773972,20.459877991553267,34.443923040825894,23.150320663225408,4.473643047082746,18.1,8.14831586899745,-9.951684131002551,"Greenwood County, KS",Kansas
1274,1318,2.5977391802845275,2.1358029443576294,train,27021,28519,50.885374662505704,49.114625337494296,85.19232792173639,0.3611627336161857,98.1238585422547,62.64320106259339,35.480657479661296,1.8761414577453093,14.581640942323315,83.72596804765774,1.6923910100189548,21.219211298762072,59.709873654656064,19.070915046581867,44.05217981669172,35.740264778623725,20.207555404684545,16.584740329130153,40.82224909310762,15.391795882383445,15.87688610904979,5.0,41.32128388906201,71.42968263845675,41.72370877411326,5.5382700684505295,13.332296204107035,46531.0,0.4248,25720.0,57.98455182324411,7.0941759603469645,62.36947028669072,74.36214628111955,28.95386367951395,99.0722127725375,13.486488196949566,0.07731560228854183,1.6304919527332655,13.333333333333336,26.754093762053362,20.183035870822962,35.44303797468355,23.167011466040183,14.44650934464743,13.433333333333332,8.463839771578256,-4.969493561755076,"Cass County, MN",Minnesota
1275,2176,2.465270675271141,2.1466742135765022,train,40103,11506,48.89622805492787,51.10377194507213,84.06049017903703,1.4948722405701371,100.0,79.45791726105563,20.54208273894437,0.0,12.653882575757574,86.18607954545455,1.1600378787878791,18.55321930493518,62.19631768166467,19.25046301340015,46.66581665179141,30.61328573250032,22.720897615708274,13.301141352063215,15.682196339434276,15.232231294338105,16.552691565842537,6.0,32.3289246693502,78.75802997858672,34.796573875803,5.353319057815847,16.40256959314775,48285.0,0.4575,25368.0,62.68309695419669,5.916172106824926,73.15134243287834,71.52454780361757,15.239238038098097,95.968992248062,14.309284535773212,0.15503875968992248,3.0853467755953417,11.666666666666664,30.87954110898661,24.795758734573266,33.48687641230662,17.34747088475578,14.444637580392842,11.766666666666662,8.556354417021215,-3.2103122496454475,"Noble County, OK",Oklahoma
1276,2286,2.3555991282796627,2.355240059150561,train,42097,94006,50.55528370529541,49.44471629470459,95.23966555326255,2.8551369061549265,99.12541254125412,68.17931793179318,30.946094609460946,0.8745874587458745,17.694777758999493,79.81944679173004,2.485775449270464,28.559289790741914,48.59860494610019,22.842105263157894,64.65637326060501,20.701183301807944,14.642443437587064,13.78207286685972,27.032621885930475,13.521001178231378,15.659755211535234,5.0,34.5109199205824,70.67174603174604,39.04761904761904,6.115555555555555,13.178412698412698,42406.0,0.4298,23291.0,61.25361322369714,7.181637000893409,74.81330868761553,73.69218222066877,16.748613678373385,98.35139228707912,13.3456561922366,0.20971688220901785,2.9061974767568017,10.444444444444443,25.057975022870878,25.50901006318745,35.626449375571774,19.28281173542114,1.905197540582516,10.544444444444443,10.540658939630548,-0.0037855048138943914,"Northumberland County, PA",Pennsylvania
1277,1692,0.6875761355104899,0.963406067400703,train,31089,10398,49.538372763993074,50.461627236006926,97.41296403154452,0.08655510675129832,99.39222042139386,80.87520259319287,18.51701782820097,0.6077795786061588,16.798444588464033,81.07582631237848,2.125729099157485,18.908218356328735,62.63947210557889,18.452309538092386,41.92791050959811,37.13575473000967,20.93633476039221,11.845972957084069,14.406381980290945,13.137197786192838,13.593276653962667,6.0,31.640773020083362,78.69469026548674,35.99557522123894,2.3008849557522124,5.154867256637168,46728.0,0.4306,25672.0,70.41237113402062,0.8967789165446559,80.26109660574411,76.7741935483871,9.434290687554396,98.70967741935483,13.350739773716276,0.19851116625310167,3.625697249471052,1.8888888888888888,30.07309097903443,20.965570301981156,34.670128870936715,20.580880938642046,2.5004808617041743,1.988888888888889,2.620607254387339,0.63171836549845,"Holt County, NE",Nebraska
1278,51,2.2789752273549118,2.503704244520221,train,1103,119786,49.099226954735954,50.90077304526406,82.6899637687209,12.286076837026027,99.70630372492838,67.27435530085961,32.43194842406877,0.2936962750716333,14.413084029134836,82.13714691774739,3.449769053117783,24.68056072447587,49.26291196294918,26.05652731257495,48.17204825743806,30.51465655000793,21.313295192554012,16.05589377469518,32.026268202150945,15.651125814227829,16.665255242031098,4.0,29.198535660587048,73.60441224180816,33.41624310587218,5.794311668649291,14.967016329620414,45751.0,0.4542,24449.0,62.409184182796295,9.496134364169556,69.22949552930787,70.87598258214103,13.3292857931339,97.94718090821694,21.85257754719064,0.6559972855284737,7.812265206284541,9.666666666666666,29.580251448416337,27.225218305979,34.12502295760773,15.30395872639541,5.023959394253085,9.766666666666666,12.227704581100289,2.461037914433623,"Morgan County, AL",Alabama
1279,2831,1.86149280724273,1.9522996037874372,train,51036,7118,49.48019106490586,50.51980893509414,42.03427929193594,48.21579095251475,98.25291181364392,54.90848585690514,43.344425956738775,1.7470881863560732,14.756592292089248,81.22041920216363,4.022988505747127,32.02539889286877,43.17811787691305,24.796483230218172,63.68333640893154,23.288429599557123,13.028233991511348,13.161235717308507,30.188679245283016,12.578496669838247,15.010570824524311,2.0,31.511963346343126,72.84079084287202,41.06833159902879,5.202913631633715,11.793270898369752,49563.0,0.4766,29018.0,60.919735279144746,8.217270194986073,71.77183920952167,61.04166666666667,15.832023355041544,97.70833333333331,16.6404671008309,0.5555555555555556,1.6718179263838155,6.333333333333332,21.944366395054796,22.0005619556055,40.882270300646255,20.230401798257933,9.749929755549314,6.433333333333332,7.044869375898203,0.6115360425648708,"Charles City County, VA",Virginia
1280,2598,2.049841071903545,2.14980303483249,train,48165,18916,50.51807993233241,49.48192006766759,91.43053499682807,1.8449989426940159,100.0,79.97252327888872,20.02747672111128,0.0,8.692458374142998,87.59386222657524,3.71367939928175,22.932274498052145,56.17320946958346,20.8945160323644,67.2812353766963,20.87037903603182,11.848385587271874,11.590884889788097,12.694300518134716,13.333333333333336,12.430880476393025,6.0,9.437929640113225,82.06589492430987,23.40160284951024,3.4906500445235973,8.833481745325022,57635.0,0.4464,22744.0,65.62780451986619,3.468423669816012,54.164300586787796,51.921939680662355,7.751277683134582,98.87640449438202,39.18228279386712,0.0,39.18375978008036,7.666666666666668,43.40769718756608,29.562275322478325,26.43793613871855,9.36773102135758,6.724466060477903,7.766666666666667,8.583167645620692,0.8165009789540258,"Gaines County, TX",Texas
1281,1077,2.707309185877491,2.2857239689275755,train,21181,7075,48.734982332155475,51.26501766784453,96.91872791519435,1.4699646643109543,97.65625,60.63701923076921,37.019230769230774,2.34375,13.995102655867395,83.00998304765493,2.9949142964776803,22.576687116564425,53.531989482909715,23.891323400525856,61.46131805157593,27.363896848137536,11.174785100286536,23.45465049104564,59.5639246778989,23.840596597529718,18.15181518151816,6.0,26.71232876712329,70.04249291784703,39.022662889518415,9.702549575070822,22.060906515580736,36097.0,0.4498,20039.0,58.00188501413761,7.572310692232692,60.651029200574435,64.33007985803016,23.5040689325036,97.60425909494232,20.34466251795117,1.064773735581189,0.7067137809187279,14.888888888888893,30.600706713780923,24.296819787985875,35.15194346289752,17.031802120141347,1.6113074204946998,14.988888888888894,9.832802291130587,-5.156086597758307,"Nicholas County, KY",Kentucky
1282,2746,0.9339123332239747,1.638405068708985,train,48461,3405,47.66519823788546,52.33480176211454,57.88546255506608,4.552129221732747,99.62370649106302,67.35653809971778,32.26716839134525,0.3762935089369708,14.109890109890113,84.26373626373626,1.6263736263736264,21.251002405773857,55.61347233360065,23.1355252606255,63.35766423357664,26.520681265206807,10.121654501216543,19.688342822894818,31.631382316313815,21.470431539690995,14.132058559904392,6.0,16.809238665526088,80.27937551355792,26.37633525061627,7.559572719802794,10.353327855382089,46131.0,0.4612,22751.0,60.35087719298245,4.3604651162790695,60.50510478237506,47.25536992840095,10.585706609349812,94.5107398568019,31.59591617409995,3.1026252983293565,49.83847283406754,2.4444444444444446,38.35535976505139,27.54772393538913,28.13509544787078,12.980910425844344,37.56240822320117,2.5444444444444447,5.146953924459711,2.6025094800152666,"Upton County, TX",Texas
1283,1811,2.4267673628924595,2.29798066881743,train,35041,19908,50.61281896724935,49.387181032750654,73.55836849507736,2.4964838255977497,98.8312202852615,65.66957210776546,33.16164817749604,1.1687797147385102,14.575874917805214,77.57726309636881,7.846861985825965,36.345008644425945,41.723762566434004,21.93122878914004,45.11453113815318,31.791338582677163,23.09413027916965,26.313536650615305,58.69704749679075,28.988363363363362,16.803953871499182,5.0,21.534551449374913,77.39179156744642,32.24541252276229,6.779661016949151,18.01372741280291,35546.0,0.4622,18187.0,61.7557039510295,9.33768866861906,59.886770460411284,59.19661733615222,21.596869536258424,97.5475687103594,23.73657480642744,0.38054968287526425,40.09443439823187,11.222222222222221,35.67410086397428,37.06047819971871,25.07032348804501,12.19107896323086,23.94514767932489,11.32222222222222,9.954061599335745,-1.3681606228864744,"Roosevelt County, NM",New Mexico
1284,1021,2.5726122302071057,2.5299586046169473,train,21069,14544,49.36056105610562,50.63943894389438,96.4590209020902,1.382013201320132,98.82484611080022,77.58813654168999,21.23670956911024,1.175153889199776,13.466812945693912,83.76302797586395,2.7701590784421284,20.60015521255497,54.470983875140114,24.928860912304906,60.582603381544104,26.634752495416574,12.782644123039315,20.106515423986718,34.205463639861485,22.542448614834672,20.386413641364136,6.0,26.33546034639927,68.61249112845991,37.59758694109298,10.681334279630944,23.296664300922647,35469.0,0.507,21453.0,58.441203281677296,9.530494462642332,56.353782287822895,50.82680591818973,24.930811808118076,98.78154917319408,23.40867158671587,0.6092254134029591,1.216996699669967,13.0,30.97497249724973,24.628712871287128,34.9972497249725,15.800330033003302,2.1589658965896588,13.099999999999998,12.552986490228605,-0.5470135097713928,"Fleming County, KY",Kentucky
1285,1247,2.0640458562018624,2.171441349350445,train,26045,108341,48.773779086403124,51.22622091359689,87.12398814853105,6.392778357223951,98.6578859619873,70.3692897632544,28.28859619873291,1.3421140380126708,15.546340401866678,80.8944072345673,3.5592523635660225,28.495923531065504,50.603317402305315,20.900759066629178,36.07161029431456,39.1888272943949,24.739562411290546,10.810607979436957,18.45363938387194,10.448217633527902,14.657774722978182,3.0,27.03764826005913,75.23148148148148,33.8535936927026,4.478364503116978,13.492390905757242,54993.0,0.4009,27577.0,65.57594596210174,7.618821899327267,78.21073855574639,80.38945476333133,14.72780225524606,98.99340922708208,11.589873795833025,0.2516476932294788,5.12363740412217,7.777777777777778,28.99364045006045,26.455358543856896,35.6144026730416,15.740116853268844,6.483233494245023,7.877777777777777,8.770916889741272,0.893139111963495,"Eaton County, MI",Michigan
1286,2827,1.789905900578732,1.8899748724829266,train,51029,17068,55.519100070307005,44.480899929693,61.54792594328568,34.4680103116944,100.0,66.44457904300424,33.55542095699576,0.0,13.118114271073534,83.62797847809378,3.2539072508326936,36.09174567763525,39.74484104852203,24.16341327384272,66.26594102834864,23.32060758671107,10.4134513849403,19.100599600266488,45.62890276538805,18.624381375618626,18.490691489361698,4.0,27.38589211618257,72.3362484383366,40.12136355523828,4.747456719614492,18.8291986435838,40331.0,0.4131,18204.0,61.24744376278118,10.934891485809684,61.79183135704874,56.3165905631659,15.590689503732982,98.13546423135463,24.63768115942029,0.3424657534246575,2.1502226388563392,5.8888888888888875,24.7070541363956,26.910007030700733,37.631825638621976,15.994844152800566,3.9840637450199208,5.988888888888888,6.61920235483322,0.6303134659443321,"Buckingham County, VA",Virginia
1287,2339,2.5555031730094866,2.2466452695139854,train,45059,66389,48.59841238759433,51.40158761240569,70.3339408636973,25.37468556537981,99.63427023366067,50.29461564510667,49.33965458855401,0.3657297663393159,12.443296242803962,85.02613966923657,2.5305640879594784,30.80625752105897,44.38396741645839,24.809775062482643,56.183137911781124,29.25739810161921,14.559463986599667,20.891169406406934,54.54640907181857,19.90339571348819,20.287142988618587,3.0,27.80112044817927,72.79809220985692,38.847376788553255,6.240063593004769,18.42209856915739,38515.0,0.446,20072.0,59.604239441092396,9.859811528087645,63.985754562991545,63.54773869346734,19.22886679527131,98.9346733668342,21.46460899243211,0.08040201005025126,4.316980222627242,12.777777777777779,29.29551582340448,26.282968564069353,34.99374896443689,16.190935245296654,4.291373570922893,12.877777777777776,9.455960368570949,-3.4218174092068274,"Laurens County, SC",South Carolina
1288,276,2.1054882506179364,2.005493313372064,train,8073,5478,58.63453815261044,41.36546184738955,84.51989777290983,11.153705732018986,100.0,73.4562211981567,26.54377880184332,0.0,19.230769230769234,79.08887229275578,1.6803584764749813,39.82976865997381,36.25054561326932,23.919685726756875,62.51575497857323,22.40988152256113,15.074363498865642,16.60457690260777,19.469026548672566,20.089686098654703,18.788200903534413,6.0,27.452765763715004,71.67561121049492,44.245676803816345,3.1007751937984502,9.242695289206916,39005.0,0.4559,15203.0,56.534727408513824,6.274768824306473,68.60143725815368,58.688147295742226,20.176893311221672,99.07940161104716,12.050856826976233,0.5753739930955121,16.995253742241694,8.11111111111111,24.55275648046733,33.351588170865284,29.664110989412194,17.177802117561153,4.326396495071194,8.211111111111109,7.429758191927889,-0.7813529191832194,"Lincoln County, CO",Colorado
1289,1691,2.0059743897979634,1.8532866184416055,train,31087,2879,51.09412990621743,48.90587009378256,99.2705800625217,0.13893713094824592,96.44012944983818,77.34627831715211,19.093851132686087,3.559870550161812,22.317018410417603,76.06645711719803,1.6165244723843737,17.726887192536047,56.06446140797286,26.208651399491096,44.08241494968855,40.824149496885475,15.093435553425973,17.388218594748047,36.17511520737328,17.5818373812038,18.27768014059754,6.0,36.35559486952676,73.62146050670641,39.94038748137109,3.502235469448584,10.804769001490314,39231.0,0.4089,23152.0,61.87696452626852,2.6124818577648767,68.78172588832487,68.04915514592936,10.406091370558377,99.23195084485407,23.15989847715736,0.0,2.674539770753734,7.333333333333332,26.39805488016672,20.319555401180967,34.734282737061484,23.480375130253567,0.5904828065300451,7.433333333333334,6.380756209334197,-1.0525771239991366,"Hitchcock County, NE",Nebraska
1290,364,3.1301660366975246,2.804342816188634,train,12101,479288,48.555148470230854,51.444851529769146,88.67778871993454,5.07022917327369,99.12359003489412,67.36184370688956,31.76174632800454,0.8764099651058996,14.08736587573405,80.98200251177563,4.930631612490326,25.15133856131661,48.714187393560636,26.13447404512275,45.676942246480934,32.87732617136117,21.445731582157897,14.029401845728335,21.8732782369146,14.955924329340048,16.442945223274354,2.0,37.666571933813316,64.5299971017293,41.94388089180863,6.273145911828165,15.166006505007568,45064.0,0.4465,24455.0,54.61114402053549,9.083180236876053,64.22716282361267,54.92392754267597,17.886418588193667,97.17458967270477,21.927153977708322,0.6901618110464555,13.101517250588374,22.777777777777786,26.403957537013234,23.75002086428201,33.61861761613059,22.010774315234265,6.251982106791742,22.877777777777784,16.51621814749034,-6.361559630287445,"Pasco County, FL",Florida
1291,2814,1.4637696732881809,2.004724848591599,train,51003,103108,47.87698335725647,52.123016642743536,81.52519688094037,9.366877448888543,99.69892074667656,78.88739635925705,20.81152438741952,0.30107925332345176,15.43544768509076,77.96451152355701,6.6000407913522325,32.41860137561915,48.82508979084016,18.756308833540693,26.85098067597887,21.493811970760657,51.65520735326048,10.187943113646849,10.614467735306206,11.558107903883936,9.200055155025016,4.0,25.4266780200659,78.68118292023783,29.02993333848094,2.810593776542352,5.247985998507193,68449.0,0.4817,37474.0,62.152177724346934,3.7315387560194235,84.20699971951258,73.71173469387755,6.390438495340793,95.87372448979592,11.129117711222612,0.5612244897959183,5.67463242425418,4.2222222222222205,30.154789153120994,30.55630988866044,32.517360437599415,15.880436047639373,9.107925670171085,4.322222222222221,7.4240508776458976,3.1018286554236765,"Albemarle County, VA",Virginia
1292,1179,2.118929313186954,2.4413598298368218,train,23017,57421,49.53936713049232,50.46063286950768,96.82694484596227,0.4040333675832884,99.07568887338681,63.16707359609347,35.908615277293336,0.9243111266131846,13.831482055140064,80.88020533699165,5.288312607868302,27.52227056142532,46.14460327325462,26.33312616532007,54.523280005739295,27.41707917832461,18.059640815936106,17.495454465215627,33.52340223330957,18.49947807933194,18.505013673655426,6.0,36.36541854538326,70.18422382505629,39.08209675196398,8.554233472688011,22.276841089722968,40630.0,0.4211,21280.0,59.645271753446295,8.729574562049168,59.53483088632039,62.12897611911438,27.688637719024214,97.48622256598664,16.98804418822594,0.34806149086338584,1.135473084759931,8.222222222222221,26.324863725814595,22.699012556381806,38.68967799237213,18.585534908831264,2.769021786454433,8.322222222222221,11.488652738338907,3.1664305161166855,"Oxford County, ME",Maine
1293,691,1.9600947840472698,1.9115081461166976,train,18001,34642,49.36781940996478,50.63218059003521,97.53767103515965,0.6985739853357197,98.21165191740411,80.62315634218291,17.588495575221238,1.7883480825958702,14.084688871675706,84.5124365263792,1.40287460194509,24.46875491893593,56.713363765150326,18.817881315913734,58.91354246365723,26.09506503443,14.99139250191278,16.304443985727346,37.54734230116233,12.805790108564533,12.724297153544915,5.0,21.429472356527224,75.83518016908808,32.143150291389645,5.056225888533202,10.260198637445619,48188.0,0.4255,21274.0,66.6538296961917,5.874045066444116,68.10354048561344,64.72602739726028,12.257995507540913,97.51712328767124,23.13081613006739,1.0273972602739725,4.358870734946018,7.0,38.28300906414179,24.894636568327464,29.501760868310146,14.289013336412447,1.7637549795046474,7.1000000000000005,6.763281127006937,-0.3367188729930639,"Adams County, IN",Indiana
1294,2466,2.3555991282796627,2.4766675769661557,train,47091,18017,53.52167397457956,46.47832602542044,93.4006771382583,3.94627296442249,97.40506329113924,76.32911392405063,21.075949367088608,2.5949367088607596,16.032840213771202,82.30191309735883,1.6652466888699562,23.06291067594821,51.265369852319296,25.671719471732484,66.09665427509293,24.66914498141264,9.234200743494423,25.60074511021422,49.512195121951216,31.292790978654857,24.65415019762845,6.0,28.504767701359306,61.54943643886432,46.18347838493365,12.355542873448426,25.7954059066914,30763.0,0.4584,16916.0,49.93856550453079,8.380747347378133,57.89084767233189,58.26993519301212,29.21988810302966,99.04198365736828,19.59252612688694,0.338123415046492,1.7039462729644226,10.444444444444443,22.784037298107343,25.348282177943048,36.83188100127658,19.992229560970195,2.6530498973191987,10.544444444444443,11.90153730378909,1.3570928593446467,"Johnson County, TN",Tennessee
1295,258,1.928295602354331,1.8280306557895452,train,8035,306974,49.626026959937974,50.373973040062026,90.5125515515972,1.0802217777401344,99.5577966541451,84.30629350119011,15.251503152954974,0.4422033458549077,8.813230644805529,88.16493272553488,3.021836629659584,21.625536181828323,64.09670770430617,14.277756113865525,15.205470451777241,28.191728620307995,56.60280092791477,3.958835951853232,4.339540004024669,4.034226908541918,6.02642319594535,2.0,26.00104648601013,88.5026954541773,18.765580985123254,1.5425737762458038,2.6873543149766452,102964.0,0.3996,45500.0,75.3242689856673,3.9033389124405935,91.05981090094231,68.99935993172605,4.474322588828463,95.86800369817226,6.479470226675758,0.2702510490007823,8.146292519887679,6.777777777777778,36.10305758793904,25.014496341709727,36.878041788555386,9.217718764455624,8.407226670662661,6.877777777777777,6.2216220704866725,-0.6561557072911048,"Douglas County, CO",Colorado
1296,3083,2.0780516873907815,2.071800607605021,train,55085,35653,50.39688104787816,49.60311895212184,96.32289007937621,0.7376658345721258,97.98432250839865,78.05151175811869,19.932810750279952,2.015677491601344,16.18286111593951,81.3071440987311,2.5099947853293934,22.909316607866195,55.06337384032406,22.027309551809743,41.78056889545623,33.176948651643876,25.04248245289989,10.380998656643897,16.49621212121212,10.588686481303931,15.340375252683428,6.0,37.98230690711127,68.58548258441903,42.9540015953204,3.616059558628024,10.9611805370912,46516.0,0.4244,26432.0,60.12053200332503,6.077889157737068,73.75354584355017,72.03022420413727,19.26534929563921,99.13291217639043,11.327467666714744,0.012386968908708041,1.3547247075982385,7.8888888888888875,22.93215157209772,20.51720752811825,38.496059237651814,23.4538468011107,2.9394440860516653,7.988888888888888,7.939105469220343,-0.04978341966854494,"Oneida County, WI",Wisconsin
1297,1774,2.366081404553173,2.2066945899223933,train,34013,791609,48.031540823815796,51.96845917618422,41.92372749678187,39.89456916230109,99.65657799280795,54.808169059660436,44.84840893314754,0.34342200719202925,14.37490277417682,80.27741768213637,5.347679543686803,42.83791551142365,35.57203728657363,21.590047202002722,44.53403480680886,22.771773317321443,32.69419187586969,17.31439708657199,32.321628753855684,17.639730986430198,12.448149268577811,1.0,11.466396199220627,78.36992286531097,25.83886221838647,6.745779168239928,16.818239027635435,53976.0,0.5447,32708.0,69.34380275153717,12.689836412799664,62.994051113222504,51.757267913109246,16.43155552596914,93.363233545877,22.73648791764756,2.3495082675888903,21.683558423413572,10.555555555555557,30.947475331887325,29.944454901346496,33.641355770336105,12.143495084062964,18.181703340917046,10.655555555555555,9.085634955342286,-1.569920600213269,"Essex County, NJ",New Jersey
1298,872,1.7520942128356236,2.122283462319701,train,19179,35315,49.30765963471613,50.69234036528387,92.01189296333004,2.061446977205154,97.66000505944851,65.58310144194283,32.07690361750569,2.33999494055148,16.195934990007167,80.35370866171424,3.4503563482785933,25.88965180718693,50.6848837614583,23.425464431354786,50.472149423852905,32.767586006073465,16.76026457007363,18.62719413151689,34.22691110342442,19.93505322027783,14.496363740479875,5.0,28.61686958429308,74.11164010211826,34.11991996136066,6.679086455530256,20.58924998275029,42095.0,0.4423,22716.0,63.70913942628419,7.678883071553229,69.48446856287424,70.74562968248306,20.845808383233532,98.7334998216197,14.001684131736527,0.10702818408847664,9.907971117089057,5.666666666666668,29.05564207843693,27.659634716126288,33.22101090188305,16.568030581905706,5.926660059464817,5.766666666666667,8.350183062872102,2.583516396205435,"Wapello County, IA",Iowa
1299,2544,2.334299068483573,2.019129654850296,train,48057,21666,50.03230868642114,49.96769131357888,87.63038862734237,2.8800886181113263,98.32069339111591,68.34597327555075,29.97472011556519,1.6793066088840736,12.696211309336192,84.68133392170459,2.622454768959213,26.37176415590487,51.21837199789635,22.409863846198807,51.92668194126222,31.889189752134968,16.184128306602787,19.33794651206284,43.67088607594936,18.42496285289748,18.139903129657224,5.0,28.22040208488459,78.45884413309983,33.29997498123593,5.679259444583438,12.646985238929195,51078.0,0.4141,24372.0,62.745590358420685,6.682673069227692,68.93319564699341,62.208258527827645,10.453570577488282,95.36205864751646,22.789737072047025,0.17953321364452424,47.76608511031108,10.222222222222221,32.516385119542136,26.146958367949786,32.331764054278594,15.946644512138837,9.489522754546293,10.32222222222222,7.531766843434008,-2.790455378788211,"Calhoun County, TX",Texas
1300,669,1.9120085973796321,2.3083184565908246,train,17161,147161,49.2127669695096,50.78723303049042,82.14676442807537,9.449514477341143,99.07654921020657,57.75212636695018,41.32442284325639,0.9234507897934386,18.477041630568603,78.24084629063883,3.2821120787925766,29.384916322538576,45.75092371223647,24.864159965224953,43.69906204763132,34.33639374169625,21.964544210672436,14.928323227775982,31.36935542978134,14.026186918990705,12.969089967190467,3.0,28.98926615553122,73.18143431968339,32.460134788296266,4.608302561639978,13.959033630839032,48817.0,0.43799999999999994,26391.0,65.35228898426323,7.4743466958544245,72.47735797273809,74.34404722859955,17.791144451559784,97.53197769760578,13.552053791967795,0.4714660544440801,12.272952752427615,6.666666666666668,28.72364281297355,27.567086388377355,32.895943898179546,17.130217924586,8.403721094583483,6.7666666666666675,10.057498307815894,3.290831641149227,"Rock Island County, IL",Illinois
1301,3003,2.6998686753609076,2.3511335415081476,train,54037,55214,49.10529938059188,50.89470061940812,88.24211250769733,6.965624660412215,98.60772437662236,71.8477149374656,26.76000943915677,1.392275623377645,11.355168635090713,83.876780713503,4.768050651406306,27.92400287459576,50.853395616241464,21.222601509162775,43.983870967741936,27.615591397849464,28.400537634408607,11.583140963586269,18.59891932884633,11.530653674380837,12.715658440707578,2.0,35.58458708673301,81.52574885642615,29.447641532634893,5.843293492695882,12.798189956224485,66677.0,0.4219,30912.0,67.62837229149875,8.034493637606479,75.83085033234012,73.22066501786205,14.204675681870274,97.6092333058533,14.13305065322026,0.0,5.2233129278806105,14.777777777777779,29.921758974173216,27.248523925091465,36.18647444488717,13.434998369978626,4.792262831890462,14.87777777777778,10.497462292333225,-4.380315485444555,"Jefferson County, WV",West Virginia
1302,791,1.6507930981160142,1.4251169769059195,train,19017,24539,49.32148824320469,50.67851175679531,96.73173315946043,1.09621418965728,98.84513441878076,85.23286633850816,13.612268080272624,1.1548655812192352,14.207185764479206,81.93358268162756,3.859231553893234,27.63562431815928,56.12416939402956,16.24020628781117,38.70026689839241,32.71057041772702,28.589162683880573,8.267493124972718,10.098470563586842,8.693510651397611,9.54252150893448,4.0,25.97747888645605,76.81793913507742,34.14842498665243,3.374265883609183,6.962092899092365,62163.0,0.435,30504.0,69.31631626330562,3.7665215066086017,88.45474313672193,77.99376049916008,7.970916009785267,99.08807295416366,5.843979342212558,0.0,1.2714454541749869,5.111111111111111,30.33130934430907,29.642609723297607,30.48208973470802,18.044745099637307,2.1720526508822693,5.21111111111111,4.15834424455004,-1.05276686656107,"Bremer County, IA",Iowa
1303,661,2.158201375540483,2.1784079310677145,train,17145,21810,53.05823016964695,46.94176983035305,88.03759743237049,8.725355341586429,99.56331877729258,62.307515513675,37.255803263617565,0.4366812227074235,17.430953621677958,78.15268368942158,4.416362688900469,31.401602458566572,43.1566238612666,25.441773680166825,52.45805314356598,34.13853887837044,13.403407978063589,17.197517044876367,37.64478764478765,16.785660033419415,15.715517678689187,6.0,30.627687016337056,69.50778816199377,37.769470404984425,5.844236760124612,17.856697819314643,42478.0,0.4667,21720.0,57.94818383023043,7.503931700741407,69.3822361193273,68.91470671578351,21.41468773768275,98.78152451119296,12.853883207977688,0.2833663927458203,2.255845942228336,8.555555555555555,26.06143970655663,29.02796882164145,34.26409903713893,16.758367721228794,3.2370472260430985,8.655555555555555,8.83223353470673,0.1766779791511741,"Perry County, IL",Illinois
1304,420,1.7520942128356236,1.8549466329580213,train,13081,23314,47.332075147979744,52.66792485202024,53.89036630350861,43.16290640816677,99.38239835306229,48.962086121118546,50.42031223194373,0.6176016469377252,13.368983957219253,83.24616559910677,3.3848504436739733,32.50487329434698,43.60515486246481,23.88997184318821,57.49446542518557,27.900768329209534,14.604766245604901,32.81916062403867,88.31083305893975,39.069387755102035,18.705445003280122,5.0,28.55096545006589,67.46737498556415,38.49174269546137,10.486199330176694,30.10740270239058,31615.0,0.5294,19439.0,59.057290443766135,15.06808468343107,53.207795051456095,49.41529235382309,22.91073644259543,97.99100449775112,27.552733377125765,0.2698650674662669,3.2598438706356694,5.666666666666668,32.821480655400194,26.45191730290813,33.52492064853736,14.883760830402336,2.946727288324612,5.766666666666667,6.391357153693791,0.6246904870271246,"Crisp County, GA",Georgia
1305,2257,2.376454941560501,2.3841949631378156,train,42039,87343,48.873979597678115,51.12602040232189,95.79359536539849,1.8639158261108504,99.06303236797278,69.0002129471891,30.062819420783644,0.9369676320272572,14.397342029163845,82.22174367809019,3.380914292745955,27.30990166488171,51.07862636827684,21.611471966841453,57.36152332677493,22.886584186480807,19.751892486744254,14.743681792073517,28.382700597969684,14.488701310120465,16.282052777032778,5.0,31.69548251319001,71.95083152566883,39.528561099060006,8.347071583514099,16.24295010845987,44579.0,0.4248,22726.0,59.79387602688574,6.936950439648283,68.25627042602154,67.98346348185575,20.324495755255167,97.35546951899731,16.336949585194642,1.1680556466959775,1.1643749355987314,10.666666666666666,28.949085788214283,25.315136874162782,35.16481000194636,17.872067595571483,2.342488808490663,10.766666666666664,10.850324237036704,0.08365757037003974,"Crawford County, PA",Pennsylvania
1306,2181,2.47466924069478,2.496699511955317,train,40113,48054,50.08532068090066,49.91467931909935,65.82386481874558,11.395513380779956,99.39807744137993,63.76785553858593,35.630221902794,0.6019225586200699,14.115190337782545,84.03081524959788,1.8539944126195784,23.681233933161955,51.98457583547557,24.334190231362467,54.407863000482386,29.465147129763626,16.12698986975398,15.836325714408586,31.807835150353426,15.294690696541648,18.95723416119761,3.0,32.62569225757412,69.30107821137321,40.32072683487493,4.947731377592906,12.095670735044608,45443.0,0.4424,22935.0,57.53482601094129,6.763711218938391,67.11816735131934,62.658452789953785,14.747788756892787,98.17557161473759,21.68683616446468,0.6752754412984243,3.192242061014692,11.777777777777779,29.860157323011613,24.414200690889416,34.482041037166525,17.848670245973278,22.780621800474467,11.877777777777776,12.142352065394066,0.26457428761628954,"Osage County, OK",Oklahoma
1307,2913,2.3555991282796627,2.136511431681618,train,51570,17515,46.48586925492435,53.51413074507565,79.65743648301455,13.057379389095061,100.0,61.970043158161964,38.02995684183803,0.0,16.584491259524878,79.81473180935306,3.600776931122068,27.238202405232435,44.68668682748435,28.07511076728321,47.28418608508169,31.00588771871632,21.709926196202,11.388680551549067,20.28213166144201,10.904757991618046,15.971739634005097,2.0,40.53630116522259,71.82662538699691,36.785814804390654,4.925415142133408,9.527160146355193,50304.0,0.4138,27572.0,62.05239846858344,8.38374062424389,76.35760257441675,76.33994669825289,12.771520514883347,97.15724015398285,16.311343523732905,0.7995262066923305,4.995717956037682,10.444444444444443,29.19212103910933,27.473594062232376,30.34541821296032,19.61747073936626,7.285184127890379,10.544444444444443,8.469838419500777,-2.074606024943666,"Colonial Heights city, VA",Virginia
1308,2733,2.0354316006833932,1.4923752216664068,train,48435,3966,51.33635905194151,48.66364094805849,80.73625819465455,0.6555723651033787,100.0,79.3315743183817,20.66842568161829,0.0,9.682029296177207,89.2818863879957,1.0360843158270812,20.34289482360699,63.83119024068578,15.825914935707221,53.56576862123613,26.22820919175911,20.206022187004766,8.373755425070206,10.967098703888336,8.430007733952051,7.7899010403450895,6.0,18.66383881230117,82.36486486486486,30.0,1.4864864864864866,9.391891891891893,51667.0,0.4218,25650.0,64.76462196861628,4.019823788546256,58.53988283010364,70.25641025641025,3.740423614240649,95.21367521367519,38.71113114015322,1.1965811965811968,58.77458396369137,7.555555555555554,35.955622793746855,27.130610186585983,29.425113464447808,14.775592536560767,18.608169440242055,7.655555555555553,4.447647130663902,-3.2079084248916514,"Sutton County, TX",Texas
1309,271,2.145281299175379,1.8521224485298051,train,8063,7980,54.87468671679197,45.12531328320803,92.15538847117794,4.18546365914787,99.72707423580786,70.9061135371179,28.820960698689962,0.2729257641921397,17.935929407251102,80.16497218492229,1.8990984078265882,28.226555246053852,48.49891674404209,23.274528009904056,54.96569158540989,31.726254965691584,13.308053448898521,16.411347517730494,34.05044510385757,15.357535753575355,16.610073571024337,6.0,27.50366389838789,79.32067932067932,34.731934731934736,4.195804195804196,8.524808524808524,40603.0,0.4658,21769.0,68.353705118411,5.2249231628946635,65.43946072076744,50.61638868745467,14.441275602800104,96.73676577229878,21.623023074928703,0.290065264684554,18.92230576441102,8.444444444444445,29.22305764411028,28.24561403508772,30.977443609022554,17.81954887218045,3.659147869674185,8.544444444444444,6.373332247155923,-2.1711121972885215,"Kit Carson County, CO",Colorado
1310,2153,2.6059764591510066,2.0674218107945785,train,40057,2866,49.12770411723657,50.87229588276343,68.66713189113747,7.083042568039079,98.85057471264368,68.10344827586206,30.74712643678161,1.1494252873563218,15.306122448979592,82.89601554907678,1.7978620019436349,21.24283825473777,55.79550462758925,22.96165711767298,47.33333333333334,29.89743589743589,22.76923076923077,17.478197674418606,31.93916349809886,17.93696275071633,19.52898550724637,6.0,24.953789279112755,70.6984667802385,40.289608177172056,7.580919931856902,22.14650766609881,31250.0,0.4786,20891.0,59.7667638483965,8.86178861788618,59.01534526854221,67.40890688259111,21.994884910485936,100.0,23.849104859335046,0.0,26.517794836008374,13.444444444444445,31.89113747383113,23.831123517097,33.04256803907886,18.632240055826934,24.249825540823444,13.544444444444446,7.90441774019735,-5.640026704247096,"Harmon County, OK",Oklahoma
1311,2341,2.345005808877998,2.3517711863807955,train,45063,273843,48.84368050306198,51.15631949693802,79.93850490974755,14.515616612438517,99.45726541719841,67.01311480450792,32.444150612690464,0.5427345828016175,13.65572160588058,81.30718445846743,5.037093935651988,27.99656210493766,50.20554610690217,21.797891788160186,39.313242304274056,31.519754383130003,29.167003312595945,14.225755754830361,26.311243718592962,13.847777206910074,12.043195810420027,3.0,32.633070714834744,79.14419948048052,29.952080422367484,3.692902088393334,13.60784718249763,53857.0,0.431,27248.0,68.46471011533151,7.266529365812088,73.48862776621904,69.70726893980923,11.988722337809724,97.74147571538208,18.11577926990732,0.5536673610349743,5.689026193840998,10.333333333333334,30.067593475093393,28.175268310674358,34.341575282187236,13.68411827214864,5.545878477813929,10.433333333333334,10.504158079880176,0.07082474654684212,"Lexington County, SC",South Carolina
1312,2113,2.5203810379816605,2.5946774247123328,train,39153,541847,48.439319586525365,51.56068041347466,79.86830230673972,14.310497243686873,99.07965109412693,62.20158256145501,36.87806853267197,0.920348905873024,16.80746569005211,78.61223779855875,4.580296511389139,32.570032324340374,45.46987182657249,21.960095849087143,41.35625954627285,28.296824551876888,30.34691590185027,14.757293939524702,27.718812658007145,14.678213384447785,12.414512598388526,3.0,26.305624830096804,75.42168020208057,31.122850856941085,5.7129405799856965,15.560746394328707,50765.0,0.4711,28986.0,66.44708516317921,8.064609026832834,74.38688528494909,64.08194547511587,15.727058627373335,97.10587462439631,12.92982043487452,0.2469556331431491,1.8340970790647544,12.333333333333336,28.5049100576362,27.094733384147183,35.270657584151984,15.72141213294528,5.821200449573404,12.433333333333337,13.39226665030076,0.958933316967423,"Summit County, OH",Ohio
1313,1916,2.1054882506179364,1.7997797805747064,train,37065,55280,46.477930535455855,53.522069464544145,38.8404486251809,56.472503617945,99.12646876932592,43.46784168212739,55.65862708719853,0.8735312306740878,14.255861985177988,82.16255619001338,3.58158182480865,35.99173739278818,37.35686380169743,26.651398805514393,58.86570530895029,30.508338032707645,10.62595665834206,26.29485020632483,75.4532967032967,26.779515222266607,17.901530518163376,4.0,26.200099269658946,71.7540188338248,38.84238561780653,11.438219347474554,30.343384381242274,32659.0,0.4584,17956.0,60.33973054182418,14.380948556282881,55.10817860978978,58.78152712196246,24.38852232622372,97.75423240815388,25.89841951818321,0.17275135321893356,4.048480463096961,8.11111111111111,29.958393632416787,26.624457308248914,33.561866859623734,16.349493487698986,4.6870477568740965,8.211111111111109,6.048315361207989,-2.162795749903119,"Edgecombe County, NC",North Carolina
1314,2532,0.09531017980432493,0.1957034240746094,train,48033,705,51.34751773049646,48.65248226950354,96.45390070921984,0.0,94.23076923076924,81.25,12.980769230769232,5.769230769230767,11.670020120724347,85.31187122736421,3.0181086519114686,13.051823416506714,65.4510556621881,21.497120921305186,35.232067510548525,32.91139240506329,31.856540084388186,1.4245014245014245,0.0,2.0533880903490758,16.73758865248227,6.0,29.57746478873239,75.19083969465649,40.83969465648856,4.580152671755725,1.1450381679389312,73750.0,0.5737,44591.0,55.331991951710265,0.7272727272727273,85.50295857988166,71.0691823899371,7.6923076923076925,96.85534591194971,8.284023668639055,0.0,8.794326241134751,1.0,34.04255319148936,20.99290780141844,26.950354609929075,22.5531914893617,3.546099290780142,1.1,1.216166166237514,0.11616616623751397,"Borden County, TX",Texas
1315,753,1.9120085973796321,2.0122080564297375,train,18125,12687,50.23252147867896,49.76747852132103,99.37731536218176,0.18917001655237645,100.0,74.05947689000358,25.94052310999641,0.0,13.42866024246192,84.56118536939178,2.0101543881463058,20.83574041979588,57.18274600423647,21.98151357596765,60.39879692547622,27.971482677954768,11.62972039656901,9.975122381831314,21.20418848167539,8.480842482635,18.40648319024312,5.0,29.46889226100152,72.24669603524228,38.606327593111736,4.064877853424108,10.092110532639168,44399.0,0.3903,23169.0,63.09966914805625,4.9811568081271504,73.4182305630027,76.62748643761303,16.219839142091153,99.86437613019892,14.691689008042893,0.0,0.2285804366674549,6.666666666666668,27.87893118940648,23.055095767320882,36.580751950815795,18.36525577362655,0.4335146212658627,6.7666666666666675,7.479814980324562,0.7131483136578947,"Pike County, IN",Indiana
1316,308,2.1709566505156093,2.160122388050855,train,9013,151948,50.10529918129887,49.89470081870113,89.1627398846974,3.1273856845763026,99.41657350475128,74.29429849077697,25.12227501397429,0.5834264952487422,12.6694045174538,81.64644390517081,5.684151577375396,37.879104951907046,45.53677308345153,16.584121964641415,33.91749119570686,28.03957739392923,38.042931410363906,6.991891434914613,7.115681621275474,7.624211021196146,9.646747347413266,2.0,22.94830233748507,82.45910367745607,28.633851690014144,2.6070831879853857,7.8891806047698605,79626.0,0.4131,35446.0,70.53280566548635,6.371593607144122,84.70340799218525,69.881230331946,11.509823270835204,96.38615368998072,6.12421877336204,0.5583189523906202,4.861531576591991,8.666666666666666,29.256061284123515,32.836891568168056,34.79150762102825,13.399320820280623,7.709874430726303,8.766666666666667,8.672198967044588,-0.09446769962207924,"Tolland County, CT",Connecticut
1317,2372,1.3835127181580138,1.6922049692848702,train,46035,19787,50.34113306716531,49.65886693283469,94.03143478041142,0.4801132056400666,99.32810750279957,68.51063829787232,30.81746920492721,0.6718924972004479,18.97018970189702,75.70703912167328,5.322771176429713,27.221632423655766,51.501904702429286,21.276462873914944,35.8642353662274,36.929206251915424,27.20655838185719,12.558065878378375,22.336578581363007,12.151117964533539,15.004122011541634,5.0,29.63059994760283,78.997668997669,30.186480186480182,3.018648018648019,13.682983682983682,49991.0,0.4088,25881.0,70.65755993036025,3.2695223654283545,83.72409106354061,62.0809614168248,8.639143730886849,100.0,11.323479442745498,0.0,2.198413099509779,3.888888888888889,29.827664628291306,28.771415575883154,31.394349825643097,16.996007479658367,5.48845201394855,3.988888888888889,5.431443677772695,1.4425547888838057,"Davison County, SD",South Dakota
1318,1721,2.232401036136941,1.9394071134336344,train,31147,8201,49.76222411900989,50.23777588099011,93.29350079258629,0.03658090476771125,100.0,82.80621046578494,17.193789534215064,0.0,22.974472807991123,75.67781829713017,1.3477088948787064,18.00619377672909,57.646364842943534,24.347441380327385,48.02620527465143,31.26154879892491,20.71224592642365,19.36567164179104,55.00894454382826,17.55824790307549,16.306239125031073,6.0,32.68337975858867,72.24142515288487,36.984844456261634,4.014889657006115,10.369582557830363,42750.0,0.4293,25358.0,64.35706358014905,3.325942350332594,72.89183222958056,62.29600450196961,17.59381898454746,97.01744513224536,12.229580573951434,0.9003939223410242,1.7680770637727106,9.222222222222221,26.81380319473235,20.180465796854037,35.47128398975734,23.143519083038655,6.6699183026460185,9.32222222222222,6.95462644347729,-2.3675957787449295,"Richardson County, NE",Nebraska
1319,447,1.789905900578732,1.8897214062597565,train,13135,859234,49.043101180819185,50.95689881918082,52.24094949687746,25.37027166057209,99.65987239007922,70.3124870693579,29.34738532072131,0.34012760992080243,8.529947627568012,86.43442997636056,5.035622396071415,32.68482135946201,48.84859908968528,18.466579550852718,36.15378776799285,29.17842987339241,34.667782358614744,13.779122378458467,24.708266223307533,12.888394608001091,7.230281104749862,2.0,18.314280109147333,88.7423043095866,18.17952900732436,2.911133250856699,12.002539988394881,60289.0,0.424,25831.0,72.26474987426765,8.09091689676833,69.06432048886884,59.148979267039955,7.01736625590149,91.98315899127566,26.145280188479557,3.3595208125352665,20.348705940407385,5.8888888888888875,35.577968283377984,30.18735292132295,33.514269686720965,8.160873522230265,22.388778842550455,5.988888888888888,6.617524823219725,0.6286359343308368,"Gwinnett County, GA",Georgia
1320,1209,2.7293042074630365,2.4679694302590383,train,24047,51519,48.560725169355,51.43927483064501,82.552068169025,14.150119373435045,98.56693084355663,64.10813158180436,34.45879926175225,1.4330691564433828,14.857912198874835,80.48035774390537,4.661730057219791,26.952484980884762,48.905425086473684,24.14208993264155,42.390710026818034,27.40125497956101,30.20803499362095,10.96989043903208,18.281967213114754,11.11140696559804,14.516667648849866,3.0,34.64786733221357,70.95749289943677,43.33991238627064,4.082222115245751,12.73768834544842,56773.0,0.4545,32419.0,60.497409823484276,9.700693756194251,68.63529170511637,74.38288976441264,20.362965241464163,96.65514191525287,14.675826241498346,1.0774302484521991,3.2803431743628564,15.222222222222221,23.071099982530715,21.559036471981212,35.80620741862226,24.748151167530427,3.297812457539937,15.322222222222218,11.798464905552535,-3.5237573166696823,"Worcester County, MD",Maryland
1321,2211,2.4069451083182885,2.7610430108448165,train,41019,107194,49.37962945687258,50.62037054312739,92.82142657238278,0.3171819318245424,98.40583885527708,62.09065591088064,36.31518294439642,1.5941611447229425,13.470713273500238,81.38521492678319,5.14407179971658,22.406781920803517,50.05555308652949,27.537664992666997,43.371142044222154,40.922719675414974,15.70613828036286,19.276139663800357,42.90025970379729,20.066960203694066,21.78005950425634,5.0,47.9690477297021,64.738115895703,46.62085026713547,5.315311201424723,23.86866980227408,41312.0,0.4314,22591.0,52.208083832335326,12.143817204301074,59.2140522875817,57.22514812376564,29.46078431372549,98.76974983541805,17.81699346405229,0.05348913759052008,5.1803272571226,11.0,25.335373248502716,22.476071421907946,34.90867026139523,22.949045655540424,6.8613914957926765,11.1,15.816330952890914,4.716330952890914,"Douglas County, OR",Oregon
1322,2095,2.2204104848050292,2.297114821513212,train,39117,34996,50.048576980226315,49.951423019773685,97.47399702823179,0.4057606583609556,99.83788791106994,74.52524316813339,25.31264474293655,0.1621120889300602,10.752853464509435,86.86829868183392,2.3788478536566617,22.754661817663212,55.050451028630505,22.194887153706283,59.045289702285565,27.076832250990968,13.877878046723454,11.749566223250431,20.833926284331863,11.064282673478077,13.606363662564485,2.0,27.534965034965037,75.96850393700788,34.09448818897638,4.858267716535433,13.984251968503935,51993.0,0.3884,23420.0,65.5538927899927,6.690470615780847,74.69368295589987,67.59732599292174,17.091775923718714,96.65749115218244,12.629320619785455,1.4156508061344868,1.3315807520859526,9.111111111111107,31.855069150760087,23.82843753571837,36.39844553663276,15.038861584181054,2.1202423134072466,9.211111111111105,9.945446632095233,0.7343355209841285,"Morrow County, OH",Ohio
1323,2450,2.792527505843612,2.697159379173516,train,47059,68576,48.79695520298647,51.20304479701353,95.30010499300049,2.2063112459169387,98.82687263188576,67.63334304867385,31.193529583211888,1.1731273681142524,15.6405707383361,81.61897931451006,2.740449947153858,23.143456229250393,51.43630962781757,25.420234142932035,61.55448881625984,23.45827801041773,14.987233173322439,20.493144925142282,47.227387072077,21.29762801634591,22.242829799545976,5.0,31.950648019330746,68.79298670753002,41.22091158547449,8.078828266989772,19.37564591425823,35196.0,0.4528,20398.0,56.685867680778465,8.514206787687451,61.11206117313661,63.64280094413848,22.693181540566286,98.15106215578285,20.836488896489385,0.5271439811172306,2.691903873075128,16.22222222222222,26.315328978068123,24.874591693887076,35.72386840877275,19.07956136257583,2.4935837610825944,16.32222222222222,14.837524025459262,-1.4846981967629578,"Greene County, TN",Tennessee
1324,182,2.376454941560501,2.476452133064636,train,5147,6983,48.403265072318476,51.5967349276815,69.85536302448804,26.76500071602464,100.0,60.41802743305029,39.58197256694971,0.0,20.29257314328582,76.61290322580646,3.094523630907726,26.459822206728248,41.36308175004358,32.177096043228175,70.99918765231519,18.60276198212836,10.398050365556458,23.48827043566953,34.652594547053646,29.606222654351,24.98907183447472,6.0,32.13499633162142,60.322913088285816,47.78426657506012,12.847818619031262,28.581243558914466,28993.0,0.4932,18377.0,52.04426106526633,12.612612612612612,45.083395568832465,39.61977186311787,29.37515558874782,98.8593155893536,30.321135175504107,0.6083650190114068,0.4582557639982815,10.666666666666666,28.726908205642275,22.95574967778892,34.913361019619074,20.20621509379923,3.379636259487327,10.766666666666664,11.898973466349764,1.1323067996831,"Woodruff County, AR",Arkansas
1325,849,2.0354316006833932,1.8998222557877147,train,19133,9088,49.713908450704224,50.286091549295776,97.11707746478874,0.5391725352112676,100.0,67.26677577741407,32.733224222585925,0.0,20.361154557088014,78.65775629176738,0.981089151144604,23.47288046340179,53.027909426013686,23.49921011058452,51.73401688781665,33.760554885404105,14.505428226779252,13.924336533032186,29.30664760543245,13.225132572714125,15.389815232086525,6.0,34.707666850523985,69.55231263912935,40.514469453376215,3.858520900321544,13.183279742765276,40302.0,0.4504,24730.0,61.55047564958114,5.213379469434833,74.54328832406671,72.54608868958645,18.030182684670372,97.55854509217735,11.99364575059571,0.9466865969108119,1.6395246478873238,7.555555555555554,25.979313380281692,19.960387323943664,35.64040492957747,24.22975352112676,2.34375,7.655555555555553,6.684706168845695,-0.9708493867098582,"Monona County, IA",Iowa
1326,1797,2.9612558440240178,2.1250208322640782,train,35015,55641,50.77371003396776,49.22628996603224,89.60119336460524,1.3245628223791808,99.80650957086588,63.24372883698432,36.562780733881546,0.19349042913413034,12.630433707531777,83.81632955837989,3.5532367340883235,28.549800431252013,48.2061751617195,23.24402440702849,50.76774104302115,31.41236685572001,17.819892101258823,11.331346971403654,14.338118022328553,12.240452226664829,14.305941294995373,5.0,30.585255364231962,78.86907646089738,31.31601899408857,4.230061052427561,12.990599864327939,56618.0,0.4529,28308.0,66.1726328228864,5.5733313490587095,66.83292524409782,61.97426031577551,16.656086575375593,96.80244128963776,20.29261509627884,1.008358763433727,45.93375388652253,19.222222222222214,33.00264193670135,28.367570676299852,31.66909293506587,13.910605488758293,9.074243813015583,19.32222222222222,8.373071916355698,-10.949150305866521,"Eddy County, NM",New Mexico
1327,1149,1.9600947840472698,2.4115909813344727,train,22085,24248,49.73193665456945,50.26806334543055,70.46766743648959,16.747773012207197,97.38774116441864,60.25268908997781,37.13505207444084,2.612258835581356,14.640129341584435,81.80297708646931,3.556893571946256,25.465998864047087,48.58264057417257,25.951360561780344,59.60738747553817,26.253669275929546,14.138943248532293,19.52393010888833,39.04275996112732,20.191278758694487,16.96529730183375,6.0,32.45537657814541,67.52807763602661,35.83033475084505,8.614109693599389,18.078726420237707,38828.0,0.484,22605.0,53.973731077471065,10.146421942668592,58.19684012175679,60.2158273381295,17.364835483403393,98.39328537170263,28.815770401507454,0.7673860911270983,3.732266578686902,7.0,30.61283404816892,24.451501154734412,33.285219399538114,18.059221379082807,12.784559551303204,7.1000000000000005,11.151689168163308,4.051689168163308,"Sabine Parish, LA",Louisiana
1328,2813,2.2204104848050292,2.1130845241175766,train,51001,33115,48.669787105541296,51.330212894458704,68.00845538275706,28.67582666465348,98.91524443158808,56.59531385594446,42.319930575643625,1.084755568411918,16.566794503036114,79.97363374880153,3.4595717481623525,25.90065301929709,49.240589918556026,24.858757062146893,59.539112050739966,21.687103594080334,18.773784355179703,19.593640660487388,44.39192092823379,20.04270330486446,12.42777217279648,6.0,37.07502593062118,68.56242389513645,37.3325693001934,5.042618723587134,14.748227204354988,39412.0,0.4624,23231.0,58.9041095890411,6.785690756966862,66.40914548206922,67.87658802177859,11.196951505976925,98.01875378100424,25.67729811557133,0.4234724742891712,8.784538728672807,9.111111111111107,26.51366450249132,23.442548693945344,35.13211535557905,20.468065831194323,3.3157179525894613,9.211111111111105,8.273722462247203,-0.9373886488639016,"Accomack County, VA",Virginia
1329,2199,2.455782938066032,2.171923906031388,train,40149,11649,50.06438320885914,49.93561679114087,90.52279165593613,0.05150656708730364,98.8624958179993,70.96018735362998,27.902308464369348,1.1375041820006693,14.021571648690292,82.95602702382364,3.0224013274860733,18.272388876724328,58.495730238668706,23.231880884606962,53.09597523219814,26.93498452012384,19.96904024767802,15.168835736897645,31.79164795689268,13.706199460916446,12.252756870295816,6.0,32.03378065710319,75.58189655172414,30.88362068965517,2.9956896551724137,7.28448275862069,49632.0,0.4469,25493.0,61.58587175536329,3.4834488067744416,73.41353383458645,56.85506435366536,10.812030075187971,98.04141018466706,17.56390977443609,0.5595970900951315,9.17675336938793,11.555555555555555,32.13151343462958,26.00223195124045,31.582110052365014,16.61945231350331,9.425701776976563,11.655555555555555,8.775150375650716,-2.880405179904839,"Washita County, OK",Oklahoma
1330,157,2.118929313186954,2.21915413706117,train,5097,9197,49.440034793954545,50.55996520604547,94.42209416113951,0.7393715341959335,98.3698707138842,75.43563799887578,22.93423271500843,1.6301292861157952,15.542119005084512,83.537171911502,0.9207090834134948,15.51901336073998,57.502569373072966,26.97841726618705,57.25974412377269,30.43736983040762,12.302886045819696,17.946161515453642,31.480090157776107,19.766293614219887,31.27208480565371,6.0,43.192868719611035,62.15313463514902,49.66598150051386,9.224049331963,17.26618705035971,33037.0,0.4341,19975.0,51.07874123952178,4.143126177024483,55.64594228161921,43.28287606433302,21.634708502808447,96.78334910122992,28.413712957582803,0.6622516556291391,3.685984560182668,8.222222222222221,25.44307926497771,18.853974121996306,37.64270957921061,24.00782863977384,4.838534304664566,8.322222222222221,9.199546018858209,0.8773237966359879,"Montgomery County, AR",Arkansas
1331,1709,1.4637696732881809,1.5274082327658853,train,31123,4874,51.107919573245795,48.892080426754205,96.12228149363972,0.8001641362330735,99.74468085106385,55.40425531914893,44.3404255319149,0.2553191489361702,16.119909502262445,82.07013574660633,1.809954751131222,23.53093450685995,51.56614030546208,24.90292518767797,44.964243146603096,37.24672228843862,17.789034564958286,11.67976215757061,17.01913393756294,12.034112444725206,14.421855146124525,6.0,25.665399239543728,81.07016658253407,32.862190812720854,3.685007571933367,10.55022715800101,45910.0,0.4252,24869.0,70.76402593741192,4.103585657370518,73.90350877192982,62.515413070283614,11.476608187134502,98.52034525277435,17.9093567251462,0.0,14.628641772671314,4.2222222222222205,30.324169060320067,23.656134591711126,33.442757488715635,18.44480919162905,3.0775543701272063,4.322222222222221,4.606223080280205,0.2840008580579836,"Morrill County, NE",Nebraska
1332,2455,1.8440707637960658,1.944314430853318,train,47069,26253,54.458538071839406,45.541461928160594,56.1612006246905,41.85807336304423,98.71504157218443,45.3514739229025,53.36356764928194,1.2849584278155708,13.622434229546116,84.39433362243423,1.9832321480196584,35.12785388127854,35.84931506849315,29.02283105022831,67.61611911312511,22.23660786535038,10.147273021524516,24.81507573089116,51.71911421911422,28.2981530343008,17.980878870274534,6.0,22.651775486827034,64.26691083896074,40.19686391209797,11.125100148792493,25.523635115028053,31801.0,0.4518,15671.0,57.19590927269611,18.110078913195483,57.406450660565355,52.857865452706115,26.11262823824637,96.38340920586748,19.92028932024504,1.0622154779969648,1.5464899249609567,6.222222222222222,25.924656229764217,30.01561726278901,34.08753285338818,15.712490001142726,1.980726012265265,6.322222222222222,6.98883887995555,0.6666166577333277,"Hardeman County, TN",Tennessee
1333,3012,3.34364673404585,2.925011903568145,train,54055,61891,47.67898402029374,52.321015979706246,91.14249244639772,5.857071302774233,99.11539063723188,60.842335994989824,38.273054642242045,0.8846093627681227,15.464992595991404,80.20314096815233,4.331866435856258,24.928802715249876,48.89400382319666,26.177193461553465,55.47468717713237,25.714613706807484,18.81069911606016,21.85528879495393,51.86038055993214,22.922584772872682,25.446232447648025,5.0,29.8293891029169,62.50834937723469,45.64850104121646,11.366940395269339,22.08950532395584,36195.0,0.457,20942.0,50.321467452704226,5.159604865703322,57.36303205746758,65.6087912087912,30.24284335799292,98.12747252747252,17.998820628283475,0.035164835164835165,0.9468258712898484,28.222222222222214,26.70178216541985,26.546670759884314,33.82398086959331,18.896123830605422,3.0004362508280686,28.322222222222212,18.634447864998815,-9.687774357223397,"Mercer County, WV",West Virginia
1334,23,1.6507930981160142,1.7509976193085206,train,1047,42154,46.14034255349433,53.85965744650567,28.66869099017887,69.18441903496702,99.86932984879593,28.523427291394444,71.34590255740153,0.1306701512040321,18.0768232546068,78.15338697119128,3.7697897742019206,40.93943585734047,30.883502736512906,28.17706140614663,56.55119659053656,29.432120351145606,14.016683058317852,35.0076834421821,116.26164439044146,39.94125621328513,19.49138363727623,5.0,24.29122683930223,60.726253579479675,40.851763845732044,15.268384816913422,32.19399256686772,27306.0,0.5255,17808.0,53.52574403805362,16.014170769785036,52.92388240032218,61.203055378739656,29.186467982279506,97.8676002546149,22.533225936367298,0.2387014640356461,0.30839303506191584,5.111111111111111,32.58291028134934,26.215780234378705,32.986193481045696,15.24884945675381,2.146889974854106,5.21111111111111,5.760346443318395,0.5492353322072843,"Dallas County, AL",Alabama
1335,815,1.296248080435107,1.7587733057879131,train,19065,20589,50.21127786682209,49.78872213317791,96.11928699791149,1.0831026276166884,98.75226860254084,65.92558983666062,32.82667876588022,1.247731397459165,17.239583333333332,78.6328125,4.127604166666667,27.848549186128807,51.267987732955895,20.88346308091531,50.00356760613629,31.523367820192647,18.473064573671067,12.882040919424098,20.433694745621352,13.29865181711606,14.174162301077395,6.0,30.608459065050702,73.76110331930809,37.92660121552127,5.399719495091164,13.475923328658247,44928.0,0.423,24513.0,65.44224568502244,4.7821466524973415,72.5178047758693,69.29417825862957,17.905320485965646,99.51056156620301,12.970255550900712,0.07727975270479134,2.1759191801447373,3.5555555555555562,28.845500024284807,25.261061731992807,33.25076497158677,20.034970129680893,2.7976103744718053,3.6555555555555563,5.80531168252107,2.149756126965514,"Fayette County, IA",Iowa
1336,1170,2.5555031730094866,2.2253028043408785,train,22127,14855,52.85089195557051,47.149108044429475,65.60753954897342,32.56815886906765,100.0,62.3201714110805,37.6798285889195,0.0,14.943589743589744,83.14871794871796,1.907692307692308,31.105440777018682,45.32060251872583,23.57395670425549,63.5735823363486,23.917906818402876,12.508510845248516,26.415669537382822,54.03111739745403,30.793735067693124,22.009459871834,6.0,21.58963282937365,67.15037184835843,34.736078360239446,8.996916379466716,20.605840740068928,31087.0,0.5025,17877.0,52.92145107204553,6.298003072196621,57.362322614242935,66.01851851851852,17.523759927092826,95.60185185185185,28.876448379117303,0.1388888888888889,0.5923931336250421,12.777777777777779,27.66745203635139,26.21339616290811,36.11578593066308,15.678222820599125,1.8243015819589363,12.877777777777776,9.256285222939072,-3.6214925548387047,"Winn Parish, LA",Louisiana
1337,2470,2.455782938066032,2.5552771711165345,train,47099,42226,49.156917538957046,50.843082461042954,95.081229574196,1.9016719556671244,99.42262186464744,72.73071462375769,26.69190724088973,0.5773781353525792,13.526074553671592,83.98346100836567,2.490464437962755,21.955974088291747,53.71281190019194,24.33121401151631,62.97863338269516,24.571609900571183,12.449756716733658,20.309831372832026,45.020310967922676,20.120050790719148,17.48079362420123,5.0,28.28400871734942,69.31197218082464,38.052657724788865,5.936413313462492,19.808743169398905,37814.0,0.4311,19214.0,58.5879941059645,10.164024056861672,62.954235396254504,60.478019632949206,19.63702509405101,99.14639351259069,21.456033734342057,0.1564945226917058,1.8566759816226968,11.555555555555555,31.02117178989248,25.048548287784772,32.73101880358073,17.20030313077251,3.0170984701368826,11.655555555555555,12.874867704476406,1.2193121489208512,"Lawrence County, TN",Tennessee
1338,639,2.312535423847214,2.2123091245786597,train,17101,16665,59.987998799879996,40.012001200120004,75.9135913591359,20.564056405640567,99.59055118110236,63.93700787401575,35.65354330708661,0.40944881889763785,19.652961146737077,79.69319753552121,0.6538413177417327,35.378804076687345,36.761456774285506,27.859739149027163,57.1915861284821,33.452448631527645,9.355965239990256,13.531205164992823,24.64566929133857,12.43136702801633,20.517874742406594,6.0,24.996293550778354,64.50648055832502,50.94715852442672,7.078763708873381,13.140578265204384,40841.0,0.4085,14468.0,54.770848985725024,5.2812071330589845,67.54287844891871,63.95881006864988,21.551081282624907,99.1990846681922,13.982102908277405,0.2288329519450801,5.7605760576057605,10.0,22.86228622862286,30.345034503450346,34.04140414041404,16.56165616561656,3.522352235223522,10.1,9.136790039289002,-0.9632099607109978,"Lawrence County, IL",Illinois
1339,890,0.9766538816012459,1.6992644455371628,train,20017,2722,49.52240999265246,50.47759000734754,95.77516531961793,0.881704628949302,100.0,72.56493506493507,27.435064935064936,0.0,19.536757301107755,76.83786505538771,3.625377643504532,20.808988764044944,52.80898876404493,26.38202247191011,43.36787564766839,32.331606217616574,24.300518134715038,13.835511145272866,21.73913043478261,14.400921658986174,16.79477325134512,6.0,30.626780626780626,69.9099099099099,42.25225225225226,4.864864864864865,9.549549549549551,38707.0,0.4324,23459.0,59.86908358509567,3.027754415475189,74.7134670487106,68.64406779661016,11.532951289398286,100.0,16.404011461318053,0.0,3.9309331373989713,2.5555555555555562,28.875826598089642,20.279206465833944,34.019103600293896,23.071271124173396,3.343130051432769,2.6555555555555563,5.469922485744128,2.8143669301885716,"Chase County, KS",Kansas
1340,2324,2.2902875651836396,2.1480132358931723,train,45029,38004,47.879170613619614,52.120829386380386,57.7570782022945,38.385433112303964,98.60512587888412,48.593785438875024,50.01134044000908,1.3948741211158993,15.048916841369671,81.62473794549267,3.3263452131376656,29.726733189851966,39.54542490054131,30.727841909606727,55.707129094412316,30.26589595375723,14.026974951830445,22.328121653458986,46.25987560934611,24.22928500195118,17.64312824076549,6.0,38.7113384367169,70.77297955868418,39.66427507783945,7.2289156626506035,22.48544740760796,32804.0,0.4588,19015.0,58.759966428871174,12.200202344819374,53.374398633154975,52.383949645948064,23.92428398003687,98.63099921321792,28.074277235735803,0.0,2.9602147142406063,9.777777777777779,29.299547416061458,24.576360383117567,34.28323334385854,17.937585517313963,3.857488685401537,9.877777777777778,8.567819240649275,-1.3099585371285034,"Colleton County, SC",South Carolina
1341,2102,2.6998686753609076,2.912443782009394,train,39131,28396,50.031694604873934,49.968305395126066,96.28820960698692,0.6972813072263699,98.71942446043164,52.80575539568345,45.91366906474821,1.2805755395683454,14.907840702893708,81.92149746920066,3.1706618279056444,24.30366400140585,45.927422897812136,29.76891310078201,64.12771285475793,24.045283806343907,11.827003338898166,23.121968744386567,49.6353591160221,24.83110110228754,22.431641322196047,6.0,27.7852912372336,64.53382084095064,39.64351005484461,11.553930530164536,27.84277879341865,40283.0,0.4514,20790.0,53.16179263197874,13.038042507590642,53.313984481431035,57.25902894044486,30.93052182668957,98.49318344893568,19.860214416869038,0.8132025831140876,0.8522327088322299,14.777777777777779,31.300183124383718,24.383716016340326,35.49091421326948,15.639526693900548,3.0145090857867305,14.87777777777778,18.40171343983224,3.523935662054459,"Pike County, OH",Ohio
1342,279,0.36000273403140703,0.459880986550661,train,8079,733,51.978171896316496,48.021828103683504,89.90450204638472,0.8185538881309686,100.0,91.52542372881358,8.47457627118644,0.0,18.94409937888199,75.93167701863355,5.124223602484472,12.62848751835536,65.34508076358297,22.02643171806168,23.52048558421852,34.14264036418817,42.33687405159332,7.639836289222374,0.0,9.06148867313916,20.32742155525239,6.0,42.72997032640949,65.48913043478261,54.89130434782609,2.4456521739130435,0.0,48125.0,0.4082,32271.0,46.58753709198813,1.5923566878980893,75.36945812807882,68.28358208955224,18.472906403940886,100.0,11.822660098522167,0.0,10.77762619372442,1.3333333333333333,9.549795361527966,14.46111869031378,40.927694406548426,36.56207366984993,9.276944065484313,1.4333333333333333,1.5838854701036456,0.1505521367703122,"Mineral County, CO",Colorado
1343,3098,1.6925528191446069,1.8685364650149003,train,55115,41563,50.0637586314751,49.9362413685249,89.41366118903831,0.28871833120804563,97.54783373652958,69.35341983725533,28.194413899274245,2.45216626347042,14.912777882738204,82.93973172114113,2.1474903961206624,24.98825739783936,54.186237670267744,20.825504931892905,55.03073109443445,29.48487215185575,15.484396753709802,10.959544973284416,18.463411335046665,10.726824011957316,11.768152741833095,5.0,31.036397285626155,75.12531697823906,38.00790234121602,2.9663265907884644,11.759155510998411,47861.0,0.4137,24638.0,65.87341454225796,5.218758936231055,74.17694191887742,55.15775917578879,15.958815958815956,98.4803605924018,13.368206916594017,0.2704443013522215,2.569593147751606,5.333333333333333,27.94071650265861,22.378076654716935,36.03204773476409,19.59916271683949,10.297620479753624,5.433333333333333,6.478807495877431,1.0454741625440986,"Shawano County, WI",Wisconsin
1344,830,1.561647248597752,1.1842065466322016,train,19095,16344,49.54111600587371,50.45888399412628,97.95643661282429,0.8382280959373472,98.3567452955208,77.3919957593427,20.96474953617811,1.6432547044791943,13.505770647458458,85.43013833183271,1.0640910207088483,21.754464955725652,60.723397868827846,17.522137175446492,45.6368754398311,33.70865587614356,20.654468684025336,8.678021086780209,16.95447409733124,7.430367589277918,10.997204100652377,6.0,28.248227515334978,83.54597448306205,31.353570904824767,3.2409444200029327,7.18580437014225,59375.0,0.3877,29022.0,71.8628088426528,1.8434743270753224,83.56392385311555,79.26421404682274,13.05523769894934,98.6250464511334,8.280453552481015,0.8547008547008548,2.2454723445912874,4.666666666666667,30.482134116495352,24.06387665198238,34.97919725893294,17.76186979931473,1.205335291238375,4.766666666666667,3.2680927132804816,-1.498573953386185,"Iowa County, IA",Iowa
1345,568,1.9120085973796321,2.0640282282325035,train,16047,15233,51.828267576971065,48.17173242302896,86.43733998555767,0.07221164576905402,98.48762603116407,76.87901008249312,21.608615948670945,1.5123739688359303,10.22548018929201,82.05437505799388,7.720144752714112,20.24545142464813,57.689667009955365,22.06488156539649,57.2668339606859,28.398159765788368,14.33500627352572,19.40796053070205,41.26718069057996,18.45140032948929,15.874587458745875,6.0,32.05010130779149,75.84006007133472,34.82260183968462,4.261310305988361,17.796132907828046,39930.0,0.4413,19688.0,64.38572090866946,3.657834101382488,54.62123957955781,54.70494417862839,13.181104264830253,98.24561403508771,35.193910837259885,1.3556618819776716,28.759929101293245,6.666666666666668,36.12551696973675,25.477581566336244,29.27854001181645,16.523337490973542,13.490448368673274,6.7666666666666675,7.877638909776479,1.1109722431098117,"Gooding County, ID",Idaho
1346,2634,2.0918640616783932,2.1591333016499004,train,48237,8946,57.24346076458754,42.756539235412475,92.48826291079813,5.1307847082494975,98.81529348411415,81.20624663435648,17.60904684975767,1.1847065158858372,12.389380530973453,85.92579986385296,1.6848196051735875,26.32203613345641,50.613213767638136,23.06475009890545,60.92272579067493,28.007825236387358,11.069448972937725,17.21045105940465,36.51389932381668,16.633584755855498,19.513772145351094,6.0,28.861616589081674,73.80402507423292,32.596502804355005,7.291322995710987,10.45859452325965,50324.0,0.4635,23573.0,59.938733832539135,5.366269165247019,61.968729354767675,66.29213483146067,12.574322836379654,99.32584269662922,27.26271746311385,0.6741573033707865,15.761234071093225,8.0,28.224904985468374,28.526715850659514,35.2448021462106,15.470601386094346,2.3809523809523814,8.100000000000001,8.663625653552739,0.5636256535527373,"Jack County, TX",Texas
1347,1975,1.9120085973796321,2.011874751041944,train,37183,976019,48.66370429264185,51.33629570735816,67.64519952992718,20.742628985706226,99.58330450918235,71.82666444212043,27.75664006706193,0.4166954908176429,13.505107145481574,79.64179323833156,6.853099616186852,32.81152160300563,49.29821735255679,17.890261044437576,24.89326636320829,26.12870820907236,48.97802542771935,11.2965303821038,17.964309383178293,11.043143565092578,7.907979201769709,1.0,21.62308964768042,86.12467744721926,20.59401813699547,2.9591218337725445,7.9551593362748125,67309.0,0.4444,34202.0,72.9545460845653,6.196625445757679,79.35602634293424,70.19752978276104,7.749107355391573,96.3001489138052,15.3114337856066,1.2153994393833218,9.942736770493198,6.666666666666668,32.179086677615906,32.02386428952715,33.14771536209849,9.613030074209618,11.612171484366597,6.7666666666666675,7.477322333121368,0.7106556664547004,"Wake County, NC",North Carolina
1348,475,2.145281299175379,2.2446897915273025,train,13191,14007,48.74705504390662,51.25294495609338,61.53351895480831,34.87541943314057,98.76311844077959,47.82608695652174,50.93703148425786,1.23688155922039,13.067021748779409,82.16600088770528,4.766977363515314,21.899175380430165,43.41579529031711,34.68502932925273,54.41318173058392,32.47253806128349,13.11428020813259,21.28762782658793,55.919095776323616,21.796951021732077,28.28791256201913,4.0,43.59586316626889,65.12462235649545,43.97658610271903,9.611027190332326,20.373867069486405,42988.0,0.4744,23887.0,52.05089420766971,8.136752136752138,57.42104013298504,55.094071707490215,21.42009023984801,100.0,25.00593683210639,0.0,1.7062897122867138,8.444444444444445,23.88091668451489,22.046119797244238,38.79488827015064,20.11137288498608,3.5910616120511176,8.544444444444444,9.437487513744264,0.8930430692998197,"McIntosh County, GA",Georgia
1349,251,2.7718940365571028,2.5625133764683685,train,8021,8249,49.8363437992484,50.1636562007516,91.6595951024367,0.09698145229724817,100.0,78.39859216893973,21.60140783106027,0.0,14.529481331305965,83.35867545193445,2.111843216759588,25.14500705439724,50.478131368553065,24.376861577049688,48.08382103077214,32.433452897866715,19.48272607136115,18.269819875015315,24.70588235294117,21.494370522006143,20.626218323586745,6.0,26.40562248995984,69.97964721845321,36.19402985074628,12.075983717774765,22.55766621438263,36652.0,0.4495,18844.0,55.65290648694186,9.778988798062368,48.987230295024226,45.15434314429289,30.559225011008373,97.77458722182341,23.315719947159838,1.5793251974156497,54.35810401260759,15.888888888888893,34.59813310704328,24.293853800460663,31.264395684325372,16.886895381258334,8.243423445266092,15.988888888888889,12.968370786810546,-3.020518102078343,"Conejos County, CO",Colorado
1350,2121,1.789905900578732,1.940133051675305,train,39169,115371,49.51504277504746,50.484957224952545,95.35758552842569,1.6849988298619236,99.62142456533931,77.20485137408859,22.416573191250702,0.3785754346606842,13.087017822927587,84.36547244616365,2.5475097309087404,26.94760944229407,54.87215831652401,18.180232241181926,55.93973754957546,22.868588463893104,21.19167398653145,13.243238392648829,25.54971957624855,12.151346107203493,10.950897700626465,5.0,25.0092216894135,77.92589140060592,32.20694476811932,3.647168492192962,12.409694709857845,50383.0,0.4121,23695.0,65.24907878165959,4.555446340809579,73.31861512369143,69.19354838709678,13.421837534358735,96.34216589861751,16.11059126264694,1.4516129032258065,1.7196695876780126,5.8888888888888875,32.25420599630757,26.387913773825307,33.11664109698277,15.704119752797494,2.9574156417123882,5.988888888888888,6.959676905709186,0.9707880168202978,"Wayne County, OH",Ohio
1351,427,1.7711787615280343,1.8677215952170199,train,13095,93310,46.545922194834425,53.454077805165575,28.881148858643236,67.73872039438432,98.33204699425436,36.96080953606037,61.37123745819398,1.6679530057456478,17.558789236989142,78.3588982601717,4.082312502839145,42.76812560373328,31.556033251248284,25.675841145018435,48.356888035126225,32.77305159165752,18.870060373216244,30.686398966615442,79.97482099299707,35.11183785529715,15.425375009559605,4.0,28.80503506150132,70.60217176702864,30.585248907065292,10.320124100973064,28.24707375546468,32084.0,0.5163,18999.0,60.11868041479392,17.55680430002443,51.93949830460332,61.218412320258636,20.889772586056914,98.25576448566325,31.188197908714876,0.2637624436314133,2.544207480441539,5.777777777777778,32.669595970421184,31.680420105026254,30.18433179723502,12.994320008573572,3.380130746972457,5.877777777777778,6.473530261744127,0.5957524839663488,"Dougherty County, GA",Georgia
1352,2300,2.5810582263605166,2.61404867404348,train,42125,208226,48.86181360637,51.13818639363,93.95656642302114,2.947278437851181,98.88447175039153,72.55270449343453,26.331767256957,1.1155282496084808,14.84404033396923,81.71221167901295,3.443747987017813,27.214115271659328,51.028473751835534,21.757410976505138,47.95687025991202,24.599875846805755,27.443253893282233,10.368817775678494,16.219671572248426,10.454372261383119,14.652860476148982,2.0,30.627904463417266,74.3894720500603,37.77212529406847,5.771504316984919,11.863050669341645,56450.0,0.4475,30605.0,63.66280655189339,6.299437448242383,80.05219313025556,74.36795125340745,14.534141046840588,97.52258271420172,9.829706198130136,0.3901865412368379,1.4095261878920018,13.111111111111107,26.415049033261933,24.83311402034328,36.68610067906985,18.506334463515607,3.0961551391276787,13.211111111111109,13.65422058279884,0.4431094716877322,"Washington County, PA",Pennsylvania
1353,3074,1.9600947840472698,1.8315626055150196,train,55069,28286,49.862122604822176,50.137877395177824,96.95962667043769,0.5196917202856537,97.99175183790571,70.39627039627041,27.59548144163529,2.008248162094316,15.444313333938458,82.47254243441955,2.083144231642008,23.1393490875452,56.01295097132285,20.847699941131946,50.55008966219163,34.10071245092812,15.34919788688024,10.189970157944538,14.104461831253964,10.692265276454961,13.224422085181578,5.0,32.87543758585546,74.5390128029632,36.55688863837669,4.468958853369837,12.295675980352685,49721.0,0.4005,25856.0,65.55881688868818,5.737704918032787,78.09506917346577,70.23513668514624,16.67257892869812,99.57943031925062,10.281423672697173,0.21028484037468936,1.3398854557024675,7.0,26.688114261472112,21.675033585519337,38.66223573499258,19.44424803789861,2.5206816092766737,7.1000000000000005,6.243635378915809,-0.8563646210841913,"Lincoln County, WI",Wisconsin
1354,2272,2.8773240425036892,2.460497203478008,train,42069,213459,48.279997563935005,51.720002436064995,92.69836362017999,3.08630697229913,99.41895739020865,62.64526065244785,36.77369673776077,0.5810426097913847,17.06000184905544,78.61629017843384,4.323707972510709,33.60551776775091,43.834601656677215,22.55988057557187,47.7798189652293,26.33020474965764,25.88997628511307,14.83367112289044,27.94446796926985,14.961868681524123,14.998330869378606,3.0,29.64949445751741,71.78775548604088,37.731966037114574,6.396265023402402,14.821130371380859,46271.0,0.4539,25608.0,61.871103117505996,6.716989176461468,75.78729676129919,71.728789873962,16.168810624358553,97.42011770712965,11.53415799180486,0.5750987611190239,5.9327552363685765,17.666666666666668,26.696461615579572,27.13963805695708,34.27121836043456,18.46537274136954,4.215329407520882,17.76666666666667,11.710632660008603,-6.0560340066580665,"Lackawanna County, PA",Pennsylvania
1355,1334,2.132192107065365,2.232169585934722,train,27053,1197776,49.239674196176914,50.76032580382308,74.27382081457634,12.165713789556644,99.32722448151183,68.52913982455217,30.798084656959663,0.672775518488172,17.72501569293261,73.66918967101655,8.605794636050831,36.80239931130879,44.887527139843606,18.310073548847605,25.17939714766449,27.822324383158694,46.99827846917682,12.453315592549552,20.155880166551885,12.618780354979606,9.545756333670207,1.0,19.465891455360282,82.60002121600341,23.228667716586838,4.343976695036271,10.598209695713551,65834.0,0.4854,38724.0,74.0816574676805,5.8082177326936115,78.02973244387059,71.99900299102691,14.079616137395352,96.11166500498504,10.120456618197096,0.6202820111095285,6.822561146658473,8.333333333333334,28.291266480543943,32.60442687113451,32.87083728510172,12.184164651821375,13.560465395867007,8.433333333333334,9.32006484167647,0.8867315083431357,"Hennepin County, MN",Minnesota
1356,2898,1.7711787615280343,1.8084448881474218,train,51179,137145,50.35181741951949,49.64818258048053,70.1316125268876,17.129315687775712,99.73660870266347,77.1091461284167,22.627462574246785,0.2633912973365227,6.521016780196046,89.76678019604586,3.7122030237581,29.345480028030835,55.01892081289418,15.635599159074983,30.422518794801558,32.75365697301707,36.823824232181366,5.216725356078296,7.522989344621223,4.7519133762393455,7.9529853250755105,2.0,57.84417572967248,88.21103559497755,19.718926390968786,2.497408132703605,5.232116115654879,97144.0,0.3712,37198.0,71.88411971455959,5.311740650743792,85.86379788735823,80.74756784434204,8.365379934770969,94.81140126301416,10.918561067030131,0.546168288103772,10.663895876626928,5.777777777777778,35.27580298224507,29.621203835356738,34.563418279922715,8.648510700353638,12.739071785336687,5.877777777777778,6.10095238784577,0.22317461006799189,"Stafford County, VA",Virginia
1357,825,1.9600947840472698,1.5717313279876246,train,19085,14467,49.56107002142808,50.43892997857192,97.635999170526,0.055298265016935085,98.15709969788523,71.38972809667675,26.767371601208463,1.842900302114804,15.732818106541538,80.83540344097892,3.431778452479529,24.237273731622327,54.10045041216963,21.662275856208037,47.262447926998604,35.3501289426701,17.387423130331285,9.894543138226343,13.533568904593642,10.251489748510252,14.777043184695456,3.0,28.71109516548569,78.26887661141805,33.316591327641056,4.537083542608404,11.618951950443664,53567.0,0.4034,26910.0,68.42684268426844,3.242229367631297,78.1438900082968,69.8097936058276,12.836316226146732,98.50263051396195,11.971079767689938,0.0,1.3755443422962603,7.0,29.439413838390827,22.88656943388401,35.72267920094007,18.511094214419018,2.30870256445704,7.1000000000000005,4.814977286434807,-2.2850227135651933,"Harrison County, IA",Iowa
1358,1253,1.67189092708065,2.0218495711745392,train,26057,41878,53.04217011318592,46.95782988681408,91.09795119155642,5.6354171641434645,99.31066713401098,62.01659072321532,37.294076410795654,0.6893328659890174,14.71306248861359,81.53397704499909,3.75296046638732,33.35624480911877,43.909843342784306,22.733911848096923,52.15949188426252,33.772053634438954,14.068454481298517,18.892906815020854,37.08477937530985,19.68234734063271,15.363292286369207,5.0,25.426328611386808,70.33161185104649,35.39684696928513,5.877955966295189,19.774395216091328,41912.0,0.4353,19618.0,59.378026843780276,8.348383338188174,69.68872107828072,78.5842440058718,20.472406374851825,98.18952862502043,13.570707292444133,0.1631055292774425,5.575719948421607,5.222222222222221,27.912030182912268,30.55064711781843,32.98390563064139,15.893786713787668,3.266631644300109,5.322222222222221,7.552280504095533,2.230058281873312,"Gratiot County, MI",Michigan
1359,1066,3.21397494626849,3.114088876495133,train,21159,12631,55.57754730425144,44.42245269574856,94.34724091520864,4.726466629720528,98.03625377643505,62.235649546827794,35.800604229607245,1.9637462235649543,12.393767705382436,86.16619452313503,1.4400377714825308,25.11489850631941,46.55304481041747,28.332056683263122,67.66685681688533,25.818596691386198,6.514546491728464,35.16562866684719,75.4054054054054,48.7462738909346,31.524571017878,6.0,16.46799559250726,47.61574074074074,48.88888888888889,21.574074074074073,35.856481481481474,25795.0,0.4853,14179.0,36.26075680773312,20.54616384915475,40.61832169824761,52.049180327868854,42.94058982761077,99.04371584699457,22.05442370708078,0.4781420765027322,1.5121526403293486,24.777777777777786,26.37162536616261,31.557279708653308,34.59741904837305,12.881007046156284,0.9262924550708572,24.877777777777787,22.512908965633354,-2.364868812144433,"Martin County, KY",Kentucky
1360,2486,2.2442495159810822,2.4947764735485194,train,47131,31129,48.00989431077132,51.990105689228685,86.26361270840694,10.549648237977447,98.87169101692464,59.43873860841892,39.43295240850571,1.1283089830753652,13.177412557943532,83.66203118415508,3.16055625790139,24.186265656288036,50.90109544936983,24.91263889434214,59.1395855546799,24.06008066385425,16.800333781465856,20.58535630383712,43.126571668063704,21.72535391219911,19.208726799088247,5.0,28.14554475914824,70.09869719699961,38.997236478484005,4.674299249901303,19.684168969601266,40281.0,0.4611,21829.0,58.5869199731002,10.538776095846188,63.94031801350468,64.55416359616801,20.730777608364196,98.52616064848931,20.00108908734481,0.1105379513633014,3.607568505252337,9.333333333333334,28.728838060972084,24.594429631533288,35.01879276558836,18.16312763018407,3.1867390536155997,9.433333333333334,12.119024293313275,2.685690959979942,"Obion County, TN",Tennessee
1361,505,1.86149280724273,1.9025117812022414,train,13253,8769,46.90386589120767,53.09613410879234,64.15782871479074,33.492986657543625,99.89674754775429,54.87867836861125,45.01806917914301,0.10325245224574084,12.890276538804633,85.31073446327684,1.7989889979185252,30.099120480245706,44.96719251710177,24.933687002652523,57.71503611293499,27.15036112934997,15.134602757715035,18.422268422268427,40.81632653061224,18.186610437532945,17.361191273230983,6.0,29.195368606184964,61.89033626173886,44.986367767343225,6.513177824901545,19.509239624356255,34905.0,0.4629,19891.0,49.09307166220636,9.206541490006057,51.99516324062878,59.523809523809526,20.67714631197098,96.71201814058958,31.15679161628376,2.4943310657596367,2.8737598357851524,6.333333333333332,29.22796213935455,22.29444634507926,34.71319420686509,20.800547382825865,2.3491846276656405,6.433333333333332,6.702709054732955,0.26937572139962285,"Seminole County, GA",Georgia
1362,269,2.5810582263605166,1.2759578788178365,train,8057,1335,53.10861423220974,46.89138576779026,93.18352059925094,0.0749063670411985,100.0,84.7222222222222,15.277777777777779,0.0,20.216606498194945,78.24909747292419,1.5342960288808665,15.803336259877085,57.243195785777004,26.95346795434592,53.87596899224806,28.00387596899225,18.120155038759687,11.662904439428141,26.315789473684212,10.967098703888336,8.571428571428571,6.0,37.83542039355993,84.90259740259741,30.681818181818183,1.6233766233766231,5.1948051948051965,46014.0,0.3958,27938.0,69.54177897574124,1.5503875968992251,63.45919610231425,56.5068493150685,22.533495736906207,92.46575342465755,16.68696711327649,0.0,15.430711610486894,13.111111111111107,20.074906367041198,19.25093632958801,42.62172284644196,21.872659176029963,6.741573033707866,13.211111111111109,3.58213101468824,-9.628980096422868,"Jackson County, CO",Colorado
1363,1901,2.5810582263605166,2.443932060492407,train,37035,154610,49.01623439622276,50.98376560377724,80.99152706810685,8.580298816376692,99.18297442232642,70.2698149759946,28.91315944633181,0.8170255776735827,12.95740079637512,83.10448990800494,3.938109295619937,26.98355654583643,50.01317712451184,23.003266329651733,47.70604031922539,30.56847838420515,21.725481296569466,15.543963056034313,30.248306997742663,15.247331347053134,14.005406534855172,3.0,26.1016578489179,76.23335209154006,34.51851093944509,4.767995088760424,16.372503879538208,44376.0,0.4555,23657.0,64.01460350960801,7.915342789912393,68.89815721155892,61.14890722000171,14.301825764991277,98.34594778467556,20.78776013959229,0.6463134620290841,8.755578552486902,13.111111111111107,29.541426815859257,25.776469827307416,35.408447060345395,15.74413039260074,10.428174115516462,13.211111111111109,11.518242242303833,-1.6928688688072757,"Catawba County, NC",North Carolina
1364,2413,0.09531017980432493,0.19522341222411677,train,46119,1469,56.02450646698435,43.97549353301565,98.02586793737235,0.0,100.0,78.63501483679525,21.364985163204746,0.0,18.125,79.46428571428571,2.4107142857142865,22.881355932203395,58.98305084745762,18.135593220338983,43.850806451612904,32.358870967741936,23.790322580645164,5.0999310820124055,0.9146341463414632,6.7683508102955185,10.415248468345816,5.0,27.561837455830393,81.18971061093248,30.546623794212213,2.733118971061093,2.733118971061093,60417.0,0.4593,37078.0,69.25795053003534,1.5306122448979589,85.28389339513326,56.50557620817843,4.750869061413672,100.0,13.557358053302435,0.0,0.6126616746085772,1.0,28.863172226004085,23.34921715452689,35.398230088495566,18.311776718856372,1.9741320626276375,1.1,1.2155825321523968,0.11558253215239667,"Sully County, SD",South Dakota
1365,1187,2.707309185877491,2.26742910454405,train,24001,73549,52.07412745244668,47.92587254755333,88.59399855878394,8.019143700118287,98.7168520102652,65.55719729372424,33.15965471654094,1.283147989734816,17.392861856369837,77.62212711401044,4.985011029619714,34.121331595179804,42.027280531620605,23.851387873199574,53.61524763712502,28.963074574878192,17.421677787996792,18.033233039507703,33.17550505050505,19.625123020488502,18.360400803955226,4.0,31.514540980628553,67.69171021042226,40.43567292755261,6.979946335263381,19.778279903968365,40551.0,0.45799999999999996,21674.0,59.37862108922364,9.879253567508233,68.99733345918777,71.00739012057565,24.923897397172993,98.52975495915985,10.817188569271066,0.1944768572539868,1.6098111463106228,14.888888888888893,24.914002909624877,30.6095256223742,33.06911038899237,18.67462507987872,3.386857741097772,14.988888888888894,9.654548047125129,-5.334340841763765,"Allegany County, MD",Maryland
1366,1603,2.9669898046883367,2.7646813683979072,train,30023,9211,53.68581044403431,46.3141895559657,93.33405710563456,1.0313755292584954,100.0,68.91117478510029,31.088825214899718,0.0,22.36628849270664,75.9540297627818,1.6796817445115662,26.443086896895647,45.04425882059594,28.51265428250841,47.86426551570175,35.317755618395594,16.817978865902663,17.25964306275187,36.1241768579492,18.21002776416789,22.26553542765421,6.0,43.05845511482255,63.17839522202026,42.74214489742924,7.504544274214488,13.139444300181772,39399.0,0.4543,23156.0,54.409937888198755,3.9066463723997966,65.81791536911523,65.17357222844345,20.44330463454845,99.49608062709964,19.875435061366552,0.0,3.018130496145913,19.33333333333333,25.708392139832807,25.523830203018132,37.60720877212029,20.07382477472587,5.634567365106938,19.433333333333326,15.873981232644788,-3.559352100688539,"Deer Lodge County, MT",Montana
1367,2987,3.3514623267796186,3.1753584829114017,train,54005,24000,49.65416666666667,50.34583333333333,98.3125,0.675,97.8325305668766,63.412374953686545,34.42015561319007,2.167469433123379,13.591812422158446,83.91725781123084,2.490929766610712,22.72309107635695,53.086987631605844,24.189921292037212,70.96524636991192,20.22732682694597,8.807426803142109,23.28686349660953,54.35101084090243,24.822647118437942,29.53022944230448,4.0,26.030053320407177,58.950455640515344,46.75814391955589,11.689535979888973,22.77155127265109,39958.0,0.44799999999999995,21387.0,44.79025710419486,8.6404833836858,61.07975793839668,69.42675159235668,31.202828585027536,99.3099787685775,15.625212483851225,0.0,0.4875,28.44444444444445,28.81666666666667,24.333333333333336,36.99166666666667,16.0375,1.0125,28.544444444444448,23.935398762023645,-4.609045682420803,"Boone County, WV",West Virginia
1368,2984,2.2204104848050292,2.2056681354931023,train,53077,247408,50.082050701674966,49.91794929832504,78.02051671732522,0.8427375024251439,98.8251480367428,60.69978553219041,38.12536250455239,1.174851963257213,10.799105483339925,84.73834207591591,4.462552440744172,32.812330931203874,45.39159038282586,21.796078685970265,55.930658166641905,28.33101473547725,15.738327097880845,21.266249794306407,43.66706161137441,21.01729356429313,12.660262308758755,4.0,22.640691389426827,78.6775371379983,30.48692042214775,6.138398439453808,25.28760066023108,44749.0,0.4351,19793.0,64.37443839526402,8.654240906478364,54.328370960507485,61.53820352854363,17.317043650369865,97.05507479707519,31.522814811650534,1.1269873213926342,47.11933324710599,9.111111111111107,37.714625234430585,29.217325227963535,28.34548599883593,12.414311582487226,21.13674578024963,9.211111111111105,9.076313749814211,-0.13479736129689357,"Yakima County, WA",Washington
1369,664,2.5810582263605166,2.4642077071051443,train,17151,4331,51.76633571923344,48.23366428076656,93.92749942276608,3.671207573308704,99.14163090128756,72.81831187410587,26.323319027181693,0.8583690987124464,16.404833836858007,81.7522658610272,1.842900302114804,27.277556440903048,45.73705179282869,26.98539176626827,46.56925031766201,38.310038119440925,15.120711562897075,14.967145290825016,30.0187617260788,15.366430260047279,21.376635967038293,6.0,35.2112676056338,52.856246076585066,52.47959824231011,6.842435655994978,14.500941619585689,39223.0,0.4316,21131.0,47.65807962529274,9.889434889434893,63.84204031262855,63.147208121827404,30.27560674619498,98.78172588832487,11.559029206088027,0.0,1.8009697529438928,13.111111111111107,23.412606788270608,24.33618102054953,35.88085892403602,23.389517432463638,2.4012930039251907,13.211111111111109,11.754165719811446,-1.4569453912996622,"Pope County, IL",Illinois
1370,2398,0.9339123332239747,0.9091649387578065,train,46087,5613,50.080171031533936,49.919828968466064,96.77534295385712,0.3741314804917157,98.96907216494844,83.84879725085909,15.120274914089348,1.0309278350515465,15.38659793814433,82.26804123711341,2.345360824742268,23.168226432321386,58.45697329376854,18.37480027391007,42.562747688243064,33.527080581241734,23.910171730515188,8.589295567408497,11.180124223602483,8.772406300923413,12.316983894582725,4.0,30.15911282545805,82.51220594762539,32.26808699511762,2.6631158455392807,7.678650687971593,56954.0,0.4199,30086.0,74.61269365317341,2.0093770931011385,83.41044282881694,74.48770491803278,9.45142101784534,98.15573770491804,11.863846662260409,0.10245901639344264,2.7614466417245684,2.4444444444444446,32.246570461428824,20.951362907536076,33.44022804204525,19.561731694281136,2.850525565651167,2.5444444444444447,2.4822488378759564,-0.062195606568488326,"McCook County, SD",South Dakota
1371,149,2.132192107065365,2.2398738368295055,train,5081,12720,50.18867924528302,49.81132075471698,73.76572327044025,20.69182389937107,99.35264054514481,59.65928449744463,39.69335604770017,0.6473594548551959,16.62510390689942,78.2730673316708,5.101828761429759,23.29545454545455,46.64869029275809,30.055855161787363,55.726970033296354,34.26193118756937,10.011098779134297,19.325770375734173,40.672016048144435,19.805801070583843,20.057329405207426,4.0,38.048032703117016,65.45419920015235,46.067415730337075,9.083984003047037,18.37745191392116,36205.0,0.4301,19858.0,54.67581047381545,8.817939946788293,59.57446808510638,71.07329842931937,21.412984178941628,99.60732984293192,23.55428259683579,0.0,3.1210691823899372,8.333333333333334,29.2059748427673,24.929245283018865,33.09748427672956,18.899371069182386,5.54245283018868,8.433333333333334,9.39214626974042,0.958812936407087,"Little River County, AR",Arkansas
1372,671,2.8835584766621185,2.575164426735075,train,17165,24783,48.565548965016355,51.43445103498368,93.13642416172377,3.675906871645888,99.14195112852079,56.164894609214706,42.977056519306096,0.8580488714792016,15.830812503316881,81.71734861752374,2.4518388791593697,24.704613423542682,47.109869098396814,28.185517478060497,47.350377687391045,38.68099941894248,13.968622893666474,23.003699546909427,54.910179640718574,24.369360468945533,21.1677326181143,6.0,29.419975186104217,65.0828729281768,40.17076845806128,7.282772476142642,24.439979909593173,38258.0,0.4572,21175.0,58.56204302214687,12.322446394643988,54.962676251036775,71.13027689514298,32.57533867846281,99.13753971856559,17.348631462538012,0.0,1.5776943872816045,17.777777777777782,28.39849897106888,24.8315377476496,34.378404551507074,18.879877335270145,3.1876689666303517,17.877777777777784,13.133476475617485,-4.744301302160299,"Saline County, IL",Illinois
1373,1147,1.86149280724273,2.0391881331624893,train,22081,8838,48.710115410726395,51.289884589273605,58.689748811948405,38.99072188277891,100.0,52.06912232833106,47.93087767166895,0.0,16.620752984389352,81.7416590143863,1.6375880012243649,30.71970238946917,42.28072685648877,26.99957075404207,67.04682909970624,20.995334370139968,11.957836530153791,22.2618089874727,31.253785584494253,27.79190299237239,13.832225532890213,6.0,22.708082026538,66.77344205008737,36.866627839254505,10.104834012813047,20.850320326150264,38000.0,0.5318,23016.0,54.19028650222154,9.132032796154931,54.15366614664586,53.037884203002136,18.662246489859594,93.63831308077198,28.627145085803434,1.6440314510364546,1.4709210228558498,6.333333333333332,31.704005431093012,25.36773025571396,33.67277664630007,16.078298257524324,2.3195293052726864,6.433333333333332,7.6843679821714215,1.2510346488380897,"Red River Parish, LA",Louisiana
1374,274,2.376454941560501,2.1877043515712193,train,8069,318227,49.76541902478419,50.23458097521581,91.07618146794584,0.8984152821727885,99.27268846060015,74.49682849475481,24.775859965845328,0.7273115393998536,12.694293070949564,75.27175363741269,12.033953291637747,34.298347154486976,48.69347401180333,17.0081788337097,23.668071218062696,32.060793530944785,44.27113525099253,13.675197111083119,14.070131056533508,16.320951615740455,9.506528217161783,3.0,26.318022826957694,81.75694033786701,25.09229810289441,2.6970224871741597,7.142514663811152,59805.0,0.4513,31304.0,69.37457511896669,6.456465976885611,78.80478316968933,67.28461852893794,10.769806361251144,97.44884464642092,12.977681419409919,0.2019764841664864,10.949102370320556,10.666666666666666,27.95143089681266,34.65325066697672,31.318209957043237,13.365302127097952,8.025403249881375,10.766666666666664,8.914724533039221,-1.8519421336274426,"Larimer County, CO",Colorado
1375,2148,2.158201375540483,2.2594029280310535,train,40047,62192,49.68806277334706,50.31193722665294,82.10702341137123,3.217455621301775,99.59303064987918,70.30395523337148,29.289075416507693,0.40696935012081903,13.90349209189951,82.00487684839266,4.0916310597078365,22.480285855101037,53.314440611138494,24.20527353376048,49.09278401139238,29.217510864494585,21.68970512411304,12.99333123727888,23.16406559454964,12.333566923615976,14.396964856230033,5.0,32.398650882878115,79.37502611020597,32.39754355182354,5.702468981075323,13.472866273969169,48238.0,0.4320000000000001,24928.0,65.46344102991904,5.365937661443086,68.83726156698599,70.35175879396985,14.787763013737113,97.96710826861582,20.732084164395875,0.4568296025582457,10.716812451762284,8.555555555555555,31.34808335477232,29.481283766400818,29.94114998713661,15.122523797272965,14.675520967326989,8.655555555555555,9.577369080668454,0.9218135251128992,"Garfield County, OK",Oklahoma
1376,2414,2.6461747973841225,2.546393147051001,train,46121,9942,48.903641118487215,51.096358881512785,10.19915509957755,0.33192516596258304,99.92498124531132,26.681670417604398,73.24331082770694,0.07501875468867218,11.220505856391103,84.6206077066712,4.158886436937702,51.35093407441717,24.20873861355566,24.44032731202718,45.21397560471366,40.355592309282606,14.430432086003725,46.403736377789315,127.15674362089916,67.59522455940875,16.6212258911441,6.0,22.847514743049704,79.75886006576543,24.11399342345634,12.751187431494337,46.32809645597369,31128.0,0.4765,11616.0,64.6540027137042,24.606505771248692,27.11213517665131,33.139534883720934,27.28494623655914,96.07558139534883,48.50230414746544,2.9069767441860463,3.671293502313418,14.0,48.7929993964997,29.641923154294915,23.134178233755783,6.9201367934017295,89.46891973445986,14.1,12.76099364884118,-1.3390063511588188,"Todd County, SD",South Dakota
1377,2473,2.8455551700866035,2.549266390127027,train,47105,50229,48.65316848832348,51.34683151167651,95.7136315674212,1.2622190368114037,98.77770048693232,68.81645632515155,29.961244161780787,1.2222995130676737,11.396262529592507,86.35218858610789,2.251548884299602,19.084460102837557,59.012569034469614,21.90297086269282,48.177939617924395,26.275170520938072,25.546889861137533,14.443372331443735,40.16589343455645,12.209433536447756,17.130930400577988,3.0,41.13662399760921,65.61547303713328,44.7198760557749,3.6933379979009446,12.599330301364384,51107.0,0.4517,27466.0,54.45995221928832,8.722755818248984,68.40975749338293,63.758787160159216,16.14564704199156,98.18751588040993,18.86401030116604,0.17786059117472686,7.686794481275758,17.11111111111111,25.67441119671903,22.42131039837544,33.55830297238647,23.984152581178204,3.0241493957673846,17.211111111111112,12.797711810326913,-4.413399300784199,"Loudon County, TN",Tennessee
1378,895,2.3867219722002453,1.4040855480034333,train,20027,8421,49.22218263864149,50.77781736135853,96.71060444127777,0.6056287851799074,99.95150339476237,71.82347235693501,28.128031037827352,0.04849660523763337,14.059980651402773,84.27926475330538,1.6607545952918412,18.26708351942832,60.652076820008936,21.08083966056275,37.410317731465675,38.896481038606076,23.69320122992825,11.389191149800508,24.03614457831325,9.578408890456867,14.540753508987931,6.0,41.51764137264379,78.64968907314184,36.60053301747113,4.293751850755108,5.655907610305006,52066.0,0.4424,26807.0,68.38283828382839,1.9305019305019304,86.04118993135012,68.34319526627219,9.908466819221973,99.94082840236686,9.565217391304348,0.0591715976331361,2.541265882911768,10.777777777777779,29.616435102719393,22.7763923524522,31.39769623560147,21.339508371927323,2.6837667735423345,10.877777777777778,4.071801571206103,-6.805976206571676,"Clay County, KS",Kansas
1379,783,1.5846897427449065,1.4886536625202764,train,19001,7426,49.38055480743335,50.61944519256665,98.46485321842177,0.3635873956369513,97.99498746867168,68.92230576441104,29.07268170426065,2.0050125313283207,17.4457576292115,81.42529546657259,1.1289469042159108,21.337475474166123,54.95421844342707,23.708306082406807,52.22034851039911,32.49016301292861,15.28948847667229,10.60963755034023,16.091954022988507,10.795011691348405,15.575682722656785,6.0,32.54935622317597,75.22452771755962,37.93744193248683,5.171879838959431,12.325797460514092,46526.0,0.4225,25990.0,66.93633485754485,2.78507619548082,79.09222597778852,74.61139896373057,15.330758087880248,99.48186528497408,10.767745050700144,0.0,1.5351467815782387,4.777777777777779,27.48451387018583,21.03420414758955,34.890923781308906,22.515486129814168,1.1715593859412874,4.877777777777779,4.431125710595472,-0.4466520671823071,"Adair County, IA",Iowa
1380,2139,2.819392788437584,2.4374390941904327,train,40029,5812,49.07088781830695,50.92911218169305,71.92016517549897,0.4817618719889883,99.721059972106,58.647140864714096,41.07391910739191,0.2789400278940028,14.26252319109462,84.32282003710577,1.414656771799629,20.768566493955095,50.323834196891184,28.907599309153714,59.97947665469472,25.24371472550025,14.776808619805028,20.72339681984973,43.979591836734684,21.225752038234464,20.135746606334838,6.0,28.30059387848333,65.9965034965035,42.83216783216783,8.129370629370628,20.97902097902098,38243.0,0.5045,22977.0,57.86178107606679,8.897795591182364,52.66418835192069,53.413284132841326,17.812887236679057,97.50922509225092,33.2094175960347,1.014760147601476,3.6132140399174126,16.666666666666668,31.48657949070888,23.210598761183764,32.39848589125947,19.71782518926359,27.59807295251204,16.766666666666666,11.443696955477877,-5.322969711188788,"Coal County, OK",Oklahoma
1381,2865,1.561647248597752,1.6617374575595614,train,51107,351129,49.55045011947176,50.44954988052825,67.77024968031692,7.4320264062495545,99.45402905448195,85.42094455852154,14.033084495960393,0.5459709455180487,7.969948705830586,86.55677193039637,5.473279363773035,26.398835827263586,58.406729040319384,15.19443513241703,20.230594814529354,21.598659269947394,58.17074591552326,4.021701786532296,4.166960729949087,4.199993221717617,5.288246813481293,2.0,25.58875262617873,92.4210099442838,15.304323295013752,1.4078919528880738,3.4267226179561323,123453.0,0.3702,47495.0,78.18362874295485,3.882633592767173,87.94610792140357,71.78352620830499,3.5880778644463254,90.3259965206868,10.226227783242217,3.933136676499508,13.178347558874373,4.666666666666667,36.38007683785731,28.33118312642932,34.33866185931666,7.61030846213215,24.79772391343352,4.766666666666667,5.268456616726519,0.5017899500598526,"Loudoun County, VA",Virginia
1382,3076,1.4891517465595983,1.9300583246589353,train,55073,135177,50.24597379731759,49.75402620268241,91.62135570400291,0.7027822780502601,99.28271628140074,74.37511745912423,24.907598822276515,0.7172837185992608,14.29458556347399,82.44669840612708,3.258716030398912,26.61914123504879,54.274532860528794,19.10632590442244,46.05686085648424,30.2020540903237,23.741085053192066,10.577226132765011,18.536585365853654,9.915011108954033,10.916336445250408,4.0,28.126817353545537,80.17196553261032,30.43195661863021,4.022433516565148,11.298469766750856,54083.0,0.4404,28457.0,70.9805458911158,5.51467034863652,78.73894561977818,68.74101254524719,14.221673914105635,97.58020528586306,10.115063272585138,0.4165220409580007,2.5093026180489284,4.333333333333333,30.05688837598112,25.69741893961251,35.122838944494994,15.519652011806741,7.675862017946839,4.433333333333333,6.889912081634843,2.45657874830151,"Marathon County, WI",Wisconsin
1383,2213,2.4462043207689623,2.1126704067533177,train,41023,7276,49.39527212754261,50.60472787245739,95.40956569543705,0.32985156679494226,99.11242603550295,70.26627218934911,28.84615384615385,0.8875739644970414,17.676679979163048,75.0130230942872,7.310296926549749,21.84278350515464,52.41623711340206,25.740979381443296,43.539887334181344,37.39778302743958,19.062329638379065,15.89607487079201,22.14156079854809,18.17442569627973,20.876505180621677,6.0,37.112353838332474,67.60876468720228,46.109876151159106,5.1127342013337564,21.11781517942204,38046.0,0.4461,22538.0,53.972366148531954,8.831999999999997,58.48248046382657,70.37849698299506,25.48525334005545,97.42183214481622,20.292412402319133,1.3165112452002194,3.4909290819131384,11.444444444444445,24.381528312259483,18.911489829576688,36.47608576140737,26.0307861462342,4.260582737768004,11.544444444444444,8.270296879454142,-3.2741475649903027,"Grant County, OR",Oregon
1384,696,2.0640458562018624,1.9557622008168385,train,18011,60511,49.57280494455554,50.42719505544446,94.448943167358,1.2394440680206904,99.47368421052632,80.85067319461444,18.62301101591187,0.5263157894736842,11.685718220630767,86.01891383188726,2.295367947481981,21.5394112262926,59.91400412950468,18.546584644202724,33.35003632901561,23.92704131485982,42.72292235612457,5.847835899493456,6.5947794069301064,6.069082948187789,9.745798073873784,2.0,22.215418112539968,84.2217763043099,25.148316175187567,1.9237480369917992,7.26749258419124,67552.0,0.479,38038.0,71.50791829240303,3.421491847477212,84.38806955756108,68.5856628840299,6.90347787805415,97.50899529476887,11.245322474136033,0.8580127318018268,2.543339227578457,7.777777777777778,34.025218555304,24.51455107335856,35.86124836806531,12.546479152550775,4.311612764621309,7.877777777777777,7.069305200964753,-0.8084725768130241,"Boone County, IN",Indiana
1385,793,1.2335316065674804,1.4042252428717499,train,19021,20507,51.280050714390214,48.71994928560978,81.00160920661239,2.8770663675818016,99.47775628626692,67.81431334622823,31.66344294003868,0.5222437137330754,15.10514916509467,81.90456228603368,2.990288548871655,29.05200667862223,50.256632242903954,20.691361078473808,52.1087594623822,28.95102734435347,18.940213193264327,12.635918577686164,20.920801526717558,12.342292923752055,9.350598003360679,5.0,21.390793339862878,81.83366077275704,27.426326129666013,4.387688277668631,12.992796332678454,48195.0,0.4404,24511.0,72.71640998406798,3.724666788387804,76.48399967429363,68.88250089831118,11.505577721683904,94.6460653970535,15.878185815487337,3.1979877829680214,24.34290729994636,3.333333333333333,33.14477983127713,28.29765445945286,31.80377432096357,14.599892719559175,16.12132442580582,3.433333333333333,4.072370420722157,0.6390370873888238,"Buena Vista County, IA",Iowa
1386,800,0.842524581634546,1.6306561050581794,train,19035,11853,49.95359824517,50.04640175483001,97.30869821985996,0.4555808656036446,98.94736842105264,72.0242914979757,26.92307692307693,1.0526315789473684,20.475709637607988,78.85111634690902,0.6731740154830024,22.208626491281734,53.288467421229726,24.502906087488533,44.99646809512597,36.190251942547675,18.813279962326348,11.215198739275083,18.52207293666027,11.108352984982004,13.717277486910994,6.0,33.57945425361156,76.5466816647919,35.920509936257965,3.805774278215223,10.929883764529434,48599.0,0.433,27934.0,68.48795718108829,3.679583197655487,79.6477495107632,75.65591397849462,12.042751768779164,98.58064516129032,12.178232726177932,0.0,3.0962625495655107,2.2222222222222223,26.769594195562306,22.154728760651317,34.49759554543154,22.23909558761495,2.2357209145364045,2.3222222222222224,5.107224495338457,2.7850022731162345,"Cherokee County, IA",Iowa
1387,2350,1.7711787615280343,1.9514761010790858,train,45081,20000,51.03,48.97,62.335,26.23,100.0,59.839893262174776,40.16010673782522,0.0,11.964569011105235,84.76335272342675,3.2720782654680063,30.56617737757493,44.7021092882694,24.731713334155675,61.88125997967775,24.074611699811285,14.044128320510962,20.54420392474206,41.95714742564759,21.854883573074783,14.731106850973664,3.0,23.65924491771539,69.57076073098172,38.09321433630826,4.944043065590027,17.70789063606743,38827.0,0.461,20430.0,57.5921696574225,8.905506458191708,57.003613141752794,61.85747663551402,16.22552726661625,98.24766355140189,30.182337618687505,0.0,14.825,5.777777777777778,28.47,25.93,33.945,17.64,11.435,5.877777777777778,7.039070294994307,1.1612925172165287,"Saluda County, SC",South Carolina
1388,1528,2.158201375540483,2.013940204576274,train,29103,4035,49.962825278810406,50.0371747211896,96.60470879801737,0.5700123915737298,98.77675840978594,68.60346585117227,30.173292558613657,1.2232415902140672,16.110549376474548,81.36164475901583,2.5278058645096046,22.549923195084485,57.050691244239644,20.399385560675885,58.1268221574344,26.712827988338194,15.160349854227405,20.856563608717693,44.21364985163205,21.43732135565537,18.014148559878727,6.0,33.146991121341664,69.39017169923032,39.96447602131439,6.275902901124924,13.676731793960922,38289.0,0.4715,22397.0,60.457296570275716,6.507230255839821,56.66516041572526,69.11957950065704,17.62313601446001,98.55453350854141,28.287392679620428,1.1826544021024967,1.1400247831474597,8.555555555555555,32.118959107806695,20.76827757125155,34.27509293680297,20.322180916976453,2.8252788104089217,8.655555555555555,7.492782355444349,-1.1627732001112063,"Knox County, MO",Missouri
1389,879,1.9756230463738251,2.0646820726218262,train,19193,102530,49.20316005071687,50.79683994928313,85.21505900711986,2.7913781332292986,99.12129823511816,59.92746036494167,39.193837870176495,0.8787017648818427,14.985373089231025,80.78175001030064,4.232876900468336,30.873642954633674,46.41564718698739,22.71070985837893,48.64898078311496,30.243168097820245,21.107851119064808,14.630003718555589,24.03841627042041,14.836035979467216,12.406229695406484,4.0,25.487133326273433,79.54004552980133,30.132450331125828,4.928083609271523,16.659768211920532,46720.0,0.4389,23630.0,71.19347069842121,5.004698364968991,71.52853670869557,63.85766396188492,15.662159296654544,97.79647137646096,15.955763615900304,0.8635450011166531,15.005364283624306,7.1111111111111125,33.520920706134795,29.336779479176826,30.871939920023408,13.529698624792745,11.993562859650837,7.211111111111112,7.882791344040303,0.6716802329291909,"Woodbury County, IA",Iowa
1390,2378,2.8773240425036892,2.512019380573344,train,46047,6906,50.72400810889082,49.27599189110918,87.05473501303213,1.1294526498696786,100.0,60.31999999999999,39.68,0.0,21.821915251073364,75.97535934291581,2.2027254060108263,17.933954276037255,49.61896697713802,32.447078746824715,38.50791258477769,38.24415975885456,23.24792765636775,16.578509898745654,38.73978996499417,16.405747372935878,22.90019394301059,6.0,51.29340892983698,66.73145448655653,40.88111435050211,4.405571752510529,12.471655328798185,45997.0,0.41600000000000004,24653.0,56.042545387859896,2.81413612565445,73.58344113842173,57.241813602015114,19.922380336351875,97.7329974811083,16.946959896507117,1.700251889168766,3.3159571387199533,17.666666666666668,23.008977700550247,17.926440776136698,38.647552852591964,25.325803649000868,11.815812337098176,17.76666666666667,12.329803503251881,-5.436863163414788,"Fall River County, SD",South Dakota
1391,1169,1.789905900578732,1.6897653095849658,train,22125,15415,66.35095686020111,33.6490431397989,52.9030165423289,45.71521245540058,100.0,61.65270373191165,38.34729626808835,0.0,9.78401727861771,85.92872570194383,4.287257019438445,45.01327265832385,32.53697383390216,22.44975350777399,55.139847439157286,23.247366509262623,21.612786051580095,15.9606404269513,45.48476454293629,13.21165236310891,12.925283522348233,3.0,25.592305887872392,74.43109179238047,34.31347481462541,4.065456405011506,13.93505497315265,56685.0,0.4553,22122.0,58.15716421097586,8.610244171103359,74.82554312047401,62.05533596837945,11.744568795260037,96.55561829474873,17.142857142857142,0.0,1.5050275705481673,5.8888888888888875,26.182289977294847,32.46837495945508,37.70353551735322,12.792734349659426,1.3817710022705156,5.988888888888888,5.418208954194964,-0.5706799346939242,"West Feliciana Parish, LA",Louisiana
1392,2492,2.6461747973841225,2.6388510626842248,train,47143,32394,49.459776501821324,50.54022349817868,94.5236772241773,2.4881150830400687,98.25807316092724,63.86171780785207,34.39635535307517,1.7419268390727591,14.324403149868756,83.11320361651597,2.562393233615266,24.111530110844477,48.268769283510466,27.619700605645072,62.43316119007358,24.65609432841277,12.910744481513646,24.54443554843875,59.392326458194724,26.17048078941843,24.46831766653133,5.0,27.73655288596527,67.15823037066559,39.641291351135905,11.638102829812677,22.981267437225984,36146.0,0.4654,19927.0,56.60884436843391,10.689109480650265,60.61283945479139,64.91754122938531,26.386432213089172,98.21964017991004,17.88575590469254,0.5997001499250375,4.389701796629005,14.0,29.817250108044707,26.211644131629313,33.61424955238625,17.135889362227573,2.9882076927826144,14.1,13.997112560767379,-0.10288743923262089,"Rhea County, TN",Tennessee
1393,2695,2.267533454935127,1.9456368903733938,train,48359,2071,54.901014002897156,45.09898599710285,85.36938676967648,6.953162723322066,100.0,84.86486486486487,15.135135135135135,0.0,13.456889605157132,83.80338436744562,2.73972602739726,32.539184952978054,52.28840125391851,15.172413793103447,36.020583190394504,36.19210977701543,27.78730703259005,13.072693952351866,21.311475409836067,13.327370304114492,16.188149053146,3.0,21.349963316214236,77.96875,31.09375,2.34375,5.46875,50893.0,0.4955,23452.0,64.71981057616418,7.439024390243902,73.46723044397463,70.40498442367601,11.522198731501055,94.70404984423678,18.49894291754757,2.1806853582554515,14.437469821342347,9.555555555555557,48.33413809753743,23.80492515692902,26.508932882665373,15.499758570738775,7.67745050700145,9.655555555555557,6.9980874505488355,-2.6574681050067213,"Oldham County, TX",Texas
1394,159,2.538096293116917,2.4379470536152725,train,5101,8052,50.111773472429206,49.8882265275708,95.36761053154495,0.0,100.0,76.35009310986965,23.649906890130357,0.0,15.583398590446361,81.53484729835552,2.8817541111981213,19.3180133432172,55.1371386212009,25.544848035581914,60.44902093180284,25.0,14.550979068197165,20.49323985978969,37.478559176672384,23.143683702989392,23.386693346673336,5.0,38.09967396367024,65.22658610271903,52.205438066465256,9.093655589123868,15.317220543806648,34536.0,0.4359,18038.0,51.699295223179334,4.544077552256892,54.46854663774403,55.15492957746479,26.420824295010853,96.95774647887323,23.44902386117137,0.3380281690140845,1.055638350720318,12.555555555555555,26.17983109786389,22.230501738698464,35.047193243914556,22.71485345255837,4.632389468455043,12.655555555555553,11.449511365818667,-1.206044189736886,"Newton County, AR",Arkansas
1395,1396,2.4462043207689623,2.574551173081699,train,28003,37319,48.902703716605494,51.09729628339453,84.57622122779281,11.471368471824007,98.23178285843001,64.98479558508839,33.246987273341595,1.7682171415699968,14.760662066993172,81.90397883673542,3.335359096271404,23.945505184389788,48.50508372202275,27.549411093587466,55.475116702270746,28.37249782419495,16.1523854735343,21.1756993006993,44.08566170319558,22.365488002097997,20.452321409155157,5.0,21.308113841258614,67.52667837363232,42.87451033364852,8.003512089693368,17.438876131298123,36163.0,0.4459,19467.0,57.408535492887104,9.000686598839023,56.797472411740465,53.60909690177984,21.296762672283528,99.76928147659856,25.880305874811114,0.0,3.0493850317532623,11.444444444444445,29.91237707334065,26.190412390471344,33.208285323829685,16.632278464053165,3.952410300383183,11.544444444444444,13.125424792301729,1.5809803478572846,"Alcorn County, MS",Mississippi
1396,3113,2.4169053500233435,2.0569640637694224,train,56003,11895,50.45817570407735,49.54182429592265,95.03993274485077,0.05884825556956705,99.1652754590985,79.8998330550918,19.26544240400668,0.8347245409015025,15.345504968800554,81.3381095447192,3.3163854864802405,23.186720236836546,54.43011207443435,22.38316768872912,42.499685653212616,37.94794417201057,19.552370174776808,12.125387530141234,14.541213063763607,13.548218029350105,16.920836189170664,6.0,29.415737926376227,75.81830327321309,36.89601425072368,3.807615230460922,7.526163437987084,51679.0,0.3903,23812.0,62.579232453613,4.401473296500921,67.25406068035551,57.83356578335658,14.357952804167946,96.97814969781496,22.87771988967208,1.208740120874012,8.869272803699033,11.111111111111107,32.46742328709542,23.74106767549391,31.74443043295503,19.209751996637248,4.901218999579656,11.211111111111107,7.8221860675382,-3.3889250435729066,"Big Horn County, WY",Wyoming
1397,758,2.2902875651836396,2.259270823637266,train,18135,25596,48.784966401000155,51.21503359899985,97.13627129238944,0.3672448820128145,98.30089079511713,65.63840316727153,32.662487627845586,1.6991092048828769,16.144716892351127,79.96549380456945,3.8897893030794166,22.41763565891473,53.343023255813954,24.23934108527132,58.5338110675084,29.141784678382525,12.324404254109082,18.022398469570767,37.769533967076285,17.796505905511808,16.090815437039385,6.0,28.45053085090014,72.84642416183873,37.33497958020705,5.64156140184253,13.799981004843767,40810.0,0.4634,23000.0,63.126828249059756,7.496896979726935,66.00298994291927,64.29539295392954,16.159282413699373,99.52574525745257,21.670290839902147,0.0,3.1801844038130964,9.777777777777779,30.47741834661665,23.870917330832945,34.19674949210814,18.12392561337709,2.4964838255977493,9.877777777777778,9.576103951698359,-0.30167382607941917,"Randolph County, IN",Indiana
1398,2785,1.8440707637960658,1.7564821073933474,train,49031,1865,54.85254691689008,45.14745308310992,97.21179624664879,0.21447721179624668,100.0,85.10101010101009,14.898989898989901,0.0,10.0,88.25174825174825,1.7482517482517483,30.14230271668823,45.472186287192756,24.385510996119017,56.27836611195158,26.17246596066565,17.549167927382754,20.591456736035045,54.08560311284048,19.865884325230514,17.46987951807229,6.0,38.36477987421385,66.42728904847397,54.0394973070018,4.847396768402153,12.567324955116696,35980.0,0.4089,17493.0,47.55244755244754,6.3235294117647065,56.841046277665995,66.28440366972477,26.358148893360163,98.62385321100918,25.955734406438626,0.0,5.415549597855228,6.222222222222222,30.938337801608576,23.163538873994643,30.187667560321714,23.37801608579088,2.57372654155496,6.322222222222222,5.792025787836535,-0.5301964343856866,"Piute County, UT",Utah
1399,2894,2.1835512754360096,2.283652373633555,train,51171,42724,48.50903473457542,51.49096526542458,93.12798427113566,2.3757138844677463,98.73403664630762,68.42865074958357,30.305385896724037,1.265963353692393,13.886047770892244,83.06961073340953,3.044341495698213,23.46545866364666,53.275764439411105,23.258776896942248,55.00342365254818,25.95454693664612,19.0420294108057,12.170452661250208,24.135517289654214,11.404329235702832,13.947766843300528,6.0,30.433489920913356,73.39728591483387,38.582124473561066,4.0594291062236785,10.622367805334582,49406.0,0.41,25253.0,63.32291228281128,5.8533111796819375,73.22395667410005,67.75815550649988,11.49251353934374,97.76796664213884,18.32191780821918,0.44150110375275936,6.7549854882501625,8.777777777777779,26.820990543956555,24.159722872390226,35.071622507255874,19.68916768092875,4.4963018443965925,8.877777777777778,9.812453788385657,0.9346760106078786,"Shenandoah County, VA",Virginia
1400,3015,2.132192107065365,2.232025359522037,train,54061,101668,51.777353739623095,48.222646260376905,90.57717275839006,3.5970020065310617,99.35275080906149,71.45257654966393,27.90017425939756,0.6472491909385114,16.879938111120975,68.17161481782095,14.948447071058073,48.72019475791773,35.051874772479074,16.2279304696032,38.36930851678751,21.940182655942927,39.690508827269575,22.05183334914261,19.65811965811966,30.189706367535468,10.818482573887318,4.0,18.780530662449483,76.98663426488457,23.391386526258945,4.655056028081544,8.108545970028349,45467.0,0.5184,26314.0,60.99737532808399,5.777656078860898,78.7721067117203,68.23326299635525,11.390576886393983,97.61173988106657,12.498296863503828,0.0,2.038006058936932,8.333333333333334,24.83082189086044,46.94299091159461,26.4871936105756,10.555927135381829,5.825825235078884,8.433333333333334,9.318720739088242,0.8853874057549085,"Monongalia County, WV",West Virginia
1401,227,2.4169053500233435,2.392648876188135,train,6087,269278,49.65648883310186,50.343511166898146,80.54538432400716,0.9414062790127674,99.3576056545428,71.09409512590194,28.26351052864085,0.6423943454572227,12.304382713314528,76.46537592485933,11.230241361826137,38.968477537846155,41.99259818124188,19.038924280911967,29.88407263861255,31.87139883382595,38.2445285275615,15.097264531692154,20.64491380088456,17.058075262254214,9.250200555959776,3.0,16.419663329791398,80.18079787346258,27.956161262420625,4.58429147064408,8.710786692263877,67256.0,0.4709,33241.0,66.02603756607806,7.4988111208114185,72.46563502021469,62.406412402008286,13.650076676425483,96.57652896444405,16.42715739578977,0.6488740127425938,32.903542064335,11.111111111111107,28.664799946523665,33.087738322477136,33.78478746871263,12.81835129494426,18.51320939698007,11.211111111111107,10.94244075861675,-0.26867035249435745,"Santa Cruz County, CA",California
1402,1122,2.0640458562018624,2.141496602549073,train,22031,26965,48.00296680882626,51.997033191173756,58.086408307064715,37.99740404227703,98.30795262267344,48.63867097369636,49.669281648977076,1.6920473773265652,14.230598011574411,80.9170500074195,4.852351981006084,30.83487940630798,44.22541743970315,24.939703153988876,60.67000936690727,27.26321009422007,12.066780538872663,26.44513542876409,64.8851019881229,28.843347503331014,17.72232169501641,3.0,30.51344743276284,68.04959000390473,35.56228035923467,8.483014447481455,19.72862163217493,41468.0,0.4899,22513.0,56.40419559757719,9.088528025144054,61.70054536440258,57.51618316950372,18.895637084779374,98.89714696715416,22.93629152206247,0.02397506593143131,2.6960875208603743,7.777777777777778,30.547005377340998,25.99666234007047,34.300018542555165,15.542369738549972,3.916187650658261,7.877777777777777,8.51216743225925,0.6343896544814731,"De Soto Parish, LA",Louisiana
1403,1097,2.2204104848050292,2.3333071838322423,train,21221,14250,48.982456140350884,51.01754385964913,89.8877192982456,8.79298245614035,96.97637795275593,57.13385826771653,39.84251968503937,3.0236220472440944,13.465220165922144,84.72057616920412,1.8142036648737352,17.72434521253757,54.67582653499355,27.59982825246887,47.47672709456149,34.92405683488486,17.59921607055365,17.829125659677647,47.644749754661426,16.121889498102064,16.29959056896795,3.0,42.27112197772345,67.50914532756903,43.06617891586298,7.5656800798137676,12.869970069837048,44083.0,0.4661,26001.0,54.5603495357728,7.991324657991325,63.82556987115957,66.19766643788607,21.15956392467789,98.14687714481813,20.713577799801786,0.3431708991077557,1.6491228070175439,9.111111111111107,28.133333333333336,20.61754385964912,36.31578947368421,20.750877192982454,1.3192982456140352,9.211111111111105,10.311988844436545,1.10087773332544,"Trigg County, KY",Kentucky
1404,1090,3.100592664170135,2.8808899266580905,train,21207,17669,48.921840511630535,51.078159488369465,96.53630652555323,0.27732186315015,99.14701455092823,56.47265429001506,42.674360260913204,0.8529854490717512,17.15450166728418,79.6369025565024,3.2085957762134125,22.74888143176733,47.371364653243845,29.879753914988807,61.815096169387424,25.79602392112493,12.388879909487633,25.759843426203084,57.42411812961444,29.400516301749693,20.639087018544934,6.0,22.246599385695482,58.822695035460995,42.76595744680851,14.836879432624116,21.375886524822697,30720.0,0.4548,17010.0,49.60839367518842,11.766458147155195,51.43763823444562,58.6921850079745,31.810751033753238,98.88357256778308,21.300125012020388,0.0,3.5372686626294643,22.11111111111111,28.077423736487642,23.662912445526057,35.36136736657423,18.365498896372173,3.1863716112966216,22.211111111111116,17.8301336324824,-4.380977478628715,"Russell County, KY",Kentucky
1405,361,2.376454941560501,2.4686931452868253,train,12095,1229039,49.1396936956435,50.8603063043565,64.47102166814885,20.809266426858716,99.31981290391687,60.48666404827364,38.83314885564325,0.6801870960831221,12.680460091354512,78.57372116787046,8.745818740775029,38.6386050612927,39.71351211291596,21.647882825791346,38.51221123757994,30.38235697455525,31.10543178786481,17.75589024704109,34.16763932409591,18.24993956973652,10.160500298226905,1.0,20.011359353572548,83.52570345759683,22.55899465600169,4.836997690637527,16.09324022204877,47943.0,0.4798,25411.0,70.42023411121244,8.80343305988142,65.21386892636419,50.8254059308125,11.733813091579895,94.06440715776726,25.453657622286574,2.973373488216454,28.715687622605948,10.666666666666666,29.801495314632,34.94331750253654,31.705910064692826,10.471433371927173,14.719711904992435,10.766666666666664,11.807006722457308,1.0403400557906437,"Orange County, FL",Florida
1406,801,1.437726534752161,1.4950621186526265,train,19037,12244,50.22051617118589,49.779483828814115,98.08069258412284,0.5472067951649787,99.75978037062455,70.28140013726836,29.47838023335621,0.24021962937542896,16.41121086052113,82.00131377271731,1.5874753667615502,21.915716612377853,58.77442996742671,19.30985342019544,53.50606132636083,31.5188970763014,14.975041597337773,8.826935804103242,13.002733307301837,8.67612293144208,13.684384285242656,6.0,35.689766144604164,75.0941265060241,35.956325301204814,2.61671686746988,10.843373493975903,47040.0,0.43,26981.0,67.67457037198173,3.825136612021858,81.29672225416907,72.11796246648794,14.979873490511787,99.77658623771224,8.309373202990225,0.0,2.270499836654688,4.111111111111111,30.235217249264952,22.345638680169877,34.70271153217902,19.086899705978443,1.3721006207121855,4.21111111111111,4.459613569429956,0.24850245831884532,"Chickasaw County, IA",Iowa
1407,1519,2.4932054526026954,2.619869896849872,train,29085,9335,49.21264059989289,50.787359400107114,96.74343867166576,0.1713979646491698,96.63814180929096,69.68215158924205,26.955990220048896,3.3618581907090466,15.512028394899435,80.46536085184698,4.022610753253582,16.292343963270874,56.098771559746865,27.60888447698225,59.575648315074176,30.16225211482457,10.262099570101233,26.018910987936092,77.84026996625421,28.759716120310927,25.6969958936676,6.0,43.26360919838898,55.176613885505475,57.24725943970768,7.2838002436053575,18.36784409257004,32122.0,0.41600000000000004,18153.0,45.03806773431347,12.299621101719616,51.048506672315185,58.16361753538144,25.10061427663631,99.58577839143942,31.349290404575306,0.0,1.3926084627745046,12.0,23.128012854847345,15.650776647027314,35.329405463310124,31.49437600428495,3.085163363685056,12.1,13.733936640416307,1.633936640416307,"Hickory County, MO",Missouri
1408,1244,2.8127438277723327,2.395363298172044,train,26039,13895,50.55055775458798,49.44944224541202,96.25044980208708,0.4605973371716445,99.18541505042671,67.300232738557,31.885182311869663,0.8145849495733126,15.458066840825152,82.35294117647058,2.1889919827042608,22.78448931317057,53.20604882994002,24.00946185688941,47.9176732051406,34.93091119914968,17.151415595709732,15.156832638736565,24.816446402349488,16.379039849388143,20.702982571282732,6.0,41.75093134646089,63.352368155861605,47.413503527040646,8.431306684581793,20.372858582465568,41743.0,0.4035,22595.0,52.13291423439605,11.52454780361757,63.58331263968214,75.10548523206752,28.445492922771287,98.86400519311913,14.526943133846535,0.0,1.6768621806405184,16.555555555555557,24.75710687297589,18.625404821878373,39.80568549838071,22.813961856783013,3.288952860741274,16.655555555555555,10.972183509295453,-5.683372046260102,"Crawford County, MI",Michigan
1409,2217,1.9443215863701753,2.394865314838051,train,41031,22061,51.28054032002175,48.71945967997825,70.8898055391868,0.9745705090431078,99.46524064171123,53.162456205052564,46.302784436658676,0.53475935828877,11.600429645542429,85.13300056864853,3.2665697858090605,29.69924812030075,44.406470722260195,25.89428115743905,45.533842720941244,38.501589018865374,15.964568260193387,20.50148186479748,47.06524706524707,19.900271985494104,16.948356807511736,6.0,33.233155015928354,73.80395215808633,37.25949037961519,5.135205408216328,23.972958918356728,46366.0,0.414,21341.0,58.975812547241105,14.215529210723062,57.148682815431044,64.45366528354079,23.05684691297611,97.3997233748271,24.45151292716744,0.7192254495159058,19.595666560899325,6.8888888888888875,31.349440188568057,25.52468156475228,33.05833824395993,16.830606046870038,28.135623951770093,6.988888888888887,10.966720905026142,3.9778320161372545,"Jefferson County, OR",Oregon
1410,1352,1.2653814324545796,1.4372049825573756,train,27089,9453,50.70348037660003,49.29651962339997,97.56690997566908,0.2644663069924892,97.89087574507109,74.55295735900962,23.33791838606144,2.1091242549289317,16.766634119124006,81.21076858697168,2.02259729390431,23.456305599162736,57.98011512297226,18.563579277864992,48.63189720332578,32.698412698412696,18.66969009826153,7.8806098346575055,9.652309289050336,8.236885615511799,12.519978689397972,6.0,26.503371404981426,78.6689843555997,34.54184256270176,3.973181028060592,6.530916314874598,54092.0,0.3914,27863.0,67.7361111111111,4.613491900758663,78.8440163023342,68.31298557158712,13.690255650240829,98.16870144284128,11.393108558725453,0.05549389567147614,4.030466518565535,3.4444444444444446,29.218237596530205,22.691209139955568,34.571035650058185,19.62339997884269,2.168623717338411,3.5444444444444447,4.2089153695153225,0.6644709250708778,"Marshall County, MN",Minnesota
1411,557,1.1314021114911006,1.6983311205874292,train,16025,1052,51.1406844106464,48.859315589353606,93.44106463878326,0.0,100.0,60.98484848484848,39.01515151515152,0.0,18.274111675126907,78.42639593908629,3.2994923857868024,17.328519855595665,52.827918170878455,29.843561973525876,40.77134986225895,40.90909090909091,18.319559228650135,21.76806083650191,38.94736842105263,24.48657187993681,17.110266159695815,5.0,47.588832487309645,81.14942528735631,31.95402298850575,4.597701149425287,9.655172413793103,42614.0,0.493,24588.0,66.24365482233503,5.938697318007662,53.71900826446282,42.622950819672134,13.057851239669422,100.0,37.52066115702479,0.0,11.311787072243344,3.0,32.41444866920152,22.338403041825096,35.17110266159696,17.395437262357415,6.5589353612167285,3.1,5.464819652286385,2.364819652286385,"Camas County, ID",Idaho
1412,2402,1.4637696732881809,1.4712032930775558,train,46095,2086,49.95206136145733,50.04793863854267,39.35762224352828,0.0,100.0,46.28571428571429,53.714285714285715,0.0,12.426035502958579,83.50591715976331,4.068047337278107,38.095238095238095,38.84353741496599,23.061224489795922,54.231717337715686,30.484798685291704,15.283483976992605,45.25798525798525,261.37566137566137,46.16216216216216,16.764132553606238,6.0,20.779220779220786,78.51851851851852,28.44444444444445,11.851851851851851,35.7037037037037,30938.0,0.4619,14123.0,61.316568047337284,10.735826296743063,42.66180492251596,55.29411764705882,26.98268003646308,96.07843137254902,34.913400182315414,0.0,4.506232023010546,4.2222222222222205,40.843720038350895,24.832214765100673,27.996164908916587,13.61457334611697,60.64237775647172,4.322222222222221,4.354471695523671,0.03224947330144978,"Mellette County, SD",South Dakota
1413,150,2.47466924069478,2.4422057518319447,train,5083,22001,50.09772283078042,49.90227716921958,93.16394709331394,1.8499159129130496,97.46529873264936,66.3850331925166,31.08026554013277,2.5347012673506337,13.827838827838828,82.78388278388276,3.3882783882783882,22.916318690496073,49.306831468181066,27.776849841322864,61.21160297309741,26.165888311517467,12.622508715385122,19.343133606252326,37.71606687446869,20.472155840393945,20.40638072909484,6.0,32.00966240499617,67.31327680334533,39.33093274480196,8.107794168893019,16.076199326286446,35325.0,0.4639,20011.0,55.41347992351815,7.8067716195816255,62.1839530332681,58.62156021206765,23.632093933463803,98.33375410249936,20.15655577299413,0.0,2.5498840961774465,11.777777777777779,29.82591700377256,23.612563065315214,34.69842279896368,18.885505204308892,4.986136993773012,11.877777777777776,11.498375354092076,-0.37940242368570054,"Logan County, AR",Arkansas
1414,1088,2.943854012785326,2.947286462420048,train,21203,16942,49.06740644552002,50.93259355447999,97.81607838507851,0.19478219808759292,99.73474801061009,70.07957559681698,29.65517241379311,0.2652519893899204,13.576494427558258,84.70111448834851,1.7223910840932115,21.798857638637838,52.38232954956258,25.818812811799567,67.33502538071066,22.87648054145516,9.78849407783418,24.72146943691659,46.31372549019608,29.386934673366827,23.894496515260755,5.0,24.916413373860184,64.02356139555958,39.91844132306298,13.200422896843376,25.419120978704125,31555.0,0.4652,16963.0,51.523158221945906,10.935143288084465,60.268247643114,50.60100814269097,28.58392457964817,97.67351686700272,16.357274759451844,0.4265219077161691,0.6079565576673356,18.88888888888889,28.42049344823516,25.27446582457797,36.25309880769685,16.184629913823635,1.989139416833904,18.988888888888894,19.05417928251051,0.06529039362161626,"Rockcastle County, KY",Kentucky
1415,391,2.25595925165399,2.016167451533632,train,13021,154816,47.15985427862754,52.84014572137247,42.947757337742864,53.09076581231915,99.66162111897505,44.81841194399959,54.84320917497546,0.33837888102495217,17.21156394812127,78.22208410642635,4.566351945452385,39.52146837102589,35.00655522779417,25.471976401179944,49.410711771686,26.79250216206432,23.79678606624968,27.40357364571244,74.27455610553562,28.347202094338737,14.624804016909124,4.0,27.12415474811061,71.23321251597766,32.501619652956535,7.860132023603159,23.69420952180841,36519.0,0.5201,21591.0,60.547413754749385,12.039091777500186,61.169208739233255,61.01183109747043,17.711700765876202,96.3219642591951,24.49935996181467,1.5395277461511807,3.134688921041753,9.444444444444443,32.564463621331136,29.68556221579165,31.531624638280288,13.530255270773045,3.9614768499379913,9.54444444444444,7.509489230409492,-2.034955214034949,"Bibb County, GA",Georgia
1416,2291,2.6461747973841225,2.4237766427871055,train,42107,146360,50.916233943700455,49.083766056299545,94.23408034982236,2.761000273298716,98.42870054925957,65.86942918723493,32.55927136202461,1.5712994507404574,15.884045382986807,81.76266217903479,2.353292437978394,29.96652740110924,46.94796680430338,23.08550579458737,60.270543900106865,24.344263831861557,15.385192268031574,13.137636835409374,24.33027846316532,12.99603679969028,17.131194500143227,5.0,33.014012131936944,70.72445947330671,39.8691805854425,6.501690747002767,14.982750964921268,45535.0,0.4201,23682.0,61.79141901094044,8.560794044665013,74.19309089619799,73.05407463823306,17.213666930613506,98.36252856054837,13.024003403732287,0.297029702970297,3.4176004372779447,14.0,25.274665209073518,25.03552883301449,36.4382344902979,18.860344356381518,3.0049193768789286,14.1,11.288411209424428,-2.8115887905755717,"Schuylkill County, PA",Pennsylvania
1417,2997,2.832559535598797,2.6573425748866706,train,54025,35666,48.89250266360119,51.10749733639881,94.14288117534909,2.2991083945494317,98.6741605418648,64.80760916558582,33.86655137627901,1.325839458135178,16.82652879301123,79.07648422178642,4.096986985202354,24.116604820646554,49.63059539330726,26.2527997860462,59.16766029462672,22.76626024077849,18.0660794645948,18.710601719197708,32.0139697322468,21.01998621640248,19.12373340944769,6.0,37.22902921771913,67.52721820196884,43.79033835321729,7.210378773062128,17.641306473694502,39746.0,0.4512,22340.0,53.473804100227795,7.0686900958466445,63.215922107674686,68.74300111982082,22.016991218022145,98.23628219484884,19.196258113783887,0.0,1.3486233387539954,16.88888888888889,25.07710424493916,23.71446195255986,35.92216676947233,20.683564178769696,3.558010430101498,16.988888888888887,14.258348215854692,-2.730540673034195,"Greenbrier County, WV",West Virginia
1418,3008,3.4826066764974684,3.473523568431877,train,54047,20802,50.3365061051822,49.66349389481781,89.35679261609461,9.157773291029708,99.80227385071676,53.18833415719229,46.613939693524465,0.1977261492832427,15.441176470588234,80.20510835913313,4.3537151702786385,27.037887485648678,42.910447761194035,30.05166475315729,79.42040336792638,15.468964166829839,5.110632465243783,35.47777210015329,101.4014014014014,46.260231442280556,32.224489795918366,6.0,24.03869118700741,44.65770171149144,50.08557457212714,18.190709046454767,30.085574572127147,24921.0,0.4757,14874.0,34.18885887044899,13.057384760112887,37.66472060050041,59.055118110236215,42.919099249374476,98.05961754780651,24.361968306922435,0.9842519685039368,1.1585424478415536,32.44444444444444,24.48322276704163,24.92548793385252,37.95788866455149,17.628112681472935,1.485434092875685,32.544444444444444,32.250178187872834,-0.29426625657161054,"McDowell County, WV",West Virginia
1419,1310,1.8786165133213217,1.7783679500111476,train,27005,33138,50.09656587603357,49.90343412396643,87.75725752912065,0.5160239000543183,99.36219796393965,71.31117380105479,28.051024162884822,0.6378020360603458,14.626682986536107,82.04814361485107,3.3251733986128107,25.34218009478673,55.927962085308074,18.729857819905213,41.840875011025844,35.79871218135309,22.360412807621064,12.759562003496606,20.41829671983148,12.859567830435381,11.953700027486795,6.0,36.63782744532564,75.67467925084794,35.746939979354075,4.062822592537973,11.458486948827606,52038.0,0.4242,26399.0,65.39650264335097,3.5010260555935577,70.03966127130454,67.91975724881996,20.779290384821525,98.465947403911,13.356201093364776,0.2360080917060013,1.7562918703603114,6.4444444444444455,30.84072665821715,23.13959804454101,33.48119983100972,18.74886836864023,11.726718570825033,6.544444444444445,5.920186489539479,-0.6242579549049658,"Becker County, MN",Minnesota
1420,2934,2.5640942911418034,1.688360059961462,train,51735,12077,48.952554442328385,51.047445557671615,94.28666059451851,0.9853440423946344,100.0,84.91862567811934,15.08137432188065,0.0,11.089515171147823,85.71428571428571,3.1961991145664617,23.72351160443996,58.82946518668012,17.44702320887992,33.38481644291315,29.48794107164073,37.12724248544612,4.1742890404124395,4.774535809018567,4.231851435002814,10.12817290776577,2.0,39.03285265098124,78.13442481688926,32.44291253769927,1.7880224041361483,3.3390779836277464,83735.0,0.3943,38428.0,66.87745311818578,4.5158134985327685,89.08707865168539,73.9766081871345,5.463483146067415,98.68421052631578,8.286516853932584,0.0,2.2522149540448786,12.888888888888893,30.645027738676824,22.033617620269933,37.691479672104,17.380144075515446,4.72799536308686,12.98888888888889,5.410600365337404,-7.578288523551486,"Poquoson city, VA",Virginia
1421,1889,2.638263363714082,2.539892979573602,train,37011,17695,54.66515964961853,45.33484035038146,89.33031929923708,4.170669680700764,99.74937343358394,77.4078052273541,22.341568206229862,0.2506265664160401,14.737354085603116,82.88748378728924,2.3751621271076524,26.91433396116126,50.029226472689466,23.056439566149248,50.914937600490006,30.17379986218513,18.91126253732486,15.415901338231436,19.41000427533134,17.963050686878262,20.37107637565129,6.0,25.17015971426646,70.22496691662991,39.83237759153066,5.881488016468166,17.041611527716512,37777.0,0.4916,21298.0,55.5813055233681,6.7824878387769285,60.390223434385824,58.73388042203986,12.72422112661282,99.56037514654163,29.47655512430505,0.0,4.696241876236225,13.888888888888893,22.124894037863804,28.889516812658943,35.32071206555524,19.689177733823115,6.499011020062166,13.98888888888889,12.67831405964989,-1.310574829239,"Avery County, NC",North Carolina
1422,1787,1.9120085973796321,1.927984946158958,train,34039,548744,48.704496085606394,51.295503914393606,57.86687417083376,21.30720335894333,99.7219852537932,66.50569739808665,33.21628785570654,0.2780147462068125,11.343782837554825,84.13825722944294,4.5179599330022455,37.04860739793538,43.2997877137936,19.651604888271013,44.03813857738773,23.34308467414269,32.61877674846958,10.894957432633195,18.18380048153364,10.46819835384764,9.192705223023566,1.0,12.454708733091461,81.51201826238754,25.954075466630854,4.4619309789176835,9.891231368336245,69594.0,0.4905,35308.0,71.19259921370279,9.467570381560947,68.91225992930647,56.10903495273686,11.904430243828829,93.40660951124792,21.21792527845008,2.607166410200044,29.436130508944068,6.666666666666668,30.515504497543482,28.59475456679253,34.50370300176403,12.92278366597175,20.82592247022291,6.7666666666666675,6.875641485344133,0.10897481867746528,"Union County, NJ",New Jersey
1423,1171,2.25595925165399,2.420556833891288,train,23001,107393,48.97619025448586,51.02380974551414,92.46692056279274,1.4116376300131293,98.39753075979874,60.771214747790786,37.62631601200796,1.6024692402012601,16.257288177645453,78.8487780672373,4.893933755117232,29.01539620401968,47.536493226355006,23.44811056962531,48.59771419307774,31.071843505984717,20.33044230093756,15.689665110381002,30.72449037212717,15.546800279788165,16.183064038575413,4.0,34.30047599684264,75.79532216148401,31.237118021328076,6.846491621113003,22.329509812707233,47537.0,0.4321,25011.0,67.84937137330755,6.831180400890869,68.57202711397747,64.31313322006167,23.1591075730596,96.8472720407778,12.891110146792558,0.0,1.7012281992308624,9.444444444444443,28.490683750337553,27.1768178559124,35.37940089205068,15.349231327926402,6.121441807194137,9.54444444444444,11.252123134276644,1.7076786898322034,"Androscoggin County, ME",Maine
1424,3068,2.1709566505156093,2.1044036435250497,train,55057,26494,52.91009285121161,47.089907148788406,94.32701743791048,2.3477013663470974,98.91782831988262,68.67204695524578,30.245781364636827,1.0821716801173882,15.495439469320068,80.33789386401327,4.166666666666666,28.033986096596852,46.11749738743242,25.848516515970736,56.78664580073031,30.876369327073554,12.33698487219614,14.310358661638448,24.69597754911132,14.698823391675935,17.528413638546503,6.0,36.23506927854754,71.43429487179486,40.484775641025635,5.879407051282049,17.077323717948715,44961.0,0.4191,22363.0,62.08785582633626,6.8607240042879525,68.10006761325221,67.48207507380853,24.14469235970251,98.54491775622101,13.901284651791752,0.3374103753690426,2.8572506982713066,8.666666666666666,26.20970785838303,23.91484864497622,36.6913263380388,18.78915980976825,3.325281195742432,8.766666666666667,8.202210109676736,-0.5644565569899314,"Juneau County, WI",Wisconsin
1425,633,1.9600947840472698,1.9503911176119912,train,17089,524886,49.76109097975562,50.238909020244385,72.70493021341777,5.545204101462033,99.39417912312113,73.99064551498245,25.40353360813868,0.6058208768788774,9.588321557125717,86.32155712571657,4.090121317157712,30.350158086585086,51.61194059298499,18.03790132042992,40.80596398998825,27.59003250530043,31.60400350471133,11.384244528010795,21.351651164775152,9.93523736076909,8.051218647267987,2.0,18.35586829275989,83.85948434302149,25.24713153485352,3.2241606224525885,11.423999443410509,70696.0,0.4382,31056.0,71.94804300072339,7.239875664766282,73.41057802276093,63.813690797845446,10.675828536788096,94.90473617236393,17.906268944010094,1.4869175658479612,31.198393555934054,7.0,34.931394626642735,28.11277115411727,33.13100368460961,11.228152398806596,21.749865685120202,7.1000000000000005,7.031437161761006,-0.06856283823899467,"Kane County, IL",Illinois
1426,1430,1.8786165133213217,1.9316860829179994,train,28071,51169,48.69940784459341,51.3005921554066,71.99867107037464,24.022357286638393,100.0,62.119419042495956,37.88058095750404,0.0,14.048008728859795,68.07692307692308,17.875068194217132,47.86976099757534,34.17850132779125,17.951737674633414,31.73420113373925,29.93211561340892,38.333683252851856,25.83284502029212,34.21926910299003,34.985872078088875,10.560860368107864,5.0,14.708410947127097,80.0969193492558,27.81816083996769,4.517133956386292,8.405445944386754,44643.0,0.5245,23227.0,59.32958728928502,8.380960156760286,79.04314727863752,67.53541076487252,10.327008029339039,98.75354107648724,14.169421832022893,0.0,2.3217182278332587,6.4444444444444455,31.04223260177061,45.5177939768219,25.378647227813712,10.93826340166898,3.9789716429869646,6.544444444444445,6.9011363256295715,0.3566918811851263,"Lafayette County, MS",Mississippi
1427,2508,2.48398029492787,2.516715400423063,train,47175,5596,49.874910650464614,50.12508934953538,97.05146533238027,0.5539671193709792,99.72552607502287,73.55901189387009,26.166514181152788,0.2744739249771272,11.721944570649704,85.46115402089958,2.8169014084507045,19.664115646258505,50.063775510204074,30.27210884353741,70.40642492090534,16.98710148454612,12.60647359454855,17.979981801637855,42.13263979193759,17.76350989834136,22.474977252047314,6.0,32.04530313124583,68.56600189933522,43.63722697056031,6.600189933523266,17.663817663817664,40439.0,0.4236,20351.0,56.04270786006362,10.8633968382651,55.94489368074274,59.9247412982126,24.22881102126385,97.55409219190969,21.47349505840072,0.0,1.143674052894925,11.888888888888893,26.0543245175125,23.355968548963546,37.34810578984988,19.76411722659042,2.394567548248749,11.988888888888894,12.387840670435006,0.39895178154611166,"Van Buren County, TN",Tennessee
1428,254,2.3555991282796627,2.441558357507314,train,8027,4303,49.91866139902393,50.08133860097607,93.98094352777132,3.1373460376481535,89.9736147757256,70.05277044854881,19.92084432717678,10.026385224274406,17.857142857142858,81.09410430839003,1.0487528344671202,17.680608365019012,63.7153720803911,18.604019554589893,25.18540492435479,39.33550875111243,35.47908632453278,17.44489215453899,32.37547892720307,19.148936170212764,15.445636957536163,6.0,61.18476727785613,64.07815631262524,52.905811623246485,4.509018036072145,9.218436873747494,35000.0,0.447,22661.0,45.23809523809525,14.160401002506266,49.00690846286701,70.62706270627062,25.690846286701213,99.75247524752476,34.62867012089811,0.2475247524752475,2.6957936323495235,10.444444444444443,22.100859865210317,14.292354171508247,39.9256332791076,28.166395537996745,2.8817104345805253,10.544444444444443,11.490933780221619,0.9464893357771764,"Custer County, CO",Colorado
1429,2038,1.928295602354331,2.21024078481911,train,39003,105196,50.360279858549745,49.63972014145026,83.54500171109167,12.058443286816988,99.23614496993338,57.87420770355924,41.361937266374134,0.7638550300666341,14.928801701972144,80.2406776563948,4.830520641633059,32.13059027654828,44.36457632520095,23.50483339825077,50.36902496684541,32.27526956120625,17.355705471948337,17.466374787993537,33.86929176920974,17.61090897972911,14.569039451114929,4.0,29.04838288506733,73.82833991897165,33.079077677187016,6.389736407742713,16.920922322812984,44103.0,0.4497,22922.0,65.93350186713207,8.841961852861036,70.09333803765597,69.44069864509086,18.717323668088657,97.46355872343159,14.951727234820542,0.10274192512682204,2.6740560477584703,6.777777777777778,30.523974295600595,28.47161489030001,32.58108673333587,15.467318148979047,4.3965550020913335,6.877777777777777,9.117911583436717,2.2401338056589397,"Allen County, OH",Ohio
1430,858,1.2006339030604214,1.5920176249958644,train,19151,7127,49.78251718815771,50.21748281184229,96.50624386137224,1.3610214676582009,99.6819338422392,76.59033078880407,23.09160305343511,0.3180661577608142,21.19303445720637,78.04742497221193,0.7595405705816971,22.241261137765584,54.31802604523647,23.440712816997948,46.22846960997823,36.329439714907934,17.44209067511384,14.178997270507107,23.851030110935024,14.558573853989813,12.487440792306588,6.0,34.39077144917087,76.25899280575541,35.87738504848295,4.097591492023772,14.763841101032215,45069.0,0.4382,26406.0,66.6728452270621,4.948568251320545,76.44659699209788,69.97282608695652,16.161101198062706,98.02989130434784,12.362987509559007,0.0,3.2552266030587904,3.2222222222222223,27.37477199382629,21.07478602497544,34.44647116598849,22.365651746878076,2.1327346709695525,3.3222222222222224,4.9136528425705785,1.5914306203483561,"Pocahontas County, IA",Iowa
1431,1275,2.6302888397953126,2.467178748961584,train,26101,24536,51.817737202477986,48.18226279752202,91.77535050537985,3.1830779263123574,98.62550698512844,63.04641730509238,35.579089680036056,1.3744930148715635,17.421602787456447,79.67300991691235,2.9053872956311984,27.11306256860593,49.00491576385243,23.882021667541643,47.60853974733823,32.7136315992718,19.67782865338997,16.933183507649755,41.4181577203446,16.467102826811505,19.325206043956047,6.0,38.998505231689094,64.34628278446067,44.389666732399924,5.866692959968447,17.067639518832582,41395.0,0.4261,22647.0,53.6710875331565,11.386774735593555,64.58689670558488,80.30723672034054,21.744627054361573,99.1486211364057,17.79579088272477,0.12955765315565426,2.832572546462341,13.777777777777779,23.924029996739478,22.094065862406264,37.18617541571569,22.599445712422565,5.041571568307793,13.877777777777778,11.78913976710515,-2.0886380106726286,"Manistee County, MI",Michigan
1432,1606,2.5203810379816605,2.3858818790958436,train,30029,93333,49.910535394769276,50.08946460523074,94.93641048718031,0.3075010982182079,98.2526305765843,73.83230967004714,24.42032090653716,1.7473694234157024,15.026773291358055,80.76960915210883,4.203617556533104,23.22669826224329,54.006055818852026,22.767245918904685,35.62060386399238,35.30577141628529,29.07362471972234,13.346708599934932,22.22750505170569,13.581812705106454,10.934012013501713,5.0,34.75245057318491,75.76402738101655,31.838516681938234,4.546434538888589,9.424351856842561,47851.0,0.4531,26388.0,64.83568599006864,6.903747687276796,68.64185784261903,67.08394698085422,11.611516368890298,97.90467264694072,24.12517179405857,0.5623242736644799,2.5500091071753825,12.333333333333336,28.857960207000747,24.965446305165376,36.0065571662756,16.427201525719735,4.756088414601481,12.433333333333337,10.868643269131544,-1.564690064201793,"Flathead County, MT",Montana
1433,1842,1.3261904370501851,1.7329613692034347,train,36041,4760,50.54621848739495,49.45378151260505,95.25210084033613,0.5042016806722689,100.0,72.72727272727273,27.27272727272727,0.0,10.997180210202513,80.51781594462958,8.485003845167906,36.66666666666666,36.49880095923261,26.834532374100718,41.652566271855605,33.869148336153415,24.478285391990976,12.872542802790107,15.756630265210607,14.593507612754955,17.081925675675677,6.0,45.99850411368736,61.264534883720934,55.595930232558146,4.578488372093024,7.630813953488371,48243.0,0.4332,26968.0,51.95586760280842,9.797297297297296,68.49166062364031,80.65040650406505,19.978245105148662,95.93495934959353,17.295141406816533,0.3252032520325203,1.3235294117647058,3.6666666666666665,23.088235294117645,21.72268907563025,36.72268907563025,25.840336134453782,4.2436974789915975,3.7666666666666666,5.657382725075621,1.8907160584089544,"Hamilton County, NY",New York
1434,333,2.436533065503785,2.389955010971417,train,12041,16992,52.64830508474576,47.35169491525424,91.59016007532956,6.102871939736347,99.6947496947497,75.3052503052503,24.38949938949939,0.3052503052503053,14.340743118529813,82.34491613835166,3.3143407431185286,28.904494382022467,45.97612359550562,25.11938202247191,55.90369976987078,32.66064790228359,11.435652327845638,22.84734569469139,54.36660268714012,24.488376713689647,21.685222672064786,3.0,38.73051224944321,68.80556004525619,41.797316954905455,7.354129626636496,17.472118959107807,40623.0,0.4709,21436.0,55.52629478892347,10.46277665995976,54.27114322141946,49.31067649887785,19.634509137271568,97.85187560115422,30.174245643858903,1.0580314203270278,5.084745762711865,11.333333333333336,29.231403013182675,27.04802259887005,33.04496233521657,19.17961393596987,2.3069679849340865,11.433333333333337,10.913002966595391,-0.5203303667379462,"Gilchrist County, FL",Florida
1435,1589,1.410986973710262,1.6756816691632423,train,29227,2082,49.03938520653218,50.96061479346782,97.40634005763687,0.0,100.0,82.25806451612904,17.741935483870968,0.0,15.974842767295597,83.64779874213836,0.37735849056603776,17.828106852497093,57.375145180023225,24.796747967479682,54.152599594868356,28.35921674544227,17.488183659689398,14.525691699604742,27.27272727272727,14.47084233261339,14.589515331355093,6.0,34.629404617253954,70.66666666666667,39.22222222222223,4.2222222222222205,10.222222222222225,45952.0,0.41100000000000003,23815.0,62.720403022670034,3.815261044176707,73.05336832895887,68.98876404494382,9.79877515310586,97.97752808988764,18.022747156605426,0.0,1.3928914505283378,4.0,26.80115273775216,21.37367915465898,33.81364073006724,23.96733909702209,2.5936599423631126,4.1,5.342435681773636,1.2424356817736362,"Worth County, MO",Missouri
1436,160,2.0640458562018624,2.020561261192107,train,5103,25044,47.077144226161955,52.922855773838045,57.151413512218504,40.18527391790449,99.93025283347865,52.78116826503923,47.149084568439406,0.06974716652136008,18.371122033719143,79.43554780402728,2.193330162253581,26.067637620340648,46.16637867193285,27.765983707726487,57.16595449820996,26.781383531585625,16.05266197020441,24.118076392831068,63.23738956967797,24.524827359421238,20.938818565400844,5.0,28.45123091305703,67.30477634571646,40.248294162244115,8.984078847611828,19.560272934040945,31293.0,0.4693,19810.0,59.03416904686343,7.965236089956098,64.46202100095458,57.1933962264151,24.976135278876313,99.24528301886794,17.414427928542207,0.0,1.960549432997924,7.777777777777778,28.69349944098387,24.149496885481554,35.15412873342916,17.76872704040888,2.6633125698770166,7.877777777777777,7.542557090462265,-0.3352206873155126,"Ouachita County, AR",Arkansas
1437,2323,1.789905900578732,1.9082949356974697,train,45027,34178,49.03446661595178,50.96553338404822,48.44051729182515,48.94961671250513,99.30683264959684,49.03098033668128,50.27585231291553,0.6931673504031687,15.342896443309098,81.6073884849676,3.049715071723325,34.385469934755776,40.60659495679774,25.00793510844648,57.11315711315711,28.55869998727141,14.328142899571473,25.191334403160106,59.500693481275995,28.06427316093397,22.45680792954245,6.0,28.45047509890191,62.350885191094896,42.92227034419877,10.325963072714838,27.452321252184486,33162.0,0.4888,18535.0,52.88974278544541,16.005634220475944,54.22838533459397,57.45437673987009,26.389326609938017,98.5307763686978,25.722239731064192,1.2527064645839776,2.8556381297910938,5.8888888888888875,27.301187898648248,26.02843934694833,33.96336824858096,19.14389373281058,2.609865995669729,5.988888888888888,6.741584158751627,0.7526952698627394,"Clarendon County, SC",South Carolina
1438,184,2.145281299175379,2.1612623352265175,train,6001,1584983,49.00361707349543,50.99638292650457,44.70445424335781,11.664667696751321,99.43913864796738,71.33115383040816,28.10798481755923,0.5608613520326107,11.820217252776407,79.83018810225741,8.349594644966183,36.499167812097454,44.09871236363721,19.402119824265352,31.53025712582712,25.51536409907077,42.95437877510211,12.500200695272648,17.880322249482347,13.325265814213285,9.484596889060356,1.0,14.22438089739134,82.79552769959939,23.36506789143811,5.78182058911411,8.636320532754107,75619.0,0.4702,37285.0,68.48314926331358,8.128473985750427,73.7914422914653,58.40449007003743,14.994016661297008,93.53672966836164,13.622643101517312,1.5515899666336204,22.597592529383594,8.444444444444445,27.6977103224451,32.4477297232841,33.782696722930154,12.109467420155294,43.63087805989086,8.544444444444444,8.682090452578205,0.1376460081337605,"Alameda County, CA",California
1439,492,2.5203810379816605,2.4586751051442945,train,13227,29740,50.13449899125757,49.86550100874243,95.34633490248821,1.44586415601883,99.76840363937141,73.73035566583955,26.038047973531853,0.2315963606286187,9.444539541252995,86.38308798356728,4.172372475179733,18.012347173465677,60.327643949481505,21.66000887705282,47.40696111600314,27.478333410576077,25.114705473420766,11.598629067833992,23.11320754716981,10.819362455726091,16.041129360662413,2.0,36.50706370019457,73.25004430267587,40.5103668261563,5.2365762892078696,15.771752613857874,54123.0,0.444,27720.0,58.2931306835162,8.136809726087593,70.75785790869591,69.58961767800773,12.375148129338074,98.1760785689232,21.245979346538004,0.0,3.0733019502353733,12.333333333333336,25.84398117014122,23.147276395427035,36.943510423671825,19.549428379287157,3.2078009414929385,12.433333333333337,11.689314163848428,-0.7440191694849094,"Pickens County, GA",Georgia
1440,2709,2.232401036136941,2.1928451331107235,train,48387,12567,48.53982652980027,51.46017347019973,79.0562584546829,17.569825734065407,99.64884900507221,61.95864221615295,37.69020678891923,0.351150994927819,17.83198938450546,78.03409206900072,4.133918546493826,24.090170980991502,45.32429076320565,30.585538255802845,59.668999222481396,27.20204376319005,13.128957014328554,18.82247992863515,31.979166666666664,21.10012360939432,22.297734627831716,6.0,27.22910835665734,64.18398768283295,43.61046959199385,7.736720554272519,15.83910700538876,31563.0,0.4708,19482.0,51.444319689700926,7.202380952380952,55.462653288740256,64.17397939717665,19.80211817168339,97.78710415871805,29.80769230769231,1.1446012972148036,7.153656401686959,9.222222222222221,26.768520728893126,25.296411235776247,32.23521922495425,22.07368504814196,3.3739158112516914,9.32222222222222,8.960671184007586,-0.36155103821463364,"Red River County, TX",Texas
1441,1628,1.9756230463738251,2.2199405912610652,train,30073,6206,49.436029648727036,50.563970351272964,82.22687721559781,0.3383822107637769,99.67277486910992,61.976439790575924,37.696335078534034,0.32722513089005234,17.337097153610912,78.89908256880734,3.7638202775817455,27.350081037277146,46.94084278768234,25.709076175040522,43.6787072243346,34.17300380228137,22.148288973384037,20.946938775510205,37.34177215189873,23.286937901498927,16.889468536028694,6.0,33.21932449764857,74.95644599303138,34.01567944250871,5.052264808362369,13.632404181184668,42264.0,0.461,22797.0,61.63699522362136,6.164142303628037,62.979094076655045,62.47848537005165,15.418118466898953,99.65576592082616,25.609756097560968,0.34423407917383825,1.8369320012890755,7.1111111111111125,31.195617144698677,22.864969384466647,32.96809539155656,19.54560103126007,17.434740573638415,7.211111111111112,9.206783886214401,1.995672775103289,"Pondera County, MT",Montana
1442,44,1.7326383462202575,2.3609880901285143,train,1089,346438,48.90398859247542,51.09601140752458,68.92979407570763,24.084251727581854,99.34313538285278,67.70924829737127,31.63388708548151,0.6568646171472217,16.132051489450213,79.34451865375578,4.523429856794003,30.702625623417074,47.71455124612471,21.582823130458227,30.62080968466537,30.011231331127075,39.36795898420755,13.737323535328436,24.09838154708806,13.68260960771974,12.714271520662992,3.0,37.22846975622743,79.74914166672716,27.14002627624903,3.929097679415245,12.094333185741146,57993.0,0.4676,32131.0,67.2170267655595,8.35675663472067,76.82386945704668,77.74488637628258,10.400812234743158,96.81497473791984,17.212424996341287,0.5052416034187274,4.680202518199505,5.5555555555555545,29.670532678285877,29.71787159607203,34.283767946934226,13.277411831265626,6.985954196710522,5.655555555555554,10.601421438808757,4.9458658832532025,"Madison County, AL",Alabama
1443,1038,2.3014733641413554,2.282586696597881,train,21103,15455,49.80912326108056,50.19087673891944,93.31607893885472,3.487544483985765,99.2422192151556,61.56968876860623,37.672530446549395,0.7577807848443843,12.537466815106619,85.6812537466815,1.7812794382118695,23.018746480006428,52.34532142569797,24.6359320942956,63.33301734761589,25.481088254810885,11.18589439757323,18.270863262374306,41.37796808096535,17.442444958278877,16.316576705469206,2.0,27.01530612244898,75.73431241655541,35.096795727636845,8.761682242990654,18.641522029372496,46495.0,0.4182,21806.0,63.64492381441534,6.496301277740418,68.4261139010578,68.79035729659923,19.68158991345229,99.39733103745158,16.294475905545465,0.0,3.209317373018441,9.888888888888893,30.773212552571984,24.55516014234875,36.02717567130379,15.509543836945973,3.196376577159495,9.98888888888889,9.802002451583675,-0.18688643730521548,"Henry County, KY",Kentucky
1444,1285,2.589433484697249,2.3108127052720535,train,26121,171483,49.622411550999225,50.377588449000775,80.93863531662029,13.81886251115271,98.86557281269779,59.47465796776864,39.390914844929156,1.1344271873022056,14.205124060454215,82.21126646730785,3.5836094722379377,31.54523909914364,45.619302403349856,22.835458497506504,45.935712980129004,35.831353195637604,18.232933824233406,19.183179604419124,38.689770587825116,19.622007962776426,15.415183475499587,4.0,29.3809684650106,71.15521786323461,36.64133974259576,7.818266397891146,23.6315707861684,42829.0,0.4364,21291.0,62.203469516228,11.74978542421952,66.17213617391647,70.61959240578997,24.654323185567627,98.31877639726083,13.45914189068898,0.04100545372534547,5.183021057480917,13.222222222222221,30.714414839954983,26.93269886810937,34.398161916924714,14.680755526786912,5.242502172226985,13.322222222222221,10.082615520972764,-3.239606701249457,"Muskegon County, MI",Michigan
1445,2223,2.366081404553173,2.4658464395462207,train,41043,118971,49.42633078649419,50.57366921350581,92.66039623101429,0.4379218465004077,98.84629165173773,65.07345037620924,33.772841275528485,1.1537083482622716,12.411596333544946,81.41601790905142,6.1723857574036325,26.401986147041644,50.64049069515146,22.957523157806893,41.465192414602505,41.22181728334054,17.312990302056953,18.851790839461305,38.553790102216375,19.2367056712795,17.129735353074018,4.0,37.05561973923089,71.28159645232816,37.053215077605316,5.9689578713968965,23.055432372505546,45644.0,0.415,21706.0,59.98803827751195,10.274731361471142,63.56184165817194,68.74236874236874,23.744195265602002,98.10236060236059,17.963529278513988,0.2391127391127391,8.28437182170445,10.555555555555557,29.892158593270636,27.051130107337087,32.69452219448437,16.72844642812114,6.901681922485311,10.655555555555555,11.773443443695946,1.117887888140391,"Linn County, OR",Oregon
1446,2335,2.6461747973841225,2.7380827357123447,train,45051,290730,48.62174526192688,51.37825473807312,80.58301516871323,13.712723145186255,98.88317361894023,61.02910090191658,37.854072717023676,1.1168263810597518,14.801845150858808,78.72153699164322,6.4766178574979785,27.90477912174598,48.05745464107285,24.037766237181174,44.22506222477504,32.99205437488034,22.78288340034463,18.108859366182955,42.48114514391258,18.064818780721616,16.353906849163632,3.0,35.55713362907952,70.76925668278058,39.708433694352266,5.545823577961564,14.061210395997913,43299.0,0.4435,24094.0,59.990888656807506,8.569688720134685,59.88307475957176,70.42521083000443,16.066163128288878,98.21926320461607,28.255420976229363,0.5574789169995561,6.067141333883673,14.0,25.00051594262717,26.431396828672646,34.43641867024387,19.595844942042447,5.704261686100508,14.1,15.457320899031224,1.3573208990312242,"Horry County, SC",South Carolina
1447,1781,1.9600947840472698,1.9183760169266606,train,34027,498192,48.99195490895076,51.00804509104924,81.55751196325916,3.2067957735170376,99.53963739779594,84.43565588339851,15.10398151439744,0.4603626022040526,11.367058155003884,85.14406646893097,3.4888753760651308,28.95418444177954,54.370711856409855,16.675103701810606,28.747433858609227,20.288853549226545,50.96371259216424,4.499220159637909,4.878712012527308,4.661801697210935,7.747812644171232,2.0,16.958973240709017,83.23255207031923,28.379781557306504,2.379881505666517,3.946294414552481,100214.0,0.4536,49552.0,71.43875483852368,6.084940441907473,85.7996265529282,71.06119073869901,5.487795011860343,95.13092613009924,10.451987456838383,0.8324145534729879,12.431753219642227,7.0,29.55025371744227,24.347239618460353,37.99418698012011,15.014492404534796,15.235692263223818,7.1000000000000005,6.809890337854242,-0.29010966214575884,"Morris County, NJ",New Jersey
1448,515,1.0570183913692728,1.2798795695068612,train,13273,9213,47.129056767610976,52.87094323238901,36.85010311516336,61.79311841962446,99.60282436010591,34.77493380406001,64.8278905560459,0.3971756398940864,13.798309178743965,84.76751207729468,1.4341787439613527,37.29626078619368,36.200520476647036,26.50321873715929,61.53344208809136,27.27569331158239,11.190864600326265,36.212138272717034,147.20700985761223,39.39393939393939,16.390858944050432,4.0,19.106628242074926,65.36835748792271,41.274154589371975,10.990338164251206,30.464975845410628,28688.0,0.4734,16242.0,55.3423001360133,14.36373566357182,45.21214480342547,46.58553076402975,23.14130011677696,98.17444219066938,34.001557026080185,0.7437457741717377,2.409638554216868,2.7777777777777777,30.13133615543254,24.69336806686205,33.84348203625312,16.867469879518072,1.3567784652122,2.877777777777778,3.5962066065543805,0.7184288287766023,"Terrell County, GA",Georgia
1449,617,2.0059743897979634,1.97094559000613,train,17057,36323,51.87897475428792,48.12102524571208,94.50761225669686,3.551468766346392,98.970189701897,63.72628726287262,35.24390243902439,1.029810298102981,15.586165593651746,79.62269800868394,4.791136397664321,27.42132549615296,47.888254135983885,24.690420367863158,48.2585154179947,35.782036020122106,15.959448561883185,14.232341952754982,22.616632860040568,15.060889022763455,14.074921528938956,5.0,33.09929789368105,71.11652173913043,37.78086956521739,6.100869565217391,14.490434782608695,46083.0,0.4077,22651.0,62.45460331723389,7.145854565074036,72.27805695142379,73.28029948525972,19.22849541826781,98.59616284510996,12.858409695536508,0.2651692403681173,2.695261955234975,7.333333333333332,26.08264735842304,26.97739724141729,34.171186300691026,18.533711422514664,1.9409189769567488,7.433333333333334,7.177460215177866,-0.25587311815546787,"Fulton County, IL",Illinois
1450,531,2.6540241312485775,2.2859295011477947,train,13305,30046,51.324635558809824,48.675364441190176,74.35931571590228,20.897956466750983,99.09004481868804,62.94988455792475,36.14016026076328,0.9099551813119652,12.258912916423144,84.12721605299046,3.613871030586402,29.204172625557327,44.32994027088416,26.46588710355851,60.03178386968614,26.85240365514501,13.115812475168855,20.30934525526392,30.70319634703196,23.767139764253066,17.96104315385443,5.0,33.662358356940516,69.57083250546394,35.81363004172461,6.884561891515995,19.560898072720047,38955.0,0.4491,18291.0,57.24870819927854,11.043937329700274,53.972586123241136,58.29607550919025,18.23750606501698,98.43517138599104,31.5684133915575,0.5216095380029807,6.14724089729082,14.111111111111107,30.58310590428011,28.399786993276976,32.90953870731545,14.101710710244292,4.7427278173467355,14.211111111111109,9.834823456516649,-4.37628765459446,"Wayne County, GA",Georgia
1451,2754,1.561647248597752,1.9489913824040295,train,48477,34236,50.07302254936325,49.926977450636755,78.16041593644117,17.145694590489544,99.6565934065934,65.42582417582419,34.230769230769226,0.3434065934065934,12.2580905821987,84.36830835117773,3.3736010666235714,29.105858902256713,45.426069623407145,25.468071474336167,48.51177449006391,29.84329860807143,21.644926901864658,13.456751711263225,24.98273480662983,13.068156018707715,15.426767526356544,5.0,25.228826540142713,71.02576974564926,37.843038821954494,4.98661311914324,11.044176706827312,51269.0,0.445,25057.0,57.15539277402618,5.059742340297711,67.27015986686166,64.74459417110624,13.641635987694793,96.08273268567848,22.62343032931565,0.5954246317768724,14.806052108891224,4.666666666666667,30.540951045682906,25.5199205514663,33.07045215562566,19.593410445145462,4.693889473069284,4.766666666666667,7.021601896592405,2.2549352299257386,"Washington County, TX",Texas
1452,605,2.049841071903545,2.219171871724847,train,17033,19541,51.573614451665726,48.426385548334274,92.93792538764649,3.5617419784043807,99.2138364779874,75.83857442348008,23.375262054507342,0.7861635220125787,15.987944206911054,82.33686128828766,1.6751945048012895,26.026562690386246,50.767637382722064,23.205799926891675,44.63670304422746,36.56662837449743,18.796668581275128,12.742015555187821,21.632915461266474,12.881649354737178,16.42530697648808,6.0,30.09362460989745,70.3805774278215,36.88976377952756,4.409448818897638,11.929133858267715,47468.0,0.4516,26351.0,61.700941094457995,6.530335555304487,70.34576888080072,72.07153502235471,19.499545040946323,97.70491803278688,13.858052775250226,0.05961251862891208,2.1083874929635127,7.666666666666668,26.32925643518756,27.368097845555496,34.85492042372448,18.12599150504068,3.5003326339491325,7.766666666666667,9.199709171159556,1.4330425044928896,"Crawford County, IL",Illinois
1453,811,1.9756230463738251,2.050605718299651,train,19057,40208,48.773875845602866,51.22612415439714,90.88987266215679,5.456625547154795,99.512776093547,59.8419229103508,39.670853183196186,0.48722390645301,17.552031714568884,79.39544103072349,3.0525272547076314,26.217228464419474,48.47731319457236,25.305458341008162,44.19253325704477,35.781719353454434,20.025747389500786,15.2194281951936,28.67449427075965,15.081408557364636,14.115898959881127,5.0,30.96023278370513,72.98249805865836,37.36933277581984,6.935069589630247,17.770742488501284,44423.0,0.4358,24614.0,64.81572642840734,6.237974683544303,73.73676766810955,70.46791818436536,18.878841126301804,98.94928551414962,11.918741696309947,0.2801905295601009,2.8800238758456027,7.1111111111111125,29.210604854755267,24.980103461997608,33.493334659769204,18.50875447672105,3.653501790688421,7.211111111111112,7.772607691445212,0.5614965803340999,"Des Moines County, IA",Iowa
1454,1221,2.47466924069478,2.543887522711607,train,25021,687721,47.90183810004348,52.09816189995652,80.71587169797054,6.262568687011156,99.58578896547131,81.28059134951553,18.30519761595578,0.4142110345286851,13.847203274215552,81.19175896593983,4.961037759844613,32.18837742801214,49.89132071460836,17.920301857379478,27.115695108476572,22.237121606125736,50.6471832853977,6.5975254241842105,7.19571483887622,7.025639760136219,9.86297133516431,2.0,19.623296472454907,80.86882814155541,28.69945481515729,4.004315243984665,7.879173168429367,88262.0,0.4751,45829.0,71.65411216031441,6.629821130228912,85.7632443238612,71.98113764791589,14.293639962264415,94.32357400224458,3.049746829812984,0.34259386875110753,3.8410925360720407,11.777777777777779,28.44249339485053,26.845624897305736,35.91689071585716,15.350556402959919,13.021559615018301,11.877777777777776,12.729059416861581,0.8512816390838047,"Norfolk County, MA",Massachusetts
1455,608,2.465270675271141,1.9759341623734914,train,17039,16388,50.347815474737615,49.65218452526239,96.18623382963145,0.5003661215523554,99.38667410091999,71.11792584332312,28.26874825759688,0.6133258990800111,16.613520408163268,81.96747448979592,1.4190051020408163,23.25858600908888,54.25761752216346,22.483796468747677,46.23859528318128,34.54122912721639,19.220175589602338,12.870979759095988,25.80759673411431,12.000713266761773,12.40943711684934,4.0,35.084427767354605,75.01461988304094,33.08479532163743,5.058479532163744,11.637426900584796,53959.0,0.4387,29100.0,68.29326540359816,7.5882970043128575,72.71986970684037,80.35062089116144,18.587133550488602,97.881665449233,12.092833876221498,0.2191380569758948,2.257749572858189,11.666666666666664,27.770319746155725,25.036612155235535,35.4832804491091,17.5372223578228,3.3134000488162068,11.766666666666662,7.21335495218248,-4.553311714484182,"De Witt County, IL",Illinois
1456,65,1.437726534752161,1.3937024561604792,train,1131,11235,47.85046728971963,52.14953271028038,27.352024922118375,72.02492211838006,98.23819591261451,36.22269203664553,62.01550387596899,1.7618040873854828,16.059825916390828,79.03641044501654,4.903763638592619,42.65132901496538,30.08711190529373,27.26155907974089,63.96810379781051,23.543722124611435,12.488174077578053,37.65972982840452,99.42897930049965,50.34076257137594,17.738702623906704,6.0,18.837459634015072,52.95342180588082,44.886807181889154,18.084829560239395,27.53057507155868,23750.0,0.536,14170.0,43.24889326119036,21.154392948535683,43.82040298270665,56.09622744669218,33.2381405679835,96.77419354838707,27.14580358559416,1.1481683980317114,0.5874499332443258,4.111111111111111,33.05740987983979,24.29906542056075,33.26212728081887,17.12505562972853,0.6230529595015577,4.21111111111111,4.029742411446199,-0.18136869966491176,"Wilcox County, AL",Alabama
1457,1344,1.7520942128356236,1.2619451088801015,train,27073,7023,50.20646447387158,49.79353552612844,96.95286914424037,0.6265128862309555,98.07692307692308,75.41208791208791,22.66483516483516,1.9230769230769231,17.293510324483776,80.7890855457227,1.9174041297935105,20.355798836811488,59.45945945945946,20.18474170372905,46.14038498930586,36.18510596927863,17.67450904141552,8.162374508948059,9.58588957055215,8.706070287539937,14.627428240069586,6.0,31.266846361185983,75.43859649122807,39.76608187134503,4.28849902534113,8.024691358024691,49903.0,0.4491,29541.0,65.1414920984932,3.7235543018335684,79.90106743035669,79.20049968769519,17.625618328560268,99.12554653341664,7.263733402759698,0.0,1.7086715079026058,5.666666666666668,26.726470169443253,18.368218709953013,36.42318097679055,24.476719350704823,2.4206179695286916,5.766666666666667,3.5322854894581357,-2.234381177208531,"Lac qui Parle County, MN",Minnesota
1458,2625,1.9909138641722421,2.0906132697032396,train,48219,23322,49.26249892805078,50.73750107194922,84.59823342766487,3.5202812794786036,99.37278867803153,67.89964618848504,31.47314248954648,0.6272113219684786,11.063078421821725,84.77837311251827,4.15854846566001,28.184536996012405,49.86708019494905,21.94838280903855,48.413705583756354,35.857304004512116,15.728990411731527,14.608533829589259,20.12207127387281,16.029028394278868,14.879385491736072,5.0,17.369436809170132,79.16924218073927,30.461120039559887,4.685375200890098,14.03140066757325,50665.0,0.4370000000000001,22609.0,66.1987614273076,6.16535994297933,62.659459459459455,53.96103896103897,11.192792792792792,98.53896103896105,28.785585585585583,0.032467532467532464,45.91801732269961,7.222222222222222,34.90695480662036,30.08747105737072,29.800188663064922,13.45081896921362,11.881485292856533,7.322222222222222,8.089874918506638,0.7676526962844159,"Hockley County, TX",Texas
1459,2581,1.9443215863701753,1.9538042939268923,train,48131,11577,52.15513518182602,47.844864818173974,85.71305174051999,0.8551438196423945,97.3314100252434,58.56473133790119,38.76667868734223,2.6685899747565816,11.91340106434446,85.13546202225447,2.951136913401064,34.390453665878304,39.65813803483122,25.95140829929048,64.8572577402493,27.06071572175312,8.082026537997589,23.89081614022275,56.783625730994146,24.837784819677076,26.869455006337127,6.0,17.991821899136752,74.11734823469645,40.843281686563365,10.464820929641856,27.076454152908312,33939.0,0.5198,20752.0,58.08050284056569,10.822060353798127,44.569525923576975,49.44048830111903,15.522435389250038,97.9654120040692,42.04851752021563,0.0,88.5376176902479,6.8888888888888875,31.208430508767385,29.679537013043102,28.928046989720997,17.439751230888838,13.431804439837606,6.988888888888887,7.05547770050106,0.06658881161217245,"Duval County, TX",Texas
1460,2795,2.3867219722002453,2.1907765687544085,train,49051,26661,50.33944713251566,49.66055286748434,96.38798244626983,0.06001275270995088,99.41972920696324,83.86619638184094,15.553532825122314,0.5802707930367506,8.890272197385547,86.06190934299136,5.047818459623112,27.520166536559984,56.6848816029144,15.794951860525632,29.071614666073586,37.39594586007498,33.532439473851426,9.977642199401265,13.980887550726536,9.71024384190606,7.520670517612414,5.0,16.99764389094581,86.05311920938853,23.19950586781964,2.964793082149475,5.843113032736257,66486.0,0.40399999999999997,26397.0,71.6760061130922,4.596067282634446,77.12131147540984,67.76996276375672,6.504918032786884,94.53868431940424,18.308196721311475,1.1584609019445593,13.24031356663291,10.777777777777779,40.81242263981096,29.916357225910506,27.875923633772178,9.125689208956905,3.5520048010202165,10.877777777777778,8.942154616945638,-1.9356231608321401,"Wasatch County, UT",Utah
1461,1965,2.465270675271141,2.1870723593693686,train,37163,63873,49.156920764642344,50.843079235357656,61.23401124105647,25.71195966997009,99.09153996593277,57.561037158538895,41.53050280739385,0.9084600340672512,13.687631428025234,82.52936553452706,3.7830030374476937,30.65127294256957,43.54253009670416,25.806196960726272,58.047003525264394,29.598119858989424,12.354876615746178,25.46406473108044,55.33651931501393,28.405891271388345,18.911953961202194,6.0,23.56955051959434,73.51374570446734,37.11340206185567,8.625429553264604,22.152061855670095,35490.0,0.4683,19063.0,62.11264037828253,9.655383360522023,55.379319475705,61.62173415218069,21.474910631537128,98.92786509836577,27.321594068582023,0.1977724575830124,17.904278803250197,11.666666666666664,31.409202636481773,25.94366946910275,33.48832840167208,15.682682823728335,13.054029088973431,11.766666666666662,8.909092276611231,-2.857574390055431,"Sampson County, NC",North Carolina
1462,1418,2.799311792380535,2.4881109702235653,train,28047,196268,49.59952717712516,50.40047282287484,69.41070373163227,23.273279393482383,98.8116483654916,54.80694534842218,44.004703017069424,1.1883516345083878,14.920836325355385,79.28358791664634,5.795575757998285,31.542366463653345,42.05392153716813,26.403711999178533,43.333698510078875,35.34571804181795,21.320583448103168,20.778436510478755,46.17331000874672,20.85619089287517,15.21373596354899,3.0,45.039208521880894,76.59260430668671,29.45098969452571,6.575999578292612,18.707993990669728,41722.0,0.4486,22120.0,64.32173653630333,9.586333318609476,60.107948969578025,68.25751421608447,17.131518688772964,97.82696994313568,27.902312208391447,0.7879772542648253,5.422687345874009,16.333333333333332,30.92149509853873,31.261336539833287,31.54360364399698,12.830925061650396,7.316016874885363,16.433333333333334,12.038513517098055,-4.3948198162352785,"Harrison County, MS",Mississippi
1463,1200,2.4169053500233435,2.127987820235928,train,24029,19923,47.09130151081665,52.90869848918336,82.28680419615519,15.379209958339604,99.57844022884672,65.52243300210779,34.05600722673893,0.4215597711532671,16.801877304726784,78.83338920549781,4.364733489775394,32.33697238601202,44.556016113024704,23.10701150096328,46.1715933669791,23.85724585436193,29.971160778658977,11.151587646802957,20.379839298758217,10.975520105859001,13.943388514203965,6.0,31.98695888426009,69.55666316894019,43.8221406086044,3.108604407135362,13.955928646379853,58147.0,0.4511,30081.0,58.816283796267776,7.277486910994764,72.52401598231744,72.48547161376844,17.861089858029413,98.63656683057668,12.539318201139164,0.0,4.3065803342870055,11.111111111111107,24.439090498418913,28.178487175626174,31.390854790945138,23.61592129699343,2.333985845505195,11.211111111111107,8.397951610644446,-2.8131595004666607,"Kent County, MD",Maryland
1464,2246,2.69237238838298,2.4114928162679954,train,42017,626583,49.01601224418792,50.98398775581208,88.99650964038284,3.8590258593035562,99.69644949052143,78.15688845992322,21.539561030598183,0.3035505094785857,11.65689180033502,85.62533512342935,2.7177730762356442,28.116963907362297,53.62967750174629,18.253358590891413,37.19422453732575,25.3879524411013,37.417823021572936,5.965271081023357,7.756491716018893,5.9560798587889625,10.44392188212692,2.0,23.34645596977916,80.88524280675861,32.036847931487216,3.4505247440639133,6.227420558983293,77568.0,0.4402,38795.0,70.12254381059873,6.694542201716082,86.06443501005099,73.02219866685692,8.226549624995796,96.42354811749595,8.524586770979669,0.3924006767637646,4.741271308031019,14.666666666666664,28.34181584881811,24.268133671037997,37.848457427028826,16.127153146510516,7.144464500313607,14.766666666666666,11.150594515583983,-3.616072151082683,"Bucks County, PA",Pennsylvania
1465,2451,2.9669898046883367,3.0673635472327696,train,47061,13524,49.44543034605147,50.55456965394853,81.92842354333037,0.23661638568470866,100.0,61.10183639398997,38.898163606010016,0.0,14.052066195683732,82.39620632923643,3.551727475079841,24.353643102513107,46.0766588320376,29.569698065449284,70.73737587154025,18.444960912740328,10.817663215719417,28.652278901297922,61.94986072423399,35.052219321148826,25.880941670415353,6.0,25.135366201196927,62.72744684926259,46.81095575560237,9.691629955947137,31.258379620762305,27373.0,0.4796,16356.0,48.30320023204099,10.208166533226581,42.39298607529655,44.83958252802474,30.479628674574517,99.2269037495168,30.73749355337803,0.6957866254348666,0.4732327713694173,19.33333333333333,28.21650399290151,25.11830819284236,32.80094646554274,19.934930493936704,17.834960070984913,19.433333333333326,21.48518326795649,2.0518499346231636,"Grundy County, TN",Tennessee
1466,429,1.3552622518721622,1.544962579115164,train,13099,10579,46.30872483221477,53.69127516778524,47.74553360431042,50.36392853766897,99.73434535104364,45.73055028462998,54.00379506641366,0.2656546489563567,15.157353885677585,84.05908798972382,0.783558124598587,36.31716595339991,37.85068949120304,25.832144555397054,58.982714650042496,25.814678379144233,15.202606970813262,28.003457216940365,60.537568723274276,32.84982935153584,14.414587332053745,6.0,25.163975782038346,63.652348656116544,41.94925898015575,6.304948505400653,25.772418990203466,31680.0,0.4873,18116.0,52.5626204238921,9.408602150537632,56.25315603433766,43.38394793926248,16.22622454132301,97.99349240780913,29.994950345059767,0.4338394793926248,2.0228755080820493,3.7777777777777777,32.93316948671897,24.756593250779854,32.139143586350315,18.04518385480669,1.890537858020607,3.877777777777778,4.687796202257939,0.8100184244801607,"Early County, GA",Georgia
1467,1327,1.2006339030604214,1.3307555072027515,train,27039,20290,49.995071463775254,50.004928536224746,97.25480532281912,0.5372104484967964,99.67971530249108,71.90391459074733,27.77580071174377,0.3202846975088968,11.345319280843153,86.2919335950954,2.3627471240614453,25.316051589835272,58.006640275826854,16.67730813433789,39.48150972169272,36.77468547464735,23.74380480365993,6.652456253408022,10.242269056529446,5.976443216518831,8.037132644956314,4.0,28.321247776713644,82.66278454208576,26.985177342509264,2.7924827951296987,6.471678136580201,68116.0,0.3878,30091.0,76.10162489672267,3.2027503845109924,84.03305233286035,75.46205269366891,10.942325348468408,96.1462839166339,7.804023036474417,0.2359418010224145,4.844751108920651,3.2222222222222223,35.02710694923608,25.36224741251848,33.942828979793,12.996550024642682,2.207984228684081,3.3222222222222224,3.7839010724468305,0.4616788502246081,"Dodge County, MN",Minnesota
1468,1877,1.8082887711792655,2.6117642638331695,train,36111,181300,49.734693877551024,50.265306122448976,86.63872035300606,5.863761720904577,99.26009905125605,69.07333373112954,30.1867653201265,0.7399009487439585,15.47229831227357,79.38131424700303,5.1463874407233945,33.4964916620019,42.998294648320034,23.50521368967807,40.52221592277045,29.38823693877709,30.089547138452463,12.845707435987576,16.227194733340333,14.39261783262957,13.844015391656635,4.0,22.152941336637035,76.07882085384459,35.462187293088064,4.702478625097159,13.232288338083313,58918.0,0.4564,30732.0,64.94336903520984,8.842855911754569,70.98020917702574,66.79270993016522,19.18776631334296,97.026060296372,13.619396415114277,0.2691194004428547,9.537782680639824,6.0,25.551020408163268,27.057915057915054,37.36238279095422,16.706012134583563,7.497517926089356,6.1,13.623064342251821,7.523064342251821,"Ulster County, NY",New York
1469,3091,2.376454941560501,2.1580877805562277,train,55101,194895,49.49229072064446,50.50770927935554,80.8353215834167,11.06955027065856,98.55422201341135,62.53363515995387,36.02058685345747,1.445777986588647,14.3919069975408,81.85990945674044,3.748183545718757,31.579621505651804,48.58304780812706,19.83733068622114,42.53335256911594,33.76031708669011,23.706330344193958,12.508881158260925,22.620410554061607,11.868015728695545,12.117860437809277,4.0,27.297251614211827,77.25283641248687,32.116302887620876,5.223255257172498,15.87725948685208,55584.0,0.426,27895.0,68.30778424805081,7.849520341000417,73.93486284887257,65.43464642370196,16.685935479450883,97.921656778568,13.04969640914969,0.31691049121126136,12.263013417481208,10.666666666666666,30.64727160778881,26.242848713409785,35.3867467097668,14.28461479258062,8.095128145924729,10.766666666666664,8.654572383701252,-2.112094282965412,"Racine County, WI",Wisconsin
1470,2422,2.4169053500233435,2.2636256080882475,train,47003,45986,49.343278389074925,50.65672161092506,83.76027486626366,7.054320880267907,97.31683003821232,64.04718391759428,33.26964612061804,2.683169961787672,10.803846960481767,86.52065793810108,2.675495101417144,24.962422757891225,51.789790124144076,23.247787117964698,62.11236105083954,24.17465033214274,13.712988617017727,17.10800159411947,31.81921159945628,17.18919296773968,15.892790559954374,5.0,29.30084558498571,76.00621972370074,34.77064768853537,6.5905149213563785,20.267926559416303,41984.0,0.4331,20390.0,63.74150470966973,7.454171343060231,61.38544434602894,69.20334779913205,20.464275169766754,96.6212027278363,22.471951579568934,0.8679479231246126,11.564389161918845,11.111111111111107,32.87087374418301,27.60622798242944,31.84229983038316,14.358717870656287,9.185404253468446,11.211111111111107,9.61789675356301,-1.5932143575480975,"Bedford County, TN",Tennessee
1471,2368,1.094901709271574,1.195060699960804,train,46027,14011,50.0249803725644,49.9750196274356,90.06494896866751,1.484547855256584,94.468085106383,75.74468085106382,18.72340425531915,5.531914893617022,16.276359012398007,64.79813500052984,18.925505987072164,52.503326679973384,35.40419161676647,12.092481703260145,32.09876543209877,22.87498226195544,45.02625230594579,27.608142493638677,26.61469933184855,41.20789434634219,9.744258494530175,5.0,22.07591014717273,86.91658856607309,23.48641049671977,3.805060918462982,15.182755388940954,36608.0,0.488,21121.0,69.41845212068212,6.147644242882338,78.32756061355765,69.02255639097744,11.281543790202868,96.9924812030075,14.270163285502225,0.15037593984962408,2.5408607522660764,2.888888888888889,31.275426450645924,49.59674541431733,22.95339376204411,10.541717222182571,8.450503176075939,2.988888888888889,3.303758302414933,0.3148694135260439,"Clay County, SD",South Dakota
1472,2611,1.7520942128356236,1.6524843777773668,train,48191,3203,50.10927255697784,49.89072744302217,81.67343115828909,7.461754605057758,100.0,61.35770234986945,38.64229765013055,0.0,13.127902068383285,84.71929084001687,2.152807091599831,26.222564497497114,45.86060839430112,27.916827108201772,54.46300715990453,32.840095465393794,12.696897374701667,26.85332484887051,66.52173913043478,29.255029907558452,20.190779014308426,6.0,28.58316221765913,70.21645021645023,44.24242424242424,6.8398268398268405,17.835497835497836,30950.0,0.4996,17378.0,56.58392932267565,11.226765799256503,47.274881516587676,46.73439767779389,14.57345971563981,99.27431059506529,39.98815165876777,0.0,34.093037777083985,5.666666666666668,33.9681548548236,21.198876053699657,32.063690290352795,22.759912581954428,10.864814236653139,5.766666666666667,5.219932014551044,-0.5467346521156227,"Hall County, TX",Texas
1473,1115,2.3014733641413554,2.309111270620316,train,22017,254742,47.549677713137214,52.45032228686279,47.84919644189022,47.93909131591962,99.26251549844612,45.23613996103248,54.02637553741364,0.7374845015538702,17.320162026289243,78.68148171867412,3.998356255036637,36.8858411845206,36.598307404241865,26.51585141123753,46.97644547254747,29.228783977450448,23.794770550002077,21.525166488464947,49.153857343742416,21.637937163502865,14.61108241954016,3.0,29.249158337030558,74.82013654315195,30.316049433111203,7.8343929544550015,17.569980916614792,41234.0,0.5039,24876.0,61.77995683338219,6.830160359536605,60.480609400154435,65.04492092195528,18.897818148502022,96.77086024283129,24.32234336348049,0.8209190849335515,2.701164315267997,9.888888888888893,30.8633833447174,29.477667600945267,31.70698196606763,14.388675601196507,4.211712242190137,9.98888888888889,10.065475195252228,0.07658630636333719,"Caddo Parish, LA",Louisiana
1474,1507,1.789905900578732,1.88059417872443,train,29061,8277,50.47722604808506,49.52277395191494,97.42660384197173,0.8940437356530143,99.11955514365152,79.70342910101947,19.41612604263207,0.8804448563484708,13.059638452441291,83.6120966379456,3.3282649096131096,23.915718240541374,57.02860658258997,19.055675176868654,57.513237173635204,26.711703487310572,15.775059339054225,16.69573884874159,29.26380368098159,17.06882911392405,15.971276464033675,6.0,35.103775126654675,72.69445356087955,37.479488021004265,6.137184115523466,12.832294059730884,41642.0,0.39799999999999996,19208.0,60.043926338908605,5.627462014631401,61.70308628069385,68.10810810810811,14.440189231808967,95.6081081081081,28.42982653750845,2.3648648648648654,1.3289839313761025,5.8888888888888875,32.910474809713676,23.329708831702305,32.294309532439286,18.30373323667996,1.6793524223752567,5.988888888888888,6.557399972431932,0.5685110835430436,"Daviess County, MO",Missouri
1475,2074,0.9766538816012459,1.0762836940960452,train,39075,43436,50.06446265770329,49.93553734229671,98.71304908370935,0.20489916198544986,99.86820199778023,92.01581576026638,7.8523862375138735,0.13179800221975582,7.587921847246893,89.57371225577265,2.838365896980462,27.878459725451478,59.07889288785553,13.042647386692991,77.40126767430522,14.830164147570288,7.768568178124492,12.693411089686313,21.824215094018545,11.164532019704433,8.40365682137834,6.0,17.73220747889023,83.11391407173826,24.808829325975555,2.9641308632242804,7.347260543949544,51996.0,0.3984,18906.0,67.53426112822693,4.08997955010225,50.01495151437482,54.844720496894396,9.415182194882313,83.27122153209109,42.552009910718105,15.155279503105593,0.9162906344967308,2.5555555555555562,41.5392761764435,27.75808085459066,26.804954415692052,12.236393774749056,1.0820517543051846,2.6555555555555563,2.933756530279382,0.27820097472382566,"Holmes County, OH",Ohio
1476,1125,1.7127964254212538,1.8932987712031382,train,22037,19855,53.71946612943843,46.28053387056157,53.74464870309746,44.910601863510465,98.64583333333331,52.734375,45.91145833333334,1.3541666666666667,13.651745885248426,84.7946469773881,1.5536071373634823,35.253525352535256,39.939993999399945,24.80648064806481,61.646148434752035,26.09215617305663,12.261695392191347,19.373868348811406,37.62699564586357,20.63721940622737,16.163793103448278,3.0,24.265396904955825,74.41257027533516,32.80957186103503,8.332132045552832,17.154389505549947,45520.0,0.4504,21348.0,57.22539015606243,6.450767011931298,67.57524134014764,66.4011585807386,15.407912171114896,93.48298334540188,20.84989589248533,0.3258508327299059,1.2843112566104256,5.4444444444444455,25.671115588013095,27.202216066481995,37.819189121128176,15.366406446738855,1.3447494333920926,5.544444444444445,6.641240519091904,1.0967960746474592,"East Feliciana Parish, LA",Louisiana
1477,745,2.502346284073356,2.407298470453491,train,18109,69403,49.47624742446292,50.52375257553708,97.41653818999178,0.39191389421206574,97.39908697741473,71.6902931283037,25.708793849111014,2.600913022585296,10.381209087408548,87.17751251443974,2.441278398151713,23.47956935313401,55.231714526270544,21.288716120595453,53.32937232101175,30.96592114756185,15.704706531426387,12.076473089272366,23.360843649701966,11.048545345960244,14.971603320227173,2.0,31.9398564756806,78.02335116560583,32.71115623413643,5.876840173376548,12.366746065836224,55432.0,0.4077,26175.0,66.44941746452878,7.08271851401788,73.97325127233992,71.87020165830687,13.357793821754054,97.81963353465044,15.310687655343829,0.1944927832940936,1.38178464907857,12.111111111111107,30.755154676310827,24.78999466881835,36.72895984323444,14.482082907078945,2.1915479157961477,12.211111111111109,11.103923012782017,-1.1071880983290914,"Morgan County, IN",Indiana
1478,1788,2.0780516873907815,2.2916820157516478,train,34041,107226,48.620670359800776,51.3793296401992,89.15188480405871,4.1156062895193335,99.50982499892504,77.03487122156771,22.474953777357353,0.4901750010749452,12.705839237722941,84.44050818470559,2.8536525775714634,27.63554982876132,52.36851920925026,19.995930961988407,43.90315676832531,26.22124130551097,29.875601926163725,7.966667932121028,13.468279437176006,7.385778530926156,11.202862388776422,3.0,22.770588586081466,79.54016367869056,32.070943432452545,3.863969088247294,7.799937600499196,70471.0,0.4122,34136.0,69.44287040497692,8.852737942289663,78.30395001115822,70.75279755849441,11.434947556349027,96.24872838250256,12.562672022614,1.0363682604272637,8.010184097140618,7.8888888888888875,28.509876335963288,24.675918154179026,38.25471434167086,15.32930445973924,6.73250890642195,7.988888888888888,9.891561458707988,1.9026725698191003,"Warren County, NJ",New Jersey
1479,1742,2.9379854513416674,2.7304852438473954,train,32003,2035572,50.10517928130274,49.894820718697254,63.75048389347073,10.83685568479032,99.00883782860626,61.627747632030534,37.38109019657572,0.9911621713937424,13.284845957166645,79.17226527329397,7.542888769539382,33.920752237169125,41.02264616981032,25.05660159302056,44.27330617544524,33.09083645267161,22.63585737188314,15.685699093898425,29.305418811719164,15.587212617384296,11.970735154740774,1.0,29.28281220447031,79.60082601049629,27.016782479301423,4.019899343774415,13.493345259688091,51575.0,0.4516,26048.0,67.50062050788405,10.61402843196193,66.07701727050589,52.118376318533706,12.4559185890154,93.86254298196987,24.66922637271945,2.5783366995274406,30.03602918491707,18.777777777777786,30.33884333248836,30.866459157426025,32.27790517849528,12.798515601511516,25.41266042173895,18.877777777777787,15.34032901444142,-3.537448763336368,"Clark County, NV",Nevada
1480,1081,3.1775907601845423,3.2745656730591337,train,21189,4616,46.70710571923743,53.29289428076257,96.07885615251301,1.0831889081455806,100.0,62.33230134158927,37.66769865841073,0.0,15.904628330995793,82.15988779803645,1.935483870967742,20.66072364971159,43.55007865757735,35.78919769271106,66.61566707466339,16.799265605875153,16.585067319461444,37.91574279379157,67.25663716814161,59.50782997762863,34.31848257609175,6.0,23.93748286262681,47.20812182741118,43.31641285956007,28.76480541455161,50.08460236886633,20985.0,0.5008,15158.0,36.91444600280505,8.434650455927052,38.333333333333336,27.59124087591241,46.631944444444436,100.0,18.402777777777786,0.0,0.5199306759098787,23.88888888888889,26.4948006932409,22.87694974003466,39.88301559792028,16.247833622183713,2.837954939341421,23.98888888888889,26.431742969095726,2.4428540802068355,"Owsley County, KY",Kentucky
1481,371,3.0597498256774345,2.9398392350460814,train,12115,392038,47.761186415602566,52.23881358439744,91.17611047908623,4.713573684183675,98.79919834279266,64.8264479512269,33.97275039156576,1.2008016572073363,17.56220015960911,77.14960143587047,5.288198404520424,21.58432198336916,51.08850877932866,27.327169237302183,37.83445222018658,29.741566268960113,32.42398151085331,10.971903684567478,20.28898874551676,11.016065589308562,15.4299093585553,3.0,40.82175379274452,59.16202871250393,51.5620629620116,3.3433227730684703,8.351742443702372,51766.0,0.48200000000000004,34479.0,50.69639408087843,7.843549006431793,67.21282111244345,68.21120015025355,13.139052945303288,97.25943780128969,23.56889457212373,0.5368434232767796,8.54126385707508,21.222222222222214,19.69502956346068,18.53264224386412,33.08913931812732,33.20315887745576,4.110315836730113,21.322222222222216,18.912805551524748,-2.4094166706974676,"Sarasota County, FL",Florida
1482,593,1.437726534752161,1.6389273949803582,train,17009,6859,63.81396705059047,36.18603294940954,78.01428779705495,16.693395538708266,100.0,79.71291866028706,20.287081339712923,0.0,17.05613105275837,78.51120211997109,4.4326668272705385,42.133422504597895,34.325363651563286,23.541213843838825,56.09804309152007,29.887329511761216,14.014627396718714,10.873749037721325,11.40724946695096,12.4018413214189,10.229242920439221,6.0,24.06610432088139,72.24299065420561,34.67289719626168,4.205607476635514,8.364485981308412,50739.0,0.4327,21065.0,69.29570670525807,4.907761921336582,81.07132109539573,63.06196840826247,13.060487511284986,97.32685297691371,9.208546494131813,0.7290400972053462,4.169704038489576,4.111111111111111,19.478058025951306,38.402099431404,33.109782767167225,13.25266073771687,5.292316664236768,4.21111111111111,5.14964301594243,0.9385319048313194,"Brown County, IL",Illinois
1483,3069,2.6695403463403347,2.3112091119724143,train,55059,167738,49.420524866160314,50.579475133839686,87.47689849646473,7.381153942457881,99.26558206269304,61.55249142773766,37.713090634955385,0.7344179373069721,13.495343040797586,78.9444772399318,7.560179719270628,33.36642754234441,44.93919872201611,21.69437373563948,42.560049532897494,32.97579808060022,24.464152386502285,15.233694184647865,29.00430141787478,14.727374929735804,11.831483502239692,2.0,24.591994298610288,78.53842451467993,29.578052302262158,5.5302422589443285,16.829776993422108,54918.0,0.4312,26514.0,69.35950794299966,9.252878878971464,72.86808429665572,68.9579506021637,17.452071737786024,98.39763216983057,13.095475952618813,0.17350479689732598,12.42234913972982,14.333333333333336,32.073829424459575,29.09895193694929,34.2689193861856,12.080148803491154,5.1419475610773935,14.433333333333335,10.086613129609516,-4.3467202037238195,"Kenosha County, WI",Wisconsin
1484,1143,2.1835512754360096,2.083667833661444,train,22073,155769,47.86254004326921,52.137459956730794,60.10631126860928,37.27314163922218,98.94464406864842,48.80016081614192,50.14448325250647,1.0553559313516094,16.455095393206143,79.58492322010238,3.959981386691484,36.49009597712885,39.90361445783133,23.60628956503982,48.47997897843268,27.534210579508013,23.985810442059304,24.67769886846308,59.16717202344857,25.17712374271179,11.907631328753734,4.0,24.632251142184693,75.25567689374242,27.826313052522107,8.230195874501648,17.647772577569768,37754.0,0.4987,21770.0,63.55855567836166,7.642781179040557,60.28334147532976,57.61760008243599,15.458320380157216,96.27492400432787,27.246080738997197,1.0768200319439436,2.060101817434792,8.777777777777779,33.00464148835776,30.653724425270763,30.532390912184066,13.042389692429175,2.620547092168532,8.877777777777778,8.033881882785755,-0.8438958949920234,"Ouachita Parish, LA",Louisiana
1485,3050,2.4069451083182885,1.873793303736574,train,55021,56607,50.77287261292774,49.22712738707228,95.67367993357712,1.5139470383521472,99.59292312509784,72.45185533114137,27.141067793956474,0.40707687490214495,14.283017086755404,82.97224582271309,2.7447370905314834,25.892702374761647,53.687814179233854,20.419483446004513,42.428208290338006,35.50952608662825,22.06226562303375,8.802311424469844,14.717464969319535,8.243353366608943,11.26281099482128,3.0,30.40049375942943,79.80101702409904,31.165155869997786,4.059252708379394,10.939641830643378,59769.0,0.3955,28967.0,71.888401903954,5.608365019011407,81.41582461738463,72.77700186219741,13.124150564320749,97.33472998137802,9.156177982627193,0.23277467411545624,2.8229724239051706,11.0,28.84625576342148,24.86264949564541,36.746338792022186,15.800166057201405,2.8123730280707333,11.1,6.512955217888209,-4.587044782111791,"Columbia County, WI",Wisconsin
1486,2793,2.61414643923577,2.514300933526738,train,49047,35721,51.123988690126254,48.87601130987375,87.81389098849417,0.5962878978751995,99.29530757751616,81.36295805007462,17.932349527441552,0.7046924224838335,9.88661741968734,85.04981961862222,5.063562961690431,26.428345959595962,54.352114898989896,19.219539141414145,47.901016349977894,36.15652771640399,15.942455933618104,9.251326278759679,10.32824780397596,10.12610400037784,10.221228923842933,5.0,21.823040380047498,83.71732993352154,21.464347509334303,4.1162007103178215,8.487387305345598,66815.0,0.409,24720.0,67.58789650133241,4.635930047694754,71.71843062964254,61.927034611786716,10.922777805473853,94.57436856875586,22.254349668477992,0.6236357966947303,7.950505305002661,13.555555555555555,41.12426863749616,32.717449119565515,24.32462697012961,9.134682679656226,11.589821113630636,13.655555555555557,12.357966718566106,-1.2975888369894513,"Uintah County, UT",Utah
1487,27,2.4462043207689623,2.4597058530784164,train,1055,103766,48.38482740011179,51.61517259988821,81.25204787695391,15.443401499527786,99.80422014357192,61.45747226452034,38.34674787905156,0.1957798564281053,13.797495491632723,82.40790950477319,3.7945950035940834,26.141982575935955,48.724982340475634,25.13303508358841,49.47968320040229,34.47779748851112,16.04251931108659,19.66387871427732,46.33137242226388,19.39782749139861,20.346522606706575,4.0,29.116343730993137,68.63079275169804,41.750419810020304,8.321010551642901,16.96533747712975,39220.0,0.4363,20500.0,56.397420455686046,8.989788881226222,65.93134909241715,64.81481481481481,19.414936038536386,99.01234567901234,19.60953201263279,0.4174015285126396,3.6042634388913517,11.444444444444445,28.74255536495577,26.6330011757223,34.21448258581809,16.880288341075108,3.3045506235183013,11.544444444444444,11.701369112013268,0.1569246675688234,"Etowah County, AL",Alabama
1488,2143,2.8259978322655077,2.637010728995487,train,40037,70761,49.580983875298536,50.419016124701464,79.6851372931417,2.321900481903873,99.11458029941166,68.01421331624628,31.10036698316537,0.8854197005883382,12.513054210576286,83.970378809456,3.5165669799677204,22.314603964765485,52.42634468393086,25.25905135130364,54.63022978652226,30.3886925795053,14.981077633972445,15.510514387354045,28.34890965732087,15.483165719282903,16.34076615208691,3.0,31.41997907949791,72.95451076171577,35.570905205312165,5.987635475499925,13.444512288200276,45016.0,0.446,23010.0,58.96440006820636,5.382044855729066,64.17781406854152,57.80829294561121,15.792886476620474,98.16011488063185,23.44676865438652,0.3769520732364028,3.663034722516641,16.77777777777778,30.961970577012767,24.904961772727923,34.45542035867215,16.35505433784147,17.992962224954425,16.877777777777776,13.971376891349985,-2.9064008864277913,"Creek County, OK",Oklahoma
1489,3128,2.0780516873907815,2.0491222499017265,train,56033,29738,49.41489003967987,50.58510996032013,93.67139686596278,0.8104109220525926,99.51357288561115,73.93692138710183,25.576651498509325,0.4864271143888279,18.093655996049023,79.0553585058142,2.8509854981367577,22.71457905544148,54.977412731006154,22.30800821355236,32.6800517514016,37.955819636781825,29.364128611816568,8.288658358281696,11.761556309120113,8.301995950245878,13.374098999077649,5.0,41.23867069486405,76.95182063921129,35.09301955795833,2.9177929718556213,4.9689934806805525,55455.0,0.418,29892.0,63.85378864063661,3.4100246507806085,75.42786600078558,70.77227722772277,10.493238314348242,98.13861386138613,16.76673587340778,0.6336633663366337,4.189925348039544,7.8888888888888875,28.085278095366203,25.159728293765554,35.496670926087845,17.469231286569368,5.518192211984665,7.988888888888888,7.761085821843203,-0.2278030670456852,"Sheridan County, WY",Wyoming
1490,603,1.9909138641722421,2.0965373297260053,train,17029,53037,48.17391632256725,51.82608367743275,92.93323528857212,3.459848784810603,99.91616013414377,62.041500733598824,37.874659400544964,0.08383986585621463,17.094256860144856,72.38090380495768,10.52483933489748,39.1029900332226,40.839424141749724,20.057585825027687,41.87017001545596,33.99381761978362,24.136012364760433,22.306188128895588,34.34930535866175,27.43092412107176,12.961088081911786,5.0,23.33034049312798,74.76617765750369,28.618905189194322,4.690689835256137,16.60732089445948,39588.0,0.4918,23525.0,63.60768367919237,9.35376024100812,71.8823363032103,71.34597283851016,18.294442087399236,96.69221460266235,13.553952764814026,0.0,2.2795406980032804,7.222222222222222,26.75867790410468,38.57118615306295,28.664894319060284,14.699172275958292,3.6069159266172672,7.322222222222222,8.13794205883854,0.8157198366163181,"Coles County, IL",Illinois
1491,1876,1.6072132174119893,2.089842039851341,train,36109,103855,49.22728804583314,50.77271195416687,81.26041115016129,4.1548312551153055,99.13524511985756,68.830673364278,30.304571755579577,0.8647548801424302,16.834127037359984,65.95881682205379,17.207056140586225,49.45599506651397,35.31296802043873,15.231036913047307,25.58029769229473,23.592872916069652,50.82682939163562,20.54659458501352,21.51356496906235,26.786771546984692,9.546094470605368,4.0,14.868964258832653,77.06968278731149,25.83983359334373,3.809152366094644,10.447217888715553,52624.0,0.5021,28460.0,59.536265803905366,5.784980633226062,82.97238729576304,72.71204889893663,12.506148712426386,95.3361801892322,6.782860713383587,1.222473415389768,4.639160367820518,4.888888888888889,28.627413220355304,45.51345626113331,27.136873525588555,11.816474892879492,14.584757594723413,4.988888888888889,8.08363817076351,3.0947492818746216,"Tompkins County, NY",New York
1492,2854,1.9756230463738251,2.0216270028737533,train,51085,101340,49.02999802644562,50.97000197355436,86.44069469113875,9.29938819814486,98.97915780518929,78.82177796682262,20.157379838366648,1.0208421948107191,10.015688652753424,86.9876468339244,2.9966645133221714,24.209990424126353,57.112207420696,18.67780215517764,35.442927425693576,28.839043987074607,35.718028587231814,6.0183693200128925,8.58861379213876,5.751812224340156,10.028032366448636,2.0,27.003904085761036,82.07297867228998,30.27787416918025,2.8828444064810608,5.0503163120946,78645.0,0.3913,34701.0,70.59273968513544,4.193708517953338,87.18084679039127,74.81436479006345,6.825741142443963,97.38760631834751,8.430947216196675,0.2160118806534359,2.4985198342214328,7.1111111111111125,30.74995066114071,24.05269390171699,37.75804223406355,14.897375172686006,4.2599171107164,7.211111111111112,7.550599792900133,0.33948868178902103,"Hanover County, VA",Virginia
1493,2594,1.410986973710262,1.543003022315349,train,48157,658331,49.1345538946214,50.8654461053786,52.50671774532872,20.84468147482042,99.73658038330242,77.40881111738301,22.327769265919414,0.2634196166975781,6.578343828904332,91.28874751900135,2.132908652094327,27.806049652810806,55.805312470274885,16.388637876914302,28.628913251607052,27.654484507758717,43.716602240634224,8.242277990798135,12.665440952647664,7.5895817980840095,7.820353249345906,2.0,16.972469285490202,89.60754263099695,19.398316099870023,3.1844724232254062,7.826837643315809,89152.0,0.4248,35962.0,70.2146294039928,4.9085685705223625,77.06596406763741,54.931899764697796,5.808429231250979,88.79308864194563,19.211141772350086,4.283530563523007,24.024692745746442,4.0,35.866456235541094,28.36323976844475,34.37085599797062,8.961753282163533,26.648600779850863,4.1,4.678619193704952,0.5786191937049523,"Fort Bend County, TX",Texas
1494,2585,1.7127964254212538,2.091992809797378,train,48139,157058,49.389397547402865,50.61060245259714,81.29735511721783,9.243718880922973,99.58230844201047,73.36056063489117,26.22174780711932,0.4176915579895112,8.366370593423433,88.95738861617683,2.6762407903997434,25.55405760883861,55.535643824806,18.910298566355387,45.07201014482544,33.758718209357795,21.16927164581677,12.10702988832225,20.562997366259804,11.397802546507476,11.694438738831261,2.0,26.836580391053594,83.6248646800752,26.41065086509791,4.58663324027121,11.156059483790095,62465.0,0.4102,26357.0,70.02484913028044,6.364696339856027,69.90958294872871,58.33717712177122,9.188554166317026,96.86346863468634,23.813669547704958,1.3145756457564577,24.71953036457869,5.4444444444444455,35.215016108698684,28.472920831794625,32.64462809917356,11.359497765156824,9.458926001859188,5.544444444444445,8.101042926899774,2.556598482455329,"Ellis County, TX",Texas
1495,1703,1.6507930981160142,2.04780557113767,train,31111,35896,49.36761756184533,50.63238243815466,95.63461109872965,0.8357477156229106,99.5095243526862,71.79194707425573,27.717577278430486,0.4904756473137904,17.982905982905983,79.1528964862298,2.8641975308641983,22.64791294916203,53.17518631258529,24.176900738252684,39.8344669343604,40.211423420470375,19.954109645169225,12.784139463339601,22.20496894409937,12.386334664740374,14.846632678928545,5.0,33.9115031184264,75.21652231845437,34.137241838774145,7.228514323784144,12.278481012658224,50194.0,0.4329,27056.0,66.23629355188802,3.6951240183061187,73.20637943346824,66.95241427571729,14.496548440847418,99.03778866340099,16.643656272316115,0.0,7.973033207042568,5.111111111111111,31.089815021172274,25.41787385781145,33.37419211054157,16.69545353242701,3.529641185647426,5.21111111111111,7.75087368947982,2.53976257836871,"Lincoln County, NE",Nebraska
1496,2117,1.9909138641722421,2.0921478826293347,train,39161,28576,48.93617021276596,51.06382978723404,96.57754759238522,0.8993561030235162,97.48446285883398,68.85173128144422,28.63273157738976,2.515537141166025,13.904265711494624,83.11392287295901,2.981811415546355,22.98217461074728,54.75994275057466,22.25788263867806,57.10189452124936,27.24014336917563,15.657962109575012,12.838801711840224,22.21386957338846,12.647104974109526,14.620957766389825,5.0,30.407451592181328,72.72567151034787,36.098634962571545,5.741963892558345,13.12197269925143,48060.0,0.4186,24422.0,64.47044620884988,6.769895570759813,73.4266570949988,72.2671644886953,18.808327351040926,98.38207840696951,11.886815027518544,0.08297033810412778,2.7645576707726764,7.222222222222222,30.42413213885778,24.70954647256439,33.885078387458016,17.67217245240761,2.5230963045912653,7.322222222222222,8.10229927597854,0.780077053756318,"Van Wert County, OH",Ohio
1497,1045,3.11548866949555,2.618516049975221,train,21117,163007,49.33346420705859,50.666535792941396,90.36237707583108,4.567901991938997,98.47667565677756,59.97402856857458,38.50264708820298,1.5233243432224552,14.816779090773487,80.17054212174949,5.012678787477004,32.014410736926735,44.725082722577845,23.26050654049541,40.22901043290123,30.8815709859,28.88941858119877,14.603198344738185,29.81405505558497,13.502556131907642,14.200065652155066,2.0,27.84930737094134,79.69626355966251,27.469666532744075,6.290076335877862,14.106870229007635,54296.0,0.4461,27847.0,69.88600797285278,7.547436652916912,74.6256972306488,64.58224950577464,15.059203444564044,97.82020601394235,14.078676974263626,0.0,2.9060101713423347,22.44444444444445,30.831804769120346,29.70301888875938,33.430466176299184,12.262050096008151,5.069720932229903,22.544444444444455,13.715355574016462,-8.829088870427993,"Kenton County, KY",Kentucky
1498,29,2.48398029492787,2.483722678217406,train,1059,31634,48.40045520642347,51.59954479357653,88.27211228425112,4.9124359865967,99.6983606557377,56.18360655737706,43.514754098360655,0.3016393442622951,13.469094596307409,84.32126410072246,2.2096413029701294,24.1128010139417,47.74239543726237,28.14480354879594,62.87069988137603,25.71767497034401,11.411625148279953,22.476946721311478,63.515862668405035,20.892401835798065,19.133677567412512,6.0,17.638222407677862,67.54590984974959,38.29716193656093,8.848080133555927,19.958263772954925,35372.0,0.439,18595.0,56.9433898591074,9.659974812949107,63.94996007452754,62.22312538102012,15.99148256587703,98.37431416378784,23.380356667553897,0.0,15.673010052475185,11.888888888888893,30.758045141303658,27.84662072453689,31.9466396914712,15.966997534298539,6.815451729152179,11.988888888888894,11.985800748566575,-0.0030881403223190773,"Franklin County, AL",Alabama
1499,2794,2.6998686753609076,2.59976524977425,train,49049,551957,50.3095349818917,49.69046501810829,91.94593057067853,0.6078372047097872,99.63370535946896,88.21135669699149,11.422348662477464,0.3662946405310491,5.132856006364358,86.15375714182396,8.713386851811672,31.65302156339804,56.78921416609812,11.557764270503835,23.48790511055353,39.1688199022537,37.34327498719277,13.210007727975269,13.586674538851018,16.135418927265743,7.249453341138837,3.0,13.230876507914374,88.5271850414915,18.854402414053236,3.1509322125229016,8.678198081689839,62180.0,0.4171,21335.0,69.89230713096879,5.155810778250743,80.09717891984309,67.43801652892562,7.169931107311674,95.04919323101143,15.163305843306846,1.2882067427521973,11.10358234427682,14.777777777777779,44.14184438280518,38.22526030107417,19.849915844893715,6.967028228648246,7.446232224611701,14.87777777777778,13.460577790407111,-1.4171999873706689,"Utah County, UT",Utah
1500,1145,2.0780516873907815,2.057648942931767,train,22077,22498,47.81313894568406,52.186861054315926,62.05440483598542,35.90096897502001,99.82847341337907,58.07127882599582,41.75719458738328,0.17152658662092626,14.430039710348053,83.3858911469283,2.1840691427236627,30.910692654993944,43.67911023015086,25.410197114855194,61.23965873836608,25.40072388831437,13.359617373319544,19.554123019070644,40.69077172153265,20.050476724621426,17.598676858432793,3.0,21.163990493304734,69.3330277332111,38.242035296814116,7.345862938345175,17.167086866834747,43825.0,0.4873,25024.0,57.55664564354122,7.873376623376624,63.44547301874012,63.74771957258275,14.111537593136148,96.89861871253584,25.02445999849477,0.20849622100599427,2.4002133522979823,7.8888888888888875,29.713752333540764,23.628767001511246,35.45648502089074,17.59267490443595,2.0446261889945774,7.988888888888888,7.827545154733936,-0.1613437341549524,"Pointe Coupee Parish, LA",Louisiana
1501,2269,2.4462043207689623,2.100940672276682,train,42063,87895,50.3464360885147,49.65356391148529,94.49229193924567,2.5086751237271745,98.86893294388169,76.16680131750668,22.70213162637499,1.1310670561183271,14.918007895535984,76.90100212572123,8.180989978742787,35.14096874958105,46.758992371733854,18.100038878685094,55.40139631557442,21.9981879874225,22.60041569700307,17.29645310460108,25.752508361204015,19.813490267089183,13.862314979963402,5.0,26.428033787739395,73.13349578697043,36.064707436657756,5.6897918440445086,11.987316872669625,45195.0,0.4541,23450.0,59.24676064359961,7.688240524886442,76.51527309688119,73.48597272277577,14.536635817329126,97.8446752879655,12.774835499919755,0.4027983888064448,1.308379316229592,11.444444444444445,27.207463450708232,32.70151885772797,32.323795437738205,16.611866431537624,2.9990329370271347,11.544444444444444,8.173855216320462,-3.3705892281239827,"Indiana County, PA",Pennsylvania
1502,2242,2.4462043207689623,2.3969452907559683,train,42009,49086,49.92054761031658,50.07945238968341,97.71829034755328,0.5683901723505684,98.24081313526192,70.20132916340891,28.039483971853013,1.7591868647380766,13.45726462206186,84.2026825633383,2.340052814599838,22.83731083368081,54.8159230825832,22.34676608373599,64.84971981660723,21.68449651893361,13.46578366445916,13.751060878925252,24.65156794425087,13.862622658340767,17.438506860038732,6.0,30.70166400494565,72.09,41.445,4.995,15.225,45930.0,0.414,23195.0,62.04518741021288,7.080912688389324,74.69590602627372,64.39911681211228,15.225550844512409,98.01282725265482,14.676444011955235,0.4941646514562086,1.0512162327343846,11.444444444444445,26.852870472232407,21.94923196023306,37.09611701910932,20.05867253392006,1.7133194800961575,11.544444444444444,10.989555159524528,-0.5548892849199163,"Bedford County, PA",Pennsylvania
1503,729,2.1959892467282267,2.3463789236496293,train,18077,32453,47.869226265676524,52.13077373432349,94.90339876128556,1.9381875327396545,99.78392394122733,57.69230769230769,42.091616248919614,0.216076058772688,14.615984067884664,83.14572690276214,2.2382890293531905,27.19486875278066,47.43437639033071,25.370754856888627,52.821259555879145,29.60047324353841,17.578267200582456,14.451136325824375,25.44822539334065,14.582098399525789,15.149658108631144,5.0,32.880263984915146,76.11469985820072,35.68615093745077,4.61635418307862,13.526075311170633,45718.0,0.3947,22139.0,64.97755237778516,8.828609813831488,71.06141174017306,69.49117767747231,15.47283912000834,99.54862535904802,18.55385257011782,0.0,2.428126829568915,8.888888888888891,29.37478815517825,27.609157859057717,35.15545558191847,15.674976119311006,3.1584137059747945,8.988888888888889,10.447669337687882,1.4587804487989935,"Jefferson County, IN",Indiana
1504,769,2.312535423847214,2.1411035236118225,train,18157,180952,51.04447588310712,48.95552411689288,85.01149476104159,4.457535700075159,98.7533320767926,66.7842429790786,31.969089097713994,1.24666792320741,15.855524473362903,67.35777320989753,16.786702316739564,44.01836692347339,39.14818706952523,16.833446007001385,36.32345686469943,28.515912088354632,35.160631046945944,22.157241843094397,27.22756799944419,28.81703798447307,9.604248719693842,4.0,18.29622661231316,82.18460357754293,22.731566208158693,3.078694137788536,10.595371627604935,45932.0,0.4726,23529.0,64.4553834886161,6.2517754517841935,78.15840329732895,74.71663196854037,8.399688870712952,96.80777238029148,15.332739942425047,0.5551700208188758,7.9358061806445885,10.0,30.075379106061273,44.04372430257747,25.298421680887753,10.02199478314691,10.530969538883241,10.1,8.508822136057093,-1.5911778639429066,"Tippecanoe County, IN",Indiana
1505,1642,2.2442495159810822,2.1441282674942057,train,30101,5150,57.067961165048544,42.932038834951456,90.81553398058253,0.15533980582524273,100.0,70.49847405900304,29.50152594099695,0.0,16.09429569266589,81.51920838183935,2.3864959254947613,28.62045298558682,48.27270647449096,23.10684053992221,52.0021645021645,34.577922077922075,13.41991341991342,19.218819351975146,40.2962962962963,20.033726812816187,16.6446499339498,6.0,39.52483801295897,79.76673427991886,30.22312373225153,5.6288032454361066,8.823529411764708,44804.0,0.4218,22101.0,64.62489463332398,3.173913043478261,62.16884493111975,61.67582417582418,12.751677852348996,99.31318681318682,29.706817379018013,0.0,3.0873786407766985,9.333333333333334,24.912621359223298,28.174757281553397,37.708737864077676,15.029126213592233,9.029126213592232,9.433333333333334,8.534598106962383,-0.8987352263709507,"Toole County, MT",Montana
1506,2387,1.410986973710262,1.3110310837335286,train,46065,17466,48.62590175197526,51.37409824802474,83.30470628649948,0.7557540364136035,99.5178399228544,81.99132111861137,17.526518804243008,0.4821600771456124,21.55610155610156,76.56019656019656,1.8837018837018842,28.45290036478077,52.30670195265002,19.240397682569203,36.64544928494668,30.43729850376127,32.91725221129206,10.179970617042118,19.377990430622013,8.959307970694677,9.767780270417752,5.0,27.639891696750894,85.19038920893635,27.638049740059014,1.8547140649149918,9.119010819165377,59177.0,0.4121,29642.0,78.79303361684893,3.0944792844659195,82.10147822612865,65.75225032147449,9.858170195765082,98.19974282040293,11.985617259288853,0.0,2.679491583648231,4.0,29.199587770525593,26.7204855147143,34.93644795602886,14.582617657162485,15.939539677086909,4.1,3.709997058394792,-0.39000294160520754,"Hughes County, SD",South Dakota
1507,2196,2.8259978322655077,2.641306738119699,train,40143,623335,48.736072898200796,51.26392710179918,71.04446244796138,10.086550570720402,99.23349651761379,62.48612092459877,36.74737559301504,0.7665034823861916,16.282906990503154,78.22079840126916,5.496294608227679,29.743099358208127,46.21739192621335,24.039508715578524,37.03605089480081,32.60506729188084,30.358881813318344,15.73294203961849,30.66360789698421,15.065901050290124,13.307688325805907,3.0,26.52742786083591,80.35191807542262,26.323146944083227,4.921570221066321,13.573228218465538,49759.0,0.4829,28350.0,69.22074163059493,6.208381802747822,68.48844929347003,66.3109181431747,11.145817541181577,96.41998258088837,23.191330304725362,0.8540564431214007,11.656172042320742,16.77777777777778,31.984727313563344,30.565747150408693,31.223018120272414,12.708415218141127,18.86898698131823,16.877777777777776,14.031527164504613,-2.8462506132731633,"Tulsa County, OK",Oklahoma
1508,1982,2.6222502112988773,2.4705666405313114,train,37197,37971,49.263911932790826,50.73608806720917,91.39343182955412,3.3815280082167973,100.0,66.80911680911679,33.19088319088319,0.0,15.315346161747586,82.74669588440732,1.9379579538451004,22.890017355531274,50.88384649996785,26.22613614450087,56.78849203352715,31.261798686098317,11.949709280374535,20.285585370385114,51.99710825953371,19.452267254397785,16.934093621535606,3.0,24.64361900247181,69.8679159346737,40.516624373739354,5.556639989589434,14.607326436332881,37796.0,0.4536,21372.0,58.161068780537796,7.977910938785103,66.11570247933885,60.6994937873907,17.856514858449096,98.12854732320908,21.720590821171093,0.0,10.479049801164047,13.666666666666664,28.66398040609939,23.088672934607988,36.98085380948619,17.7082510336836,5.225040162229068,13.766666666666666,11.829147827554756,-1.9375188391119096,"Yadkin County, NC",North Carolina
1509,1981,1.9756230463738251,2.0257203522355187,train,37195,81581,47.53067503462815,52.46932496537185,50.86846201934274,38.388840538850964,99.48413721949964,55.326283208666496,44.15785401083312,0.5158627805003869,15.280435499835038,81.00131969646979,3.7182448036951503,31.901343921808184,42.41753207086133,25.681124007330478,53.13235642986186,28.82534352816657,18.04230004197157,23.085670015494586,62.20293274903085,22.327771851792217,14.641241111829348,5.0,27.26524950808039,72.04949535981002,35.096709683467175,8.933537480861167,19.920007499296943,39847.0,0.4563,21486.0,62.30013106159896,9.716524666035554,61.81411663350497,61.437057531125404,18.461159771081626,98.32370412564082,24.28052757892145,0.6591260476849214,9.932459763915617,7.1111111111111125,30.445814589181303,26.335788970471068,33.95521015922825,15.883600348120275,10.742697441806305,7.211111111111112,7.5815703792142255,0.37045926810311336,"Wilson County, NC",North Carolina
1510,1365,1.8082887711792655,2.1695031508754203,train,27115,29218,53.40885755356288,46.59114244643713,91.61133547812992,2.132247244849065,98.90325748895071,66.63938451465053,32.26387297430021,1.0967425110492717,15.618851307036447,79.79949405040756,4.581654642555981,26.567411083540115,48.37882547559967,25.053763440860216,53.5560293769249,33.224354418384266,13.219616204690833,14.63085780919758,26.059456040480708,14.873688717619356,16.669685224761835,6.0,35.46612372205857,71.89507965848077,38.36810139952469,4.841123140568612,13.28228148930552,44549.0,0.4168,22436.0,62.07635009310986,7.057147142642868,68.81293866341166,68.47890088321884,24.046383887702174,98.94013738959764,12.480927677754044,0.2944062806673209,2.6627421452529263,6.0,26.606886166062022,24.361694845643097,36.836881374495185,17.817783558080638,6.256417277021013,6.1,8.753933575834209,2.653933575834209,"Pine County, MN",Minnesota
1511,1962,2.5640942911418034,2.534930305475818,train,37157,92300,48.26977248104009,51.73022751895992,75.51029252437705,18.40628385698808,98.61994664477734,58.55222655448389,40.067720090293456,1.3800533552226557,15.251222142847135,81.68816797635556,3.0606098807972995,25.617009012785573,47.39179417312933,26.991196814085107,56.05003976264759,30.190554841867005,13.75940539548541,18.685578363139808,34.62435507809739,20.219128511835954,17.692737368980207,3.0,27.76815181518152,68.8449564962882,40.48905090067318,7.3597105074102664,17.821887555543736,38126.0,0.4336,20726.0,59.1992307263504,10.212104804727042,65.50116966374401,61.10300184045187,20.598582117537813,98.35628609506884,18.81640743584707,0.3300120581328933,5.8624052004333675,12.888888888888893,27.13976164680391,24.236186348862404,36.840736728060676,17.71397616468039,6.083423618634887,12.98888888888889,12.615551582532424,-0.37333730635646667,"Rockingham County, NC",North Carolina
1512,2678,1.2335316065674804,1.9286783011572004,train,48325,47392,51.65850776502363,48.34149223497637,90.23885887913572,2.276755570560432,99.21177999133823,70.74058033780858,28.471199653529663,0.7882200086617583,8.757846450989861,86.45581844519555,4.786335103814583,27.334684103886534,50.03815488250928,22.627161013604198,50.16645326504482,30.92189500640205,18.911651728553128,14.92811806131832,26.70467247932037,14.721407624633432,16.274706867671693,2.0,38.30553926087321,77.88313856427379,35.405676126878134,8.280467445742905,15.91318864774624,57338.0,0.4392,23830.0,62.59445464671704,6.079261254328588,70.18279326233099,57.47143493099867,14.827403882468465,97.61092150170649,20.50003776720296,1.3206707226591483,50.780722484807555,3.333333333333333,31.876688048615804,26.989787305874408,33.77152261985145,14.850607697501689,7.4843855503038474,3.433333333333333,6.880410398818064,3.447077065484731,"Medina County, TX",Texas
1513,2822,2.2082744135228043,2.2185123716093953,train,51019,76463,49.130952225259286,50.869047774740714,90.02393314413506,7.119783424662909,99.45544554455444,75.79207920792079,23.663366336633658,0.5445544554455445,12.859653527491838,83.9183195246464,3.222026947861746,22.322468902535032,57.384663832467325,20.29286726499764,42.912866717943075,30.36845767864337,26.718675603413548,9.718413836743304,14.652513806211,9.77063126822024,14.029226459021142,3.0,34.757342808281734,75.93082932888758,36.889934948187374,3.1839429897682328,9.175901408911118,56316.0,0.4233,28524.0,62.73559684534153,5.614446279230808,78.12377167314494,67.01295004980788,11.22199414770494,98.39903230397042,13.593483862514741,0.4696171908353494,1.9107280645540976,9.0,27.521807933248763,22.00279873925951,38.16747969606215,18.646927272013915,2.8562834312020198,9.1,9.193643962121916,0.0936439621219165,"Bedford County, VA",Virginia
1514,2938,2.714694743820879,2.6585221483624313,train,51770,98736,48.11922702965486,51.88077297034517,64.15390536379842,27.764948954788533,98.78212549201204,49.7383653623524,49.04376012965965,1.2178745079879605,20.58011970300857,73.11481091456831,6.305069382423119,35.52623374031902,35.901625032737606,28.57214122694337,45.96047914662936,30.414444347293873,23.62507650607677,21.212089877881066,48.9166725864886,21.938890498728227,17.586872190636484,3.0,28.882447748778205,75.03255285399749,31.70292857311963,7.9050166907360495,19.884466961812546,39930.0,0.4632,23685.0,66.16418284778965,8.187694517596361,62.599495243642,60.45177482968806,18.41875364006989,96.78020795984224,22.46651135701805,0.7099318752240947,5.882352941176469,15.0,27.20081834386648,30.299991897585482,33.003159941662624,14.724112785610114,8.081145681413059,15.100000000000003,14.275176908606797,-0.8248230913932062,"Roanoke city, VA",Virginia
1515,214,2.25595925165399,2.394860502196151,train,6061,366280,48.79573004259037,51.20426995740963,83.64393360270832,1.4150376760947907,99.3792027038128,76.36628214004905,23.012920563763746,0.6207972961872015,11.800854265732243,83.32882009510296,4.870325639164799,26.070547640549393,53.44987936542168,20.479572994028924,25.313298117038656,38.2485445517854,36.43815733117594,8.933377779369508,11.747669113271177,9.234933024770047,10.855306598582557,2.0,30.24289892961609,74.08974131821401,33.20561658398299,3.5701630049610205,5.625442948263641,73948.0,0.439,36022.0,62.990906150030575,8.0395099488151,79.10259910324692,73.19516240720165,11.080314465117786,96.63429795320224,12.98996358386585,0.4750632075623621,13.420880200939171,9.444444444444443,29.95304138910123,25.357922900513273,34.15064977612755,17.201048378289833,14.941028721196899,9.54444444444444,10.96666812625261,1.4222236818081697,"Placer County, CA",California
1516,2499,2.376454941560501,2.2717626874435455,train,47157,937750,47.68445747800587,52.31554252199413,40.164862703279134,52.71852839242868,99.36470725643636,49.26334406754209,50.10136318889427,0.6352927435636461,15.85784486609767,79.02427053208248,5.117884601819847,40.392197242100636,36.17175497020721,23.436047787692146,40.284199222489534,29.48179842999492,30.23400234751555,21.358352565935306,50.02051029616867,20.74693203481364,12.541778011663805,1.0,23.64709788033957,79.97978250351359,25.467997603852268,6.682717784484942,21.070260120268184,46224.0,0.5047,26285.0,68.35498808089238,9.981175647007099,65.55691235387741,60.82905198179367,17.353259974754405,95.96608778886913,20.704818615882765,0.8468285440800141,5.901146360970408,10.666666666666666,32.79274860037323,30.895334577446018,32.236097040789126,11.207358037856569,7.116608904292189,10.766666666666664,9.696477618461623,-1.070189048205041,"Shelby County, TN",Tennessee
1517,1989,0.5690945318899665,0.6985759911372427,train,38011,3221,48.43216392424713,51.56783607575287,95.56038497361068,0.12418503570319775,100.0,78.99484536082474,21.005154639175267,0.0,18.66554054054054,79.85641891891892,1.4780405405405406,21.030209140201393,59.682416731216115,19.28737412858249,40.331244404655315,37.60071620411817,22.068039391226506,7.43801652892562,5.364511691884457,8.924485125858125,11.343472750316856,6.0,27.618657937806873,77.5599128540305,32.24400871459695,3.1953522149600584,3.4858387799564268,66845.0,0.4359,34414.0,70.67226890756302,1.0107015457788349,87.53493571827838,73.43485617597294,7.098937954164338,99.15397631133672,9.502515371716044,0.0,4.408568767463521,1.6666666666666667,29.74231605091587,21.76342750698541,33.995653523750384,20.11797578391804,4.315429990686122,1.7666666666666668,2.0108871465439475,0.24422047987728068,"Bowman County, ND",North Dakota
1518,2111,2.2789752273549118,2.0136359583178383,train,39149,49067,50.115148674261725,49.884851325738275,94.51362422809628,2.604601870911203,99.04761904761904,71.89314750290359,27.15447154471545,0.9523809523809524,12.062344069744626,85.39791999551481,2.5397359347405604,25.095017441557765,55.5526630915812,19.352319466861037,53.99634301298541,29.668081941302265,16.33557504571234,10.25017014869965,16.513677253534055,9.720136100297335,12.01264705278502,5.0,27.18973053726553,78.27048605491719,29.1902681124238,4.54226681771592,9.882936829044613,54550.0,0.4198,26741.0,68.9158982956133,6.040948712750861,80.02061855670101,67.72795216741405,13.017182130584192,98.05680119581464,10.628865979381443,0.0,1.532598283979049,9.666666666666666,33.34012676544317,24.749831862555286,34.85642081235861,14.06851855625981,2.8817739009925205,9.766666666666666,7.490503051199908,-2.276163615466758,"Shelby County, OH",Ohio
1519,2647,0.6875761355104899,1.0461010157534145,train,48263,821,51.522533495736894,48.477466504263106,92.44823386114494,0.3654080389768575,98.67549668874172,74.17218543046356,24.503311258278146,1.3245033112582782,24.51612903225807,73.54838709677419,1.935483870967742,11.80866965620329,56.801195814648715,31.390134529147982,47.4025974025974,27.759740259740266,24.83766233766234,9.62288686605982,33.035714285714285,6.34648370497427,24.25421530479896,6.0,25.37764350453172,82.52688172043011,41.12903225806452,5.376344086021504,8.60215053763441,47024.0,0.4595,27962.0,65.0,1.488833746898263,74.16267942583733,72.27722772277228,8.373205741626794,99.5049504950495,21.052631578947366,0.0,17.904993909866022,1.8888888888888888,22.77710109622411,18.75761266747869,32.521315468940315,29.354445797807553,7.1863580998781975,1.988888888888889,2.8465308742868136,0.8576419853979247,"Kent County, TX",Texas
1520,90,1.4637696732881809,1.5640093277780496,train,2270,7914,53.070507960576194,46.929492039423806,4.700530705079606,0.3538033864038413,99.87445072190836,55.02197112366603,44.85247959824231,0.12554927809165098,4.847048685911245,92.11546747091772,3.037483843171047,57.05544933078394,29.31166347992352,13.632887189292545,71.4710654407788,23.52623039480801,5.002704164413196,33.2994665989332,65.93059936908517,40.83582089552239,10.201240349322873,6.0,18.567189487070788,90.19607843137257,21.74688057040998,8.49673202614379,59.53654188948306,38229.0,0.4082,11569.0,61.03923647932131,28.52675469075747,23.54035822284252,18.509615384615387,36.380553617120256,93.26923076923076,44.219585950220974,5.288461538461538,1.023502653525398,4.2222222222222205,50.252716704574176,31.147333838766738,23.338387667424822,5.256507455142786,94.94566590851656,4.322222222222221,4.777939218848638,0.45571699662641674,"Wade Hampton Census Area, AK",Alaska
1521,480,1.7520942128356236,1.910964471163197,train,13201,5936,47.79312668463611,52.20687331536389,68.66576819407008,31.064690026954175,99.56140350877192,43.932748538011694,55.62865497076024,0.43859649122807015,14.932540589983992,83.42099245369312,1.6464669563228906,24.98426683448709,46.27648416194672,28.739249003566194,60.74975173783516,26.43992055610725,12.810327706057596,27.87794729542302,68.45965770171149,31.358467983243564,15.41392448908902,6.0,19.442003514938488,67.97138047138047,38.55218855218856,4.461279461279461,23.863636363636363,33983.0,0.4612,18904.0,57.608200455580864,6.524317912218268,57.43387047734874,61.126248864668476,16.813621161447248,98.3651226158038,29.036181210094252,0.0,0.10107816711590296,5.666666666666668,29.599056603773583,25.0,32.31132075471698,19.373315363881407,0.2695417789757413,5.766666666666667,6.7596050998271995,0.9929384331605329,"Miller County, GA",Georgia
1522,1027,3.033349137125298,2.484077104036369,train,21081,24670,49.61086339683828,50.389136603161724,94.85610052695586,0.3161734900689096,99.86863231645016,65.30433513355715,34.564297182893014,0.13136768354984674,9.138981492125533,88.4699390734567,2.3910794344177493,23.03391529089087,52.03860963130968,24.927475077799464,62.256586483390606,25.33409698358152,12.409316533027873,18.440922668436773,38.668320926385434,17.371652162180396,15.199637023593464,2.0,27.70293027955541,75.08708708708708,36.25225225225226,7.363363363363364,21.093093093093085,44824.0,0.4004,19667.0,61.55924797332261,5.91202017371813,69.33802719679713,59.08465244322092,19.838475874922345,98.93324156916724,15.807275488368886,0.4817618719889883,2.468585326307256,20.666666666666668,34.880421564653425,26.54641264693961,33.4292663153628,12.253749493311716,4.827725982975274,20.766666666666673,11.990049578715887,-8.776617087950786,"Grant County, KY",Kentucky
1523,417,1.9909138641722421,1.9343120504765594,train,13075,17033,48.14184230611166,51.85815769388833,69.13638231667939,27.69917219515059,99.35726950354609,63.80762411347518,35.54964539007092,0.6427304964539007,10.715441890579477,86.38718031725477,2.8973777921657486,28.921938698475014,48.59580250641703,22.48225879510796,64.28891477730978,22.860471368402184,12.850613854288016,25.13622364368633,43.77201408901697,30.2301145318903,14.968322576825152,6.0,25.0,74.3706350495371,33.2142277082995,6.967679064479452,20.20464511937632,35683.0,0.4733,18790.0,60.21653066171125,6.2122635180464245,49.16807811098934,49.10256410256411,16.000797050911633,97.94871794871794,37.88980771146757,0.0,5.870956378794106,7.222222222222222,33.19438736570187,27.693301238771802,31.48593905947279,14.331004520636412,3.164445488170023,7.322222222222222,6.919282300681336,-0.4029399215408862,"Cook County, GA",Georgia
1524,612,2.3014733641413554,1.8496693649705531,train,17047,6649,49.39088584749586,50.60911415250413,97.60866295683563,0.5564746578432848,99.47643979057592,69.3717277486911,30.104712041884817,0.5235602094240838,17.077986179664368,81.22408687068115,1.6979269496544915,24.02380066939383,54.22089996281145,21.75529936779472,48.47765061541784,40.488015547397964,11.034333837184192,12.868592166943898,20.28413575374901,13.2146829810901,15.600907029478455,6.0,29.302598163703852,74.25493716337522,36.337522441651714,2.9802513464991023,12.603231597845602,44497.0,0.4129,22885.0,61.96186357381561,7.201776649746193,71.74421627242008,73.38709677419354,19.521705224850532,98.14516129032258,12.841174941512866,1.5322580645161292,0.9926304707474808,9.888888888888893,28.711084373590012,23.23657692886148,34.72702662054444,19.055497067228156,1.8348623853211008,9.98888888888889,6.3577170910746075,-3.6311717978142832,"Edwards County, IL",Illinois
1525,1419,1.513905485712537,1.6462418977757836,train,28049,245874,46.8666878157105,53.13331218428952,27.30056858390883,70.30796261499792,98.93804736697264,40.91269648551956,58.025350881453065,1.0619526330273743,15.246005010424184,80.14065544528583,4.6133395442899925,43.62046398499418,32.33466283276134,24.044873182244483,39.070740134569924,33.265139116202946,27.664120749227127,25.864490894561968,58.500780843310785,28.307170008414825,13.036527428449313,3.0,21.42097252000851,76.73441337509294,28.411933034406616,9.205515873910008,20.944773664405943,37324.0,0.4917,20598.0,64.15018411942405,9.782505950795302,62.941405995968005,54.32800173699065,18.52181830005853,97.4053701961352,22.929700201599804,0.6767026127234567,1.5674695169070336,4.4444444444444455,33.18000276564419,32.168915786134356,30.76169094739582,11.661664104378664,2.391468801093243,4.544444444444445,5.187448188644631,0.6430037442001861,"Hinds County, MS",Mississippi
1526,92,0.09531017980432493,0.8477862134957228,train,2282,643,57.07620528771386,42.923794712286146,39.65785381026439,1.3996889580093312,100.0,47.7124183006536,52.28758169934641,0.0,19.483568075117365,77.23004694835682,3.286384976525821,35.521235521235525,33.78378378378378,30.694980694980696,50.22831050228311,34.47488584474886,15.296803652968034,5.4432348367029535,6.9930069930069925,5.376344086021504,8.087091757387247,6.0,36.122448979591844,93.2,31.6,0.8,18.0,72500.0,0.3405,33159.0,81.83673469387756,7.481296758104737,62.945368171021386,62.31884057971014,12.82660332541568,91.30434782608695,27.078384798099762,1.4492753623188406,2.6438569206842923,1.0,30.1710730948678,23.172628304821156,42.301710730948685,10.730948678071536,58.94245723172629,1.1,2.3344731022020615,1.2344731022020614,"Yakutat Borough, AK",Alaska
1527,1421,1.094901709271574,1.1951937802078687,train,28053,8984,47.617987533392714,52.382012466607286,22.606856634016037,75.40071237756011,99.79797979797979,33.09090909090909,66.7070707070707,0.202020202020202,16.97554897990967,77.58916056688989,5.4352904532004365,46.36231884057971,24.84057971014493,28.797101449275363,64.32986049796925,23.556418859261875,12.11372064276885,39.65185938736296,96.59643435980551,56.4190012180268,15.656963021243115,6.0,15.488629379225571,63.49362119725221,37.88027477919529,16.061498200850508,35.2306182531894,23216.0,0.519,13503.0,56.128328920728855,26.165371809101,40.35891561664757,24.936601859678785,31.40511645666285,97.37954353338972,31.137838869797633,0.7607776838546071,2.593499554764025,2.888888888888889,34.1273374888691,27.882902938557443,30.865983971504892,13.69100623330365,1.992430988423865,2.988888888888889,3.3041979966427193,0.31530910775383036,"Humphreys County, MS",Mississippi
1528,2494,2.2902875651836396,2.398079138609339,train,47147,67426,49.07009165603773,50.92990834396227,87.66054637676861,7.5312194109097375,99.43349463000118,71.14953381328927,28.28396081671191,0.5665053699988198,10.912390361931648,85.7042040528279,3.3834055852404474,23.74184354608865,54.62011550288757,21.638040951023775,52.216180224170465,30.025524359116634,17.758295416712908,12.025116796106296,20.06135407005779,11.657350663344333,14.050144792713851,2.0,26.540293767368002,80.80029219593361,29.718761413903646,4.809058073941803,13.81843269347835,53151.0,0.4001,24340.0,68.09735671290238,7.958375214332171,72.57339906262901,62.00847657169767,13.550596177663367,98.12809041676478,17.5453507855946,0.09418412997409936,6.1311660190431,9.777777777777779,31.711802568742034,26.789369086109208,34.98946993741287,13.039480319164715,4.808234212321656,9.877777777777778,11.002022709868552,1.1242449320907735,"Robertson County, TN",Tennessee
1529,3078,2.465270675271141,2.107322541092211,train,55077,15140,50.944517833553505,49.0554821664465,96.5257595772787,0.4359313077939234,98.47125290794285,63.509471585244285,34.96178132269857,1.5287470920571615,14.415322580645164,81.6364247311828,3.948252688172043,20.85768441004581,53.53024798610014,25.61206760385405,55.90123016580496,31.2889998217151,12.809770012479945,13.927032848680668,29.16853932584269,13.44442340465821,16.193845537681064,6.0,37.41637069463947,68.9671509791535,43.051168667087815,5.40113708149084,15.761212886923563,46242.0,0.4048,24054.0,60.21730045967404,7.397640527411518,71.2159667743424,72.91477100394296,21.608214120904474,98.8777676675766,12.263497923396402,0.06066120715802245,2.9458388375165128,11.666666666666664,25.383091149273447,19.900924702774105,38.21003963011889,21.968295904887714,3.038309114927345,11.766666666666662,8.226186496096053,-3.540480170570609,"Marquette County, WI",Wisconsin
1530,599,2.145281299175379,2.0878659954023755,train,17021,34200,51.105263157894726,48.894736842105246,96.37426900584795,1.6842105263157894,99.37406449857124,63.763777384678185,35.610287113893044,0.6259355014287659,16.85523527765562,81.11781873425818,2.026945988086195,24.91110795050491,48.67373062153321,26.41516142796188,55.98900870144468,29.76810025396561,14.242891044589696,14.608900458658733,27.997154037709,14.316979755608244,13.945525771923876,5.0,32.03026011776105,70.66295582673231,36.1806893598801,5.173767216156426,14.964675658317278,45334.0,0.418,23263.0,62.72836059034703,5.163423629657891,72.412891074605,77.13230355943587,18.802971643821284,98.32102081934185,12.08538244218897,0.0,1.5350877192982455,8.444444444444445,27.447368421052637,26.01169590643275,34.21345029239766,18.24269005847953,1.9415204678362572,8.544444444444444,8.067680314338153,-0.47676413010629126,"Christian County, IL",Illinois
1531,2521,0.36000273403140703,0.7678823575356144,train,48011,1943,50.28306742151313,49.71693257848688,90.11837364899641,1.1837364899639733,100.0,82.5,17.5,0.0,9.878213802435727,83.89715832205681,6.2246278755074425,18.584615384615386,60.8,20.615384615384613,33.6,43.41818181818181,22.98181818181818,6.922257720979768,4.43864229765013,8.278388278388277,18.157614483493077,3.0,43.16267012313675,77.17086834733894,37.81512605042017,2.661064425770308,1.96078431372549,59737.0,0.3784,28669.0,63.80243572395129,1.166489925768823,77.63636363636364,61.64021164021164,10.272727272727273,94.97354497354496,17.727272727272727,0.0,11.837364899639732,1.3333333333333333,26.65980442614514,23.160061760164695,34.79155944415852,21.461657231085947,8.69788986103963,1.4333333333333333,2.1551974802745053,0.721864146941172,"Armstrong County, TX",Texas
1532,2068,1.9443215863701753,2.021975037086558,train,39063,75428,48.973855862544404,51.026144137455596,93.36851036750281,1.3297449223100175,98.86343766392729,67.06300635309204,31.800431310835233,1.13656233607274,15.8288561448304,78.7666010603401,5.404542794829513,26.44433545855811,51.700179826712436,21.855484714729442,44.58782629190972,29.60344116433917,25.808732543751105,13.94520697465004,25.405365015317944,13.72710807003421,11.474640789191508,5.0,26.420996545263918,77.74989544123797,31.57996332400347,4.7517935849178015,10.83228774571309,50895.0,0.4289,27129.0,68.44589181846679,6.388825280512939,77.79695760060417,73.93698654870452,13.315352249433596,98.05904125665792,11.878304024166574,0.5506906202040264,4.942461685315798,6.8888888888888875,29.588481730922204,28.20040303335631,33.53926923688816,15.475685421859259,5.301744710187197,6.988888888888887,7.553228117302137,0.5643392284132496,"Hancock County, OH",Ohio
1533,735,1.7127964254212538,2.3472233181533078,train,18089,491596,48.35515341866085,51.64484658133914,61.73178789086974,24.853131433128013,99.4136249835288,56.950849914349725,42.462775069179074,0.5863750164712084,14.158424810389269,82.66369108891323,3.1778841006975043,34.756515074092995,42.72713336739908,22.516351558507925,48.178662090939504,31.408908547871704,20.41242936118879,17.949910768135062,41.727865335423715,16.509814294865464,13.585839649064575,2.0,24.83521058978117,75.07937200650251,32.33086398201992,6.862541868051538,16.69648799327929,50135.0,0.4492,24756.0,63.983642692681215,10.271551669004566,68.24504984455993,67.24293201446814,15.134073332909455,97.12556285524471,19.646687570483454,0.546246401417288,17.714749509760047,5.4444444444444455,31.668483877004697,27.64424446089879,33.416870763797924,14.18685261881708,13.415080676002244,5.544444444444445,10.456495017906416,4.912050573461971,"Lake County, IN",Indiana
1534,2564,2.5203810379816605,2.047843969349149,train,48097,38761,49.35115193106473,50.64884806893527,92.24736203916308,2.425118031010552,99.32359888340132,72.29976379643549,27.023835086965857,0.6764011165986686,12.163429802313864,83.75429941284787,4.082270784838273,24.68925098216011,53.377986732788045,21.932762285051847,45.00077327559543,34.012527064645845,20.986699659758735,13.909112413593713,28.186240444753302,12.769953051643196,15.238418906200984,5.0,29.358737963532057,76.00356213179887,32.74421153582683,3.76078914919852,13.796410467187286,52406.0,0.4414,26742.0,66.05501416822172,6.455663091812713,69.04614019520852,66.52078774617067,11.495119787045253,99.35917474210692,22.54214729370009,0.1875586120662707,16.93712752508965,12.333333333333336,31.542013879930863,25.928123629421325,32.52238074353087,17.109981682619132,5.327519929826372,12.433333333333337,7.751171314881,-4.682162018452337,"Cooke County, TX",Texas
1535,1186,2.465270675271141,2.4707925891789566,train,23031,199682,48.61479752806963,51.38520247193037,96.10180186496531,0.6840876994421129,98.95484223331098,71.0831409349321,27.87170129837889,1.0451577666890095,14.26645195097325,81.00980279386016,4.723745255166596,26.58712332213257,51.26772205351207,22.14515462435536,39.33392212633087,30.143883391169496,30.522194482499643,9.769954031531416,12.999971327809154,10.295708365526444,14.148851819866776,3.0,34.3048523538476,78.50645950783543,33.7988724779914,5.048278885141307,13.85902322013467,57919.0,0.4279,30705.0,68.56474407339542,5.667600632507559,74.90760348811929,66.54438081603436,16.23038335493949,96.65056072536389,12.587665971512086,0.2952755905511811,1.5549724061257402,11.666666666666664,26.3759377410082,24.56956560931881,37.98739996594585,17.24642181067898,3.2141104355925934,11.766666666666662,11.831820909487439,0.06515424282077653,"York County, ME",Maine
1536,2285,2.366081404553173,2.2661695499775423,train,42095,299616,48.98136281106483,51.01863718893517,86.47568888176866,5.041453059916694,98.87167964047829,69.10520824973919,29.766471390739106,1.1283203595217075,12.406222540149338,83.60423372941753,3.989543730433132,30.346375546554146,49.54083418140571,20.11279027204016,45.525210997473344,27.29029484088834,27.184494161638323,9.449129658094805,14.956093741260698,9.268905016809269,12.636947742427001,3.0,26.331915324622702,76.91694634586946,35.04210684778663,4.697725079033359,10.889335588477511,60972.0,0.4320000000000001,30176.0,65.58463746326795,6.823747004272168,80.33955857385399,72.79855123165888,12.079661519389873,97.70131500421871,11.014633357587517,0.5041878459860474,11.694969561038132,10.555555555555557,28.042894905479017,26.940817579835524,35.26680818113852,16.88995247249813,8.482858058314644,10.655555555555555,9.642395272193063,-1.0131602833624918,"Northampton County, PA",Pennsylvania
1537,1785,1.7711787615280343,1.714793186797109,train,34035,330604,48.774969449855405,51.225030550144574,68.24146108335047,9.095473738974725,99.49765572672472,82.19125148127158,17.30640424545314,0.5023442732752846,10.680802628774137,86.17037963584883,3.1488177353770417,28.80747126436781,54.391912116858215,16.800616618773947,27.689855352485004,19.811527888778624,52.49861675873638,5.038571258221044,6.391231727012963,4.975749049908665,7.842389596761647,2.0,14.26681611685632,84.25490094656806,25.84958361351058,2.393144709391541,3.7776513388161854,100667.0,0.4548,48791.0,71.66707989090881,5.888457997377452,84.909778038005,66.07385565205372,5.776721814407448,92.8977861733742,11.050678176882467,1.935082586560391,13.9586937847092,5.777777777777778,30.349905022322773,25.128855065274468,37.602388355857755,13.64593289857352,22.6630651776748,5.877777777777778,5.555526437327321,-0.3222513404504568,"Somerset County, NJ",New Jersey
1538,377,2.8390784635086144,2.9582102264684265,train,12127,503719,48.733718601045425,51.26628139895458,82.91686436286899,10.528886144854571,99.31346851935119,58.53722733404253,40.776241185308656,0.6865314806488052,15.70903809374588,77.30391681402283,6.987045092231284,27.91874385006039,44.01584644154584,28.06540970839376,45.10959816271896,33.27082229198092,21.61957954530013,17.39978726637289,36.92688783186177,18.01217347049206,16.0504363681638,3.0,38.407442393571685,64.6358277550205,42.84893595763813,4.733739634329103,15.755819762214005,41117.0,0.4642,24026.0,53.408481604824715,8.937806534803931,61.837285652268285,61.62576302740634,17.805106359887127,97.45806705690708,24.896896027783807,0.6336931421513345,12.061685185589585,17.0,23.920677997057886,24.50592493036793,34.63101451404454,22.6693851135256,6.5542494922764485,17.100000000000005,19.263463646503382,2.163463646503377,"Volusia County, FL",Florida
1539,110,2.118929313186954,2.2962097961891637,train,5003,21229,47.97682415563616,52.02317584436385,70.83235197135994,25.98803523482029,99.83942191890809,64.07065435568046,35.76876756322761,0.16057808109193095,14.171706465490367,84.3444104994077,1.4838830351019388,23.56042411106555,50.6062913713315,25.833284517602948,56.5262502593899,30.269073805077124,13.204675935532956,20.74554294975689,39.612976664769505,22.574740695546065,22.40904341217821,6.0,24.596227345580076,66.81878227452864,37.78071334214002,7.745886874024259,22.204875705536207,34263.0,0.4754,19891.0,54.64161274265804,11.842404919152813,54.91002985556362,50.63876053275346,26.23255063342209,98.42348464256592,22.843540708464452,0.05436259853220984,5.077959395166989,8.222222222222221,29.530359414009137,24.95171699090866,33.89231711338264,17.57030477177446,3.1796127938197745,8.322222222222221,9.93644982281842,1.6142276005961982,"Ashley County, AR",Arkansas
1540,2252,2.2204104848050292,2.171384304370916,train,42029,509797,49.170748356698844,50.829251643301156,86.42420414400242,5.913334131036471,99.49507909048016,81.00421319250731,18.490865897972867,0.5049209095198285,11.753044463324835,83.27188299856259,4.975072538112567,29.079042607896703,53.89071536326261,17.030242028840693,30.45630863779224,20.405659605790465,49.13803175641729,7.056410215116537,9.467612241358852,7.008615940341572,8.161971928615424,2.0,21.805483304404262,82.91975039907126,27.64582896639202,2.4900971207748164,5.0581273480707525,85976.0,0.452,42556.0,71.09473464923703,5.653473397358416,85.19363634630173,72.55399521324144,7.026905060032671,95.74814729375126,9.881078744811893,0.4195622711150841,6.979052446365906,9.111111111111107,31.029998214975762,26.03349960866776,36.08259758295949,14.10365302267373,7.662461724961113,9.211111111111105,8.770416567237422,-0.4406945438736827,"Chester County, PA",Pennsylvania
1541,833,1.9909138641722421,2.090995077973628,train,19101,17318,51.85933710590137,48.14066289409863,85.1368518304654,1.4204873541979444,98.03493449781661,70.61759201497193,27.417342482844663,1.9650655021834065,18.577010745685442,74.66623249755779,6.756756756756758,32.973962571196104,45.077298616761595,21.948738812042308,36.13873592504315,31.988164707816228,31.873099367140625,14.967616580310883,25.89784517158819,15.645297938435473,10.266115413730855,5.0,25.552721088435373,77.72313033415305,35.84550846231737,3.688702444669463,15.709532764357009,42899.0,0.485,25209.0,58.30171117634424,6.005157804249048,70.65511640498106,64.81802426343154,17.442699873669017,97.29636048526865,14.861938278289115,0.2772963604852686,3.0373022288947915,7.222222222222222,23.940408823189745,29.241251876660122,34.928975632290104,17.317242175770875,13.442660815336644,7.322222222222222,8.092964289393079,0.7707420671708567,"Jefferson County, IA",Iowa
1542,1049,2.7578980068297776,2.8866630391453434,train,21125,59751,49.005037572592926,50.994962427407074,97.20172047329751,0.8635838730732541,98.62530842439196,66.52097285865351,32.10433556573846,1.3746915756080371,13.199150173319914,83.68556412836855,3.1152856983115287,21.944195170816197,51.22190454327274,26.83390028591105,61.7632588802519,25.96920200728132,12.267539112466789,23.13756875031927,51.87568157033806,24.551697294892826,18.26947518259308,5.0,26.18167414840243,67.26385771024003,41.080987739595926,11.509238473493351,22.051459160766708,36020.0,0.4527,18795.0,55.33839624748715,12.05247225025227,56.573617952928295,56.865127582017,26.704980842911876,98.94289185905224,21.502463054187192,0.15795868772782504,1.4075078241368344,15.666666666666664,29.91749092065405,27.870663252497874,34.009472644809286,14.252481130022929,1.9346956536292281,15.766666666666667,17.933366700944187,2.16670003427752,"Laurel County, KY",Kentucky
1543,2838,3.347562165829524,3.1013674652476455,train,51051,15463,50.75341136907456,49.24658863092544,98.37677035504106,0.8989200025868201,100.0,71.22641509433963,28.77358490566038,0.0,14.00454201362604,84.34687526284802,1.6485827235259485,21.306243188541178,53.34734547719136,25.346411334267483,60.46239654551997,28.508456279237137,11.029147175242894,21.415764659007905,48.00936768149883,22.682750799051448,24.528802760817623,5.0,21.603527106466366,56.59951651893635,52.10314262691379,9.540692989524576,21.595487510072523,33624.0,0.4793,20275.0,45.276187268440545,7.959828900874093,60.379622559179666,58.139534883720934,29.933456965201263,99.77851605758582,16.395767426639033,0.0,0.7631119446420488,28.33333333333333,26.107482377287717,25.26029877772748,35.80159089439307,18.2952855202742,0.724309642372114,28.433333333333337,22.22832697250544,-6.205006360827898,"Dickenson County, VA",Virginia
1544,1674,1.561647248597752,1.7086044739017006,train,31053,36725,48.8931245745405,51.1068754254595,95.82573179033356,0.4901293396868618,98.96763716506206,68.48393457835517,30.483702586706876,1.0323628349379423,15.562108367121267,80.39808330261701,4.039808330261703,25.00085152764059,53.98344630266698,21.015702169692425,49.07923771313942,32.02808425275828,18.89267803410231,11.398018468101823,15.447710184552289,12.085102873871277,12.917865840159399,5.0,31.236859922317638,79.54334877564527,33.66644606221046,3.85837193911317,9.960291197882198,49068.0,0.4168,25112.0,69.02053425404326,4.9971038913169386,75.97301504929943,69.38904716682495,10.652450818512053,98.76543209876543,17.323206114072747,0.03165558721114277,10.943498978897207,4.666666666666667,29.7426820966644,26.98706603131382,30.90537780803267,18.56228727025187,3.684138869979578,4.766666666666667,5.521251048889086,0.7545843822224194,"Dodge County, NE",Nebraska
1545,1858,1.437726534752161,2.388801655876353,train,36073,42204,49.76068619088239,50.23931380911761,89.50810349729883,6.0539285375793765,99.08691631992605,60.30975496994915,38.77716134997689,0.9130836800739714,14.387041435735025,83.09580364212194,2.5171549221430456,30.11213626685593,45.05322924059617,24.83463449254791,54.37060573282856,30.19199567333694,15.437398593834505,15.711776833210314,28.033472803347287,16.261731759006967,17.10091929503784,2.0,28.165567459488486,71.68456543456544,37.10664335664335,8.073176823176823,18.475274725274726,46359.0,0.4166,22070.0,61.170455285611936,8.78453921098866,68.8122260007375,75.07540879504683,25.586921784733892,98.6505794570567,11.660589175236616,0.03175107159866645,4.482987394559757,4.111111111111111,27.355226992702107,26.995071557198372,36.78087385081982,15.657283669794335,4.43796796512179,4.21111111111111,10.900423654622644,6.689312543511534,"Orleans County, NY",New York
1546,1093,2.366081404553173,2.3648019399235336,train,21213,17704,49.23746046091279,50.76253953908722,86.00881156800726,10.359240849525527,98.59447004608296,63.24884792626728,35.345622119815665,1.4055299539170507,14.547686641602088,81.20923808793063,4.2430752704672745,24.796142664681273,49.074664964901075,26.12919237041764,58.07471503452866,26.824195024544483,15.101089940926864,20.09721659626179,44.577488881286364,19.93569131832798,13.94225238697803,6.0,23.204792212654446,69.21831296923303,37.27366406595024,6.271161489768879,15.987045488002355,39679.0,0.4209,19397.0,60.65460677602329,6.356628333122709,65.54557615134722,57.36434108527132,18.38333651824957,98.6046511627907,19.54901586088286,0.0,1.988251242657027,10.555555555555557,29.880253050158156,26.23700858563037,34.336873023045634,14.9118843199277,3.6319475824672387,10.655555555555555,10.6419308671252,-0.013624688430354581,"Simpson County, KY",Kentucky
1547,450,1.2335316065674804,1.2111480600917803,train,13141,8881,54.92624704425179,45.073752955748226,24.53552527868484,73.22373606575836,100.0,50.71283095723014,49.28716904276986,0.0,20.03613369467028,78.28364950316171,1.6802168021680215,42.38704622616872,25.254635675110997,32.35831809872029,67.98021944058104,21.681347550610415,10.33843300880853,30.31128962846077,94.16553595658074,34.43338995389468,15.385712248681022,5.0,19.29468990676936,56.73179396092362,50.266429840142095,11.438721136767318,25.008880994671397,24925.0,0.4496,12358.0,45.63176895306859,14.596518987341776,58.98791540785498,53.06122448979593,20.946626384692852,96.10969387755102,25.730110775427995,0.0,1.9479788312127009,3.333333333333333,22.745186352888194,27.789663326202003,37.07915775250535,18.466388920166647,2.2407386555568065,3.433333333333333,3.357336865309766,-0.07599646802356697,"Hancock County, GA",Georgia
1548,2195,2.832559535598797,2.108834131636363,train,40141,7715,51.23784834737525,48.76215165262476,74.32274789371355,7.95852235904083,100.0,59.78135788262371,40.2186421173763,0.0,14.826048171275644,84.014272970562,1.159678858162355,24.058441558441558,49.15584415584416,26.785714285714285,59.28831069447102,23.971685479242392,16.74000382628659,23.77717391304348,50.085763293310464,26.237623762376238,18.10884353741497,6.0,30.8300395256917,73.24174026823685,35.950278050376184,11.383709519136408,22.080471050049066,37759.0,0.4439,19057.0,58.41071428571429,6.450626719657597,57.324840764331206,57.23732549595886,18.353385232366122,97.35488611315209,27.27058268459543,2.13078618662748,24.432922877511334,16.88888888888889,30.797148412184054,24.49773169151005,33.10434219053791,17.952041477640954,17.718729747245625,16.988888888888887,8.238630524586428,-8.750258364302459,"Tillman County, OK",Oklahoma
1549,977,2.366081404553173,2.109571407752128,train,20191,23638,49.47119045604535,50.52880954395464,94.37769692867417,0.8926305101954479,99.71438172043013,78.64583333333334,21.068548387096776,0.2856182795698925,15.678532024853375,80.90703211195635,3.4144358631902922,22.823541932737328,53.953810131971046,23.22264793529161,43.90259369649312,36.191261335531735,19.90614496797514,12.396301417213964,19.52650748684743,12.417661253505509,13.733534873677392,3.0,29.47809826032753,74.70025299747003,34.638653613463866,4.652953470465294,12.033879661203384,50141.0,0.4177,24214.0,66.38377027262686,6.856392294220666,75.5860238832375,71.62496563101458,10.614772224679346,99.58757217486941,16.607695709862895,0.0,5.203485912513751,10.555555555555557,32.44775361705727,24.024875200947623,34.11033082325069,16.66384634909891,4.729672561130383,10.655555555555555,8.244706909810418,-2.410848645745137,"Sumner County, KS",Kansas
1550,1822,1.789905900578732,2.168321120367229,train,36001,307463,48.38826135177242,51.61173864822759,77.04374184861268,12.558259042551462,99.40449707382184,64.49741606488928,34.907081008932536,0.5955029261781718,18.989400482306095,73.34072466706644,7.6698748506274725,42.39228404810145,38.65910684159034,18.948609110308226,33.70632866721562,27.727620279967066,38.56605105281732,13.483165317744778,20.662105219241518,14.394454194797385,11.243503362287738,3.0,20.159822133432147,77.0265125434383,29.91470299957068,4.873998590533897,11.761751626151266,59887.0,0.4532,32779.0,66.86884343197438,6.2230463770060815,79.45166774892311,77.16805600331598,15.618695443122055,97.10542071570028,8.331557110920546,0.1727075945286234,5.5248924260805365,5.8888888888888875,27.072851042239233,33.017956632180145,32.95323339718925,14.852193597278374,10.397999108835856,5.988888888888888,8.743592272353064,2.754703383464176,"Albany County, NY",New York
1551,286,1.8786165133213217,2.1268366382510457,train,8093,16189,52.659213045895356,47.340786954104644,95.88609549694237,0.0,99.31234165761852,78.06731813246472,21.24502352515382,0.6876583423814694,17.424641058407882,76.60678042546795,5.968578516124183,22.818455366098288,57.343458948273394,19.83808568562831,29.782816991376556,41.00926221654424,29.20792079207921,7.284273440418379,8.86426592797784,7.650626769106347,10.248737609874695,2.0,42.16858466596921,80.05191966115589,27.025549938516196,3.2518103566060934,5.888782620576582,56969.0,0.3905,31734.0,69.85238740774213,5.660377358490568,75.60523142565626,57.028434120945136,11.891290232816992,95.75490588706448,16.742417215471665,1.2815378454144974,5.658162950151337,6.4444444444444455,22.163197232688866,18.889369324850207,48.508246340107476,15.467292606090556,4.113904503057633,6.544444444444445,8.388289602472256,1.8438451580278103,"Park County, CO",Colorado
1552,724,2.8455551700866035,2.4772219690432324,train,18067,82765,48.228115749410975,51.771884250589025,88.24986407297772,7.088745242554221,98.28468886895023,62.85427772206682,35.43041114688341,1.7153111310497702,16.816644329567936,79.53602654923735,3.647329121194716,24.78023779016061,49.92252450907358,25.29723770076582,48.27634578292128,32.82833596352796,18.895318253550762,17.762284196547142,34.06825292876373,18.373607347184585,17.475467132679125,4.0,34.29419245442985,70.45302647255399,35.30642489756778,5.556039868654287,15.784732513875573,44226.0,0.4446,24297.0,61.403843706249205,8.638200849828996,68.72548818299417,78.23383963263865,18.12283115336441,98.67184740374428,17.539680910042915,0.2755210173083716,3.0012686522080587,17.11111111111111,29.33123905032321,25.17005980788981,34.22702833323265,17.611309128254696,4.661390684468072,17.211111111111112,11.908137251085547,-5.302973860025565,"Howard County, IN",Indiana
1553,1541,1.67189092708065,1.7794786162784384,train,29129,3718,49.919311457773,50.080688542227,97.17590102205489,0.7261968800430338,100.0,76.49006622516556,23.509933774834447,0.0,18.59278162595698,79.73022238425081,1.6769959897921984,21.013763007720712,51.89660960053709,27.089627391742194,61.8730407523511,24.17711598746082,13.949843260188091,16.04836493542182,28.38427947598253,16.427364864864867,14.41835062807209,6.0,30.23588277340957,71.6566866267465,41.18429807052562,6.254158349966732,13.040585495675314,40768.0,0.4051,20404.0,61.86502177068214,4.516129032258063,65.94594594594595,57.69764216366158,12.825552825552824,98.4743411927878,25.356265356265357,0.0,0.9951586874663798,5.222222222222221,31.818181818181817,19.553523399677246,35.395373856912315,20.333512641204948,2.097902097902098,5.322222222222221,5.926765493832242,0.6045432716100212,"Mercer County, MO",Missouri
1554,2935,2.5292778938193967,2.1912449036596486,train,51740,96135,48.07926353565299,51.920736464347016,41.225360170593426,52.6343163259999,99.45999018163971,42.78127370910876,56.67871647253091,0.5400098183603338,16.36653814103922,78.68593138708813,4.947530471872661,37.363181486500565,35.387782758261224,27.249035755238193,45.28045933497381,33.951668875007876,20.767871790018297,18.230367502761364,42.94830475699369,17.01927984589295,13.550672820646167,2.0,48.34033347848686,76.49427319966266,30.606415104605926,6.4069428952308405,17.006284517234814,45676.0,0.4257,23075.0,65.82352772767615,11.095404823521736,66.343762043233,67.56185405574696,17.29846196965981,97.54149702474164,20.134533861191887,0.0,3.6500754147812975,12.444444444444445,29.12258802725335,32.55942164664274,30.2657720913299,13.639153274041712,6.140323503406668,12.54444444444444,8.946343520909211,-3.5981009235352293,"Portsmouth city, VA",Virginia
1555,1490,2.465270675271141,2.2927474966398353,train,29027,44566,50.83696091190594,49.16303908809406,91.75829107391284,3.675447650675404,99.74774017237756,67.51103636745847,32.236703804919074,0.25225982762245114,15.961717570735779,79.6223142884671,4.415968140797124,31.06906955883553,44.556796868629206,24.37413357253527,52.65210084033613,26.95126050420168,20.396638655462183,14.404656646035955,24.555820737204986,14.694789263612726,15.254076377186527,4.0,30.50015782375391,75.41795665634675,33.393188854489175,4.38390092879257,12.452012383900929,47744.0,0.4156,22520.0,63.17790244949264,4.784549689440993,77.40263642167724,70.2770360480641,13.298531565703984,97.42990654205609,14.492808051977315,0.0,1.9095274424449131,11.666666666666664,29.60328501548265,31.472422923304762,32.99600592379841,13.858098101691876,4.566261275411749,11.766666666666662,9.902106345086437,-1.8645603215802247,"Callaway County, MO",Missouri
1556,2599,2.5810582263605166,2.480218834284683,train,48167,308163,49.455969730305064,50.544030269694936,77.92174920415495,13.310163776962195,98.71149560886093,69.91742036964216,28.79407523921877,1.2885043911390746,13.01270545795351,82.75125772539589,4.236036816650604,28.98347104062604,48.35629362489432,22.660235334479648,36.96288703277732,33.76362860548038,29.2734843617423,13.908673499811172,25.025760345687214,13.483252965594597,13.123325014650975,2.0,26.73845608054028,81.82688423234329,27.247817610173364,4.411325593241179,11.56710519382432,62313.0,0.4619,31585.0,67.47858436966807,7.113764182236443,71.14809579113873,64.48066819345279,9.209150292449905,96.99043513404284,22.427991108261644,0.5954465849387041,23.471993717610484,13.111111111111107,31.592696073182047,28.197415004397026,34.643354328715645,12.376242443122633,8.768087018882865,13.211111111111109,11.943877861851337,-1.267233249259771,"Galveston County, TX",Texas
1557,2526,2.132192107065365,2.2322944326611163,train,48021,76948,50.957789676144934,49.042210323855066,81.05213910692936,7.887144565160887,98.23576989182085,70.46304721463956,27.77272267718128,1.7642301081791527,10.550433691560745,85.92548142490863,3.5240848835306307,27.11036281403717,49.57248027466905,23.317156911293782,49.789582884769715,32.30832468828906,17.90209242694122,14.317553234338494,25.90522004810505,13.789614947868278,13.585606283226033,2.0,34.367779878176854,79.57884811817397,30.706372279405986,4.4629527775595195,13.17671092951992,54821.0,0.4327,24812.0,64.54868927456249,9.46394420069749,64.52952029520294,74.30933444956048,14.623967668248111,96.88154039347006,25.52495167808821,0.6802009208874006,34.479128762281015,8.333333333333334,32.602536778083895,25.731662941207052,35.60716327909758,12.947704943598275,11.060716327909756,8.433333333333334,9.321228493899309,0.8878951605659751,"Bastrop County, TX",Texas
1558,2036,1.513905485712537,1.5100647945565389,train,38105,29619,54.2422093926196,45.7577906073804,88.9901752253621,1.850163746243965,97.54742547425477,76.3279132791328,21.219512195121947,2.4525745257452574,14.557930363021002,80.17525151838286,5.266818118596133,29.750504573367113,53.063941254777355,17.18555417185554,37.83755712505193,41.19754881595347,20.964894058994602,10.086565096952908,14.466019417475724,10.203669075655734,7.330326020094321,5.0,28.274522206659746,87.99039894057276,19.90564476080119,2.6899519947028643,7.722231418639297,88013.0,0.4529,43946.0,74.65336567061729,1.7224469780556575,83.90200304926134,76.20056497175142,9.195100152463068,96.29237288135592,11.403185952368435,0.0,4.544380296431345,4.4444444444444455,30.696512373814105,34.180762348492514,30.493939700867692,10.270434518383471,9.159661028393938,4.544444444444445,4.527024111331211,-0.01742033311323432,"Williams County, ND",North Dakota
1559,843,1.2653814324545796,1.5885141304574086,train,19121,15644,49.833802096650466,50.16619790334954,97.43032472513424,0.5816926617233444,99.75615703486956,83.46744696415506,16.288710070714462,0.243842965130456,13.95287265025152,82.52581413820492,3.521313211543553,21.271234658213444,59.69275786393563,19.03600747785093,44.91493383742911,33.43100189035917,21.65406427221172,7.555497857977411,5.448383733055266,9.177397655198924,12.020443811865174,3.0,30.75923036921477,81.91164658634538,27.26104417670683,4.096385542168675,9.975903614457833,60060.0,0.414,28922.0,71.16942585417401,5.580301905468943,82.7517667844523,71.56521739130434,12.511042402826854,99.39130434782608,8.480565371024735,0.0,1.4446433137305037,3.4444444444444446,33.226796215801585,23.197391971362823,34.97187420097162,15.616210687803633,1.9879826131424188,3.5444444444444447,4.896468007738152,1.3520235632937072,"Madison County, IA",Iowa
1560,541,2.232401036136941,2.0401096448666474,train,15003,984178,50.613710121543036,49.386289878456964,21.731637976057183,2.6317393804779217,99.55399149384621,72.91298129398923,26.641010199856968,0.4460085061537882,9.75160743026299,83.33228940008334,6.916103169653678,33.77810631741907,45.145204565705434,21.07668911687549,35.5251209973478,31.811438931926823,32.663440070725386,9.698315672807269,14.638916886866982,9.68256665213826,10.739844277131017,3.0,33.23805478288275,82.87446463524138,32.183900620797026,4.004819090315953,10.600383718451427,74460.0,0.4211,31041.0,66.37694762009225,5.429098545825733,82.61086459946964,73.85468633546628,14.101924541182035,94.27460670234268,7.094809252500852,0.8231889507362372,9.249952752449252,9.222222222222221,27.437414776595286,32.080578919666976,30.72188161084682,15.477891194479051,75.6366226434649,9.32222222222222,7.691452480928975,-1.6307697412932445,"Honolulu County, HI",Hawaii
1561,1009,2.7293042074630365,2.5273934602343555,train,21045,15954,49.24783753290711,50.75216246709289,97.19192678951988,0.7960386110066441,99.88851727982164,77.64771460423634,22.24080267558528,0.11148272017837237,15.400016684741805,83.16509552014679,1.4348877951113703,20.01382913337431,55.74677320221266,24.239397664413037,64.76018099547511,24.036199095022624,11.20361990950226,25.49132947976879,52.23944875107666,29.70147645220391,20.05376688216092,6.0,23.301443165234307,68.1390977443609,41.8703007518797,9.429824561403509,23.480576441102762,32341.0,0.4532,17526.0,53.701703365184876,8.834906390221258,54.58695652173913,40.176366843033506,24.48913043478261,97.91887125220457,24.72826086956521,0.6701940035273368,2.739124984329949,15.222222222222221,29.165099661526888,24.35752789269149,34.56186536291839,18.39037232042121,2.0120345994734863,15.322222222222218,12.520827531268644,-2.8013946909535736,"Casey County, KY",Kentucky
1562,2110,1.8263398028248343,2.0309169781540906,train,39147,55929,49.963346385596026,50.036653614403974,94.21051690536216,2.499597704232152,98.67403314917128,61.93370165745856,36.740331491712716,1.3259668508287292,14.903474903474903,81.51201893137377,3.5845061651513266,30.11907900518499,48.64662975656912,21.23429123824589,55.46896068173239,30.30580874817971,14.225230570087913,16.887467353041373,37.41126885536824,15.903034470901744,13.932829707836532,5.0,29.13821439318534,73.73479431702107,34.63645649549633,4.7033150710372365,16.064629956356207,45444.0,0.4309,23020.0,64.26136363636363,7.589154140878277,75.6093242844497,71.1377245508982,16.016524048391855,97.437125748503,11.737975804071992,0.2035928143712575,4.756029966564752,6.1111111111111125,30.47435140982317,28.175007598920057,33.30293765309589,15.764630156090755,3.289885390405693,6.211111111111112,7.621071511761223,1.4099604006501112,"Seneca County, OH",Ohio
1563,368,2.0780516873907815,2.422292782408232,train,12109,210495,48.617781895056886,51.382218104943114,89.31518563386305,5.399653198413263,99.27952341011247,76.93184506527302,22.347678344839448,0.7204765898875196,12.04258562673128,81.93209352477862,6.0253208484901055,25.160654787773428,53.47993625959728,21.35940895262929,27.38722328328586,30.536883100994377,42.07589361571975,9.469986400049981,11.86132713133222,10.06757032344024,11.14961369605644,2.0,36.265171819514386,75.57103556194947,33.96557381186744,3.329042679387194,8.254461018146943,66194.0,0.4863,37581.0,62.86216683119448,6.456172033723633,78.33245835918484,64.83691766129476,10.13776865683514,97.6403938177218,15.105235527132153,0.7370331664924922,5.907503741181501,7.8888888888888875,28.961733057792355,23.83239506876648,36.42794365661892,17.50967956483527,5.2851611677236985,7.988888888888888,11.271673204792483,3.282784315903595,"St. Johns County, FL",Florida
1564,756,2.5640942911418034,2.1574214011306925,train,18131,13047,50.76262742392888,49.23737257607112,96.43596229018164,0.4598758335249482,99.10891089108914,74.15841584158416,24.950495049504948,0.891089108910891,14.790669247224205,83.97677498217378,1.2325557706020172,22.916666666666664,53.412518853695325,23.670814479638015,60.05979404274167,28.55719189458532,11.383014062673016,14.160401002506266,26.058772687986174,13.93708073097386,17.956680381957927,6.0,28.301886792452827,74.6527777777778,35.243055555555564,5.632716049382715,14.853395061728394,43836.0,0.4271,22798.0,62.653537711907425,6.9507453013609855,68.58728690366063,71.54115586690017,16.241575261001717,98.1173380035026,17.906700145368045,0.0,2.7822487928259374,12.888888888888893,30.01456273472829,24.88694719092512,34.061470069747834,17.827853146317164,3.104161876293401,12.98888888888889,8.648807075882551,-4.340081813006339,"Pulaski County, IN",Indiana
1565,2742,2.366081404553173,2.321476882211739,train,48453,1121645,50.36718391291362,49.63281608708638,75.94470621275002,8.323221696704394,99.48661307020008,68.76498501017923,30.721628060020862,0.5133869297999176,15.73631789172627,71.50703262810259,12.756649480171125,39.77510899308293,40.95182288915896,19.273068117758115,29.27142701271201,24.77123910077065,45.95733388651736,16.408338371220673,29.123941261965623,16.99276643000081,8.620013444370551,1.0,18.26947661040271,87.7875858203727,16.19938349446546,2.8756246789033675,10.113493064312737,61451.0,0.4929,35168.0,74.05855682850745,5.81027280517846,71.2403324702213,68.62626058214443,8.950136002227273,93.98293365712166,21.788197281001125,1.8595343294321336,33.73500528242002,10.555555555555557,29.364103615671624,38.05009606426276,30.587485345184973,8.133589504700685,15.732072090545582,10.655555555555555,10.190713681407743,-0.46484187414781175,"Travis County, TX",Texas
1566,988,2.4169053500233435,2.387998382067509,train,21003,20355,49.19675755342668,50.80324244657332,96.51682633259642,1.3559322033898304,99.28425357873208,79.48875255623722,19.79550102249489,0.7157464212678937,13.134426229508195,85.14754098360656,1.7180327868852456,20.58751379860174,55.86287256224702,23.54961363915123,58.474205770912285,27.972894199941702,13.552900029146025,17.220061820719913,27.87586944890316,18.747085341209388,18.008726695755648,4.0,26.808923375363733,72.44661692822228,36.39053254437871,7.15204527913558,17.314124003087215,41326.0,0.4369,20702.0,60.80638827071606,8.805166846071042,63.852264351813936,59.830453211607434,20.293178281877,97.65242908379524,20.186716894603226,1.4672318226279752,1.812822402358143,11.111111111111107,30.55760255465488,25.73814787521494,34.71874232375337,15.519528371407516,2.127241464013756,11.211111111111107,10.891671145596838,-0.31943996551426856,"Allen County, KY",Kentucky
1567,1246,2.3867219722002453,2.1649923610853223,train,26043,26012,49.5386744579425,50.4613255420575,96.601568506843,0.4882361986775334,98.08929247067726,68.99356791524782,29.095724555429435,1.9107075293227391,16.7242059577826,80.38074570921286,2.8950483330045373,24.81701422455462,51.88049532753303,23.30249044791235,46.732147597557756,30.89992036103,22.367932041412267,13.790808737179987,17.240598096964206,15.68516099721733,16.39625585023401,5.0,39.66391424018543,69.32814901889863,39.20788498055881,4.991409711547156,15.20933176598246,43779.0,0.4537,24880.0,57.75768890635747,6.7795168424634245,72.24065040650406,76.4812211287407,20.33170731707317,98.83510745129543,13.541463414634151,0.0,1.2917115177610334,10.777777777777779,26.345532831001076,22.001383976626173,37.678763647547285,19.998462248193146,2.9101952944794713,10.877777777777778,8.71453534700501,-2.163242430772769,"Dickinson County, MI",Michigan
1568,925,1.928295602354331,1.8402364241886124,train,20087,18898,50.85194200444492,49.14805799555509,95.68737432532544,0.4762408720499524,98.91207815275312,81.10568383658969,17.806394316163413,1.0879218472468917,13.21074964639321,83.98161244695898,2.807637906647808,20.900111205599533,60.29305946228823,18.80682933211225,47.89589833346016,32.62308804504984,19.48101362149,7.541249661888018,10.251205277848262,7.52851711026616,13.137707204549113,4.0,32.16593704398583,80.36329885971891,35.16308671439936,3.2086979581012995,7.756563245823388,57236.0,0.3441,26227.0,69.05991370163403,6.463177302058795,81.31818591650888,76.69074195666448,11.044991434496438,96.4215364412344,12.559733116941665,0.06565988181221273,2.3653296645147632,6.777777777777778,30.791618160651925,21.69541750449783,37.49603132606625,16.975341305958302,3.836384802624616,6.877777777777777,6.298027090966857,-0.5797506868109199,"Jefferson County, KS",Kansas
1569,2644,2.0780516873907815,2.247319170907054,train,48257,109289,49.03329703812827,50.96670296187173,82.75672757551082,9.527033827741127,99.4968925717668,73.11170300220316,26.385189569563646,0.5031074282332051,8.432724080958282,88.07181949607599,3.495456422965717,26.18693036278073,51.57919818907488,22.23387144814439,47.823413322655384,33.15361954065727,19.02296713668736,13.969671597357895,21.927671412207495,14.193738056739676,12.78059410694664,2.0,26.07402511566425,82.52301089841325,28.18623298887572,5.3842678863854525,12.095544638319499,60391.0,0.4141,24944.0,68.29268292682927,8.378469871360867,66.06584262155678,57.73427738442316,10.901387918729313,97.45939192003333,25.92401372733623,1.0578925447730112,18.80518624930231,7.8888888888888875,35.21946398997154,27.694461473707324,32.90907593627904,11.43298959639122,7.716238596748071,7.988888888888888,9.462334901098059,1.4734460122091706,"Kaufman County, TX",Texas
1570,2649,2.1054882506179364,2.1288337537154653,train,48267,4486,49.91083370485956,50.08916629514046,94.11502452073117,0.02229157378510923,100.0,59.2087312414734,40.79126875852661,0.0,15.646995127233353,82.89117487818083,1.4618299945858149,17.302733367715312,54.280556988138216,28.416709644146465,52.33429394812679,30.57636887608069,17.089337175792508,20.633484162895925,43.19526627218935,23.092302565811394,18.116105714931106,6.0,37.410071942446045,73.26633165829145,41.60804020100503,3.969849246231156,12.512562814070352,40125.0,0.5099,26749.0,60.77422847861397,6.057906458797327,54.6553808948005,71.80544105523495,10.358726320032243,94.72382522671064,36.67875856509472,2.061005770816158,24.297815425769052,8.11111111111111,21.845742309407047,19.371377619259924,36.558181007579144,27.73071778867588,5.862683905483726,8.211111111111109,8.40505872472047,0.19394761360936208,"Kimble County, TX",Texas
1571,2994,3.0439931971712446,2.782659467601908,train,54019,45534,50.37115122765407,49.62884877234593,93.37637809109677,5.160978609390785,98.95215918712955,62.7116850127011,36.240474174428456,1.0478408128704488,14.15673211781206,82.3603319308088,3.482935951379149,24.794244145914092,48.13890511336484,27.06685074072108,64.17144950543413,23.467456343875927,12.361094150689947,19.86774665934468,37.96695936895371,21.66631333474666,26.20733334841322,4.0,32.37015057818697,63.60857999886807,45.905257796140134,10.736317844812948,22.23668572075386,36293.0,0.4261,19232.0,49.70368239355582,8.566302020026626,53.81251401659565,62.87784161878592,29.819840023921657,99.16312765425931,21.379980563654033,0.5121159130652011,1.027803399657399,20.88888888888889,26.285852330126936,24.750735713971977,36.29595467123468,18.16664470505556,1.4626432995124523,20.98888888888889,16.16194601562668,-4.826942873262212,"Fayette County, WV",West Virginia
1572,3034,2.9839970173355703,3.0207303083080648,train,54099,41499,48.81322441504615,51.186775584953864,97.93007060411095,0.3614544928793465,98.02078726227332,64.38522777532066,33.63555948695268,1.9792127377266693,16.28440366972477,81.27014629308206,2.4454500371931567,25.30102833035479,47.37057979081827,27.32839187882694,62.21856123009336,25.525123558484346,12.256315211422296,20.578371810449575,45.862297252565384,21.385135135135137,22.466832604335323,3.0,29.002713704206236,58.57048708885028,42.13048948535138,10.083278413516268,18.71068240369061,36318.0,0.4559,19867.0,49.503664532888024,9.89505247376312,57.234611241871775,54.58046767537826,28.47967447241393,98.55570839064647,19.583516176646587,0.0,0.6241114243716716,19.666666666666668,28.152485602062697,24.71143882985132,35.718932986337016,17.71127015108798,1.7084749030097108,19.766666666666673,20.506262110600904,0.7395954439342312,"Wayne County, WV",West Virginia
1573,1843,1.7520942128356236,2.212697473670972,train,36043,64034,49.34566011806228,50.65433988193772,96.02711059749508,0.9979073617140892,99.046221570066,63.86647101980925,35.17975055025679,0.9537784299339692,15.397624238472664,82.41814217893601,2.1842335825913324,29.05079683157836,48.594438247915754,22.35476492050589,44.73684210526316,32.834111729836536,22.429046164900303,14.587420841907132,28.46220845833737,14.356790780552151,13.857855204191125,3.0,30.805913209346684,73.12667432070418,38.04439341752774,5.39609644087256,18.350554917719094,46229.0,0.4157,23753.0,63.48992478783735,8.501472870672453,68.50133832280865,67.44330813694975,22.32530339648138,98.9239662072032,12.63480678776539,0.07114273010226768,1.947402942186964,5.666666666666668,28.1850267045632,25.77536933504076,34.550395102601755,18.318393353530933,2.97498204079083,5.766666666666667,9.140338992479181,3.3736723258125147,"Herkimer County, NY",New York
1574,584,2.926143986747276,2.439492812766222,train,16079,12571,50.30626044069684,49.69373955930315,95.28279373160449,0.3181926656590566,97.42063492063492,68.49206349206351,28.92857142857143,2.579365079365079,20.161290322580644,77.14373213556553,2.6949775418538184,19.946984758117964,52.86376976237811,27.18924547950393,49.9619026885817,35.97474692500272,14.063350386415589,17.15774051766238,31.36830719307734,18.34553968063393,20.274858528698466,6.0,42.77180406212665,69.73039215686272,41.82422969187675,7.545518207282911,18.452380952380953,37665.0,0.4166,21254.0,56.49746192893402,11.626235399820304,63.6662556514591,65.03332026656213,17.879161528976574,99.68639749117992,22.55103438827237,0.0,3.3330681727786167,18.555555555555557,26.01225041762787,21.36663749900565,37.48309601463686,21.10412854983693,4.3990136027364555,18.655555555555562,11.46722323840416,-7.188332317151403,"Shoshone County, ID",Idaho
1575,156,1.8082887711792655,2.2334080091861432,train,5095,7713,47.21898094126799,52.78101905873202,55.91857902242965,40.68455853753403,99.82078853046595,43.548387096774185,56.27240143369176,0.17921146953405018,20.100755667506302,78.0352644836272,1.8639798488664987,30.28580451602716,41.370598452550134,28.34359703142271,64.28439519852263,26.33425669436749,9.381348107109881,32.782802464281026,100.47904191616766,38.7141858839972,24.554740701938186,6.0,30.437665782493372,63.88228299643282,39.86325802615933,15.665873959571938,28.804994054696788,27647.0,0.486,17470.0,52.82955499580184,12.364907819453276,46.293357515302645,55.37564766839378,31.71616413511675,99.74093264248705,25.459079573792792,0.0,2.1133151821599894,6.0,27.563853234798394,22.89640866070271,34.74653182937897,20.562686373654863,3.3968624400363026,6.1,9.33161417668757,3.23161417668757,"Monroe County, AR",Arkansas
1576,2859,1.8440707637960658,2.1148408037780477,train,51095,70673,48.44990307472444,51.550096925275575,80.28525745334143,13.542654196086199,99.90424076607387,72.15458276333791,27.749658002735977,0.0957592339261286,12.539048310933525,82.73519796585543,4.725753723211042,23.418291874245487,55.38061312975022,21.201094996004286,27.28735722416297,25.683950229618873,47.02869254621816,8.090415550557934,11.712884939482153,8.059245925375178,10.81178888856721,2.0,48.24385212529179,72.78214285714286,38.94642857142857,2.4464285714285707,5.1535714285714285,75710.0,0.4371,39802.0,60.17773860673497,4.9917617623726125,83.35425365678715,79.59805510534845,7.7849219970796915,97.95786061588328,11.655608781412505,0.0,5.236794815558984,6.222222222222222,26.73864134818106,22.6904192548781,34.30588767987775,22.282908607247467,6.172088350572354,6.322222222222222,8.288266200421434,1.9660439781992123,"James City County, VA",Virginia
1577,1201,1.6925528191446069,1.7924043297501966,train,24031,1017859,48.14939986776165,51.85060013223836,55.626761663452406,17.607939803057203,99.63131605587331,74.91199493424094,24.719321121632372,0.3686839441266773,11.912384687606465,81.91386713619542,6.173748176198118,31.7413848741468,49.344086757544346,18.91452836830885,22.79117371295243,19.343825821828094,57.86500046521947,6.717871201510383,9.274022988505749,6.579299831820455,7.759879822984648,2.0,17.737433595056746,85.93508289183676,22.449381904801026,2.5435678398839103,6.632168329979327,99435.0,0.456,49110.0,74.07609190320777,5.841701816930754,79.8528650530972,71.92915779872303,7.8577590939749955,91.05807236242019,14.265972298473748,2.5288841593189417,18.2957560919538,5.333333333333333,29.795678969287486,28.41316921105968,34.701073527865844,13.285337163595349,26.765298533490395,5.433333333333333,6.003870410936334,0.5705370776030012,"Montgomery County, MD",Maryland
1578,1485,1.8440707637960658,2.430544960775257,train,29017,12356,50.04855940433798,49.95144059566203,97.83101327290386,0.2427970216898673,99.63410171972193,68.49615806805708,31.137943651664834,0.3658982802780827,12.761217778720695,84.23676673384958,3.002015487429724,25.849935573396767,52.641490732480925,21.508573694122315,66.31370723760763,23.679311147312077,10.006981615080287,21.656466748266016,43.430079155672814,23.760705943420714,23.471882640586802,4.0,25.15847448820534,67.15758468335787,43.277929728592476,5.848937513149589,19.166841994529765,39707.0,0.4493,19605.0,54.78662053056517,4.0,59.7823165815641,56.99284009546539,23.43456060198872,97.7565632458234,20.18274657350175,0.8114558472553699,0.9307219164778244,6.222222222222222,28.577209452897385,24.797669148591773,35.642602784072515,17.4409193913888,1.9261897054062804,6.322222222222222,11.365073912185421,5.042851689963199,"Bollinger County, MO",Missouri
1579,1545,2.1835512754360096,2.0621294618121704,train,29137,8680,50.3110599078341,49.6889400921659,94.89631336405529,2.7304147465437785,99.44162436548224,77.15736040609137,22.284263959390863,0.5583756345177665,15.783059110298595,80.31687995124925,3.9000609384521634,20.83097795364613,54.508196721311464,24.6608253250424,58.17764667322189,27.69583743035071,14.1265158964274,14.721345951629866,35.51077136900626,12.781569965870304,16.516971888487113,6.0,34.6911369740376,70.53800170794194,41.816111585539424,5.607742670082551,11.47167662966126,43138.0,0.3655,20921.0,60.654248069059506,5.393258426966292,65.6816792337477,63.4433962264151,16.119828815977176,97.34669811320757,20.868147544324433,0.1179245283018868,1.1290322580645158,8.777777777777779,29.2626728110599,22.05069124423963,34.83870967741935,20.391705069124427,2.3732718894009217,8.877777777777778,7.86269530524003,-1.015082472537748,"Monroe County, MO",Missouri
1580,1268,2.2082744135228043,2.300838299066708,train,26087,88235,50.40743469144896,49.59256530855104,95.75225250750836,1.2716042386807955,99.17106254709871,73.24792765636775,25.923134890730967,0.8289374529012812,10.787957209274332,86.98523990791868,2.2268028828069752,25.44136931465249,55.299882669611435,19.258748015736078,46.320601681167965,36.19426829867768,17.48513002015435,10.581325440503168,18.15941332050974,10.099828676858195,14.210435283943498,2.0,27.19285400497877,73.93672357872835,36.51857291475429,5.409705648369132,13.756808028884402,52996.0,0.3887,24478.0,61.73900029931158,10.28506326659233,75.75622029633772,82.49145461450816,15.418879880719409,98.70869730345612,13.922281241263633,0.6988226357766806,4.439281464271548,9.0,29.839632798776,22.871876239587465,39.24746415821386,15.293250977503257,2.976143253810846,9.1,9.982547308292336,0.8825473082923363,"Lapeer County, MI",Michigan
1581,2753,2.0780516873907815,1.9779083528468473,train,48475,11225,49.79955456570156,50.20044543429845,84.3652561247216,6.262806236080178,100.0,66.27463445645265,33.72536554354736,0.0,14.04833836858006,84.7935548841893,1.1581067472306144,25.014577259475217,47.24198250728864,27.74344023323615,59.574771689497716,29.038242009132425,11.386986301369864,16.522288395596465,27.98202614379085,16.8455093341173,15.72780531771068,6.0,24.026779072650644,76.43574555755859,29.023950553695602,6.438320885912955,11.949523564254449,51345.0,0.4626,24234.0,60.410114479808776,4.3523531861724285,64.44721659129894,55.53385416666666,13.503820364883827,98.30729166666666,25.136441602993926,0.13020833333333331,50.69042316258352,7.8888888888888875,36.32071269487751,26.325167037861913,31.331848552338535,14.20044543429844,9.37193763919822,7.988888888888888,7.227609554830698,-0.76127933405819,"Ward County, TX",Texas
1582,2839,1.7127964254212538,2.0972443377743017,train,51053,28110,49.61579509071505,50.38420490928495,64.47883315546069,32.96335823550338,97.7992212629084,63.2808532249873,34.51836803792111,2.200778737091586,11.303328645100795,84.98827941865915,3.7083919362400373,34.04813064030941,43.575418994413404,22.376450365277186,57.8740157480315,26.82789651293589,15.298087739032619,14.822790816512756,23.612599100064287,15.849804488724622,17.027271085425326,2.0,28.505497488801407,73.75993560720394,35.727940436663644,5.584062782976153,17.194888821813063,51397.0,0.4136,23395.0,63.706528230808104,9.374774644840269,74.64068069449236,65.14978275783216,14.016327469242267,98.21632746398352,15.131654593538006,0.0,2.8175026680896478,5.4444444444444455,27.644966204197797,26.008537886873,37.154037709000356,15.752401280683033,2.5578086090359307,5.544444444444445,8.143697683767533,2.5992532393230876,"Dinwiddie County, VA",Virginia
1583,1346,1.7520942128356236,1.34927051504776,train,27077,3949,51.45606482653836,48.54393517346164,94.27703216004049,0.5824259306153456,99.06666666666666,72.13333333333334,26.93333333333333,0.9333333333333336,17.73885350318471,76.94267515923569,5.318471337579618,27.85456730769231,49.909855769230774,22.235576923076927,53.39641770868536,31.09158499493072,15.511997296383916,9.326824254881807,10.995542347696881,10.119047619047619,11.52759948652118,6.0,37.98061894341982,73.81392483056071,41.21996303142329,2.341343191620456,8.93407270486753,42263.0,0.3601,22543.0,64.96025437201908,4.894762604013706,72.03065134099617,74.87437185929649,19.753086419753085,97.98994974874373,11.494252873563216,0.0,0.9875917953912384,5.666666666666668,24.056723221068626,18.738921245885034,40.99772094201065,21.271207900734368,5.140541909344138,5.766666666666667,3.8546126229296287,-1.912054043737038,"Lake of the Woods County, MN",Minnesota
1584,1392,1.9443215863701753,1.427796312925916,train,27169,51213,49.17306152734658,50.82693847265342,94.12063343291744,1.4312772147696873,99.20923274203888,80.8078649284035,18.40136781363539,0.7907672579611028,15.880675001999414,73.49310868811814,10.626216309882434,41.51924359888656,43.799029193218146,14.681727207895285,37.95274065465814,33.8401446187617,28.207114726580148,14.728813919398355,13.562453806356244,18.21361648969394,10.698233717079326,5.0,19.98801677651288,80.41745332494231,29.34235368156073,3.5504510174113704,7.420809733585062,50547.0,0.4297,24660.0,71.92544476222794,5.934288121314237,79.82671818288257,74.16126303918806,12.694649338484956,98.59035804905554,10.136400889825547,0.19734987313222446,2.7024388338898326,6.8888888888888875,28.402944564856586,37.326460078495685,29.558901060277663,14.609571788413096,4.4480893523128895,6.988888888888887,4.169500785454708,-2.8193881034341794,"Winona County, MN",Minnesota
1585,1710,1.410986973710262,1.3111090306165958,train,31125,3639,49.62901896125309,50.37098103874691,99.61527892278099,0.05496015388843088,100.0,78.14009661835749,21.859903381642514,0.0,18.830188679245282,79.9622641509434,1.2075471698113207,22.99122214719784,56.78595543551654,20.22282241728562,48.71794871794872,34.80963480963481,16.472416472416473,13.83399209486166,17.613636363636363,15.587734241908006,15.838509316770187,6.0,23.05229455709712,73.51421188630492,35.65891472868217,3.488372093023256,7.235142118863049,42500.0,0.4549,25479.0,66.47015475313191,3.2705099778270514,77.79941577409932,66.36363636363637,10.95423563777994,98.93939393939394,15.092502434274586,0.30303030303030304,2.5006870019236054,4.0,28.4693597142072,20.362737015663644,36.905743336081336,19.978015938444628,0.3297609233305853,4.1,3.7102862523724203,-0.3897137476275794,"Nance County, NE",Nebraska
1586,2501,2.48398029492787,2.5837923543758174,train,47161,13286,50.18816799638718,49.81183200361282,93.50444076471472,1.5580310100858046,99.5585738539898,71.30730050933785,28.251273344651946,0.4414261460101867,13.721657544956994,83.96207974980453,2.3162627052384686,20.56763730187984,54.625875414670105,24.80648728345005,55.390254420008624,30.37947391116861,14.23027166882277,19.46768060836502,40.56922334780512,20.18316308559352,20.16646304215028,6.0,40.81334113516677,62.75579809004093,42.52582342623271,9.27694406548431,16.11771584486455,42023.0,0.4322,21475.0,52.09852216748768,9.682299546142213,66.52449269742795,66.92913385826772,21.468269355047177,99.0053874844592,18.01731937443453,0.20721094073767096,2.3859701941893725,11.888888888888893,28.225199458076176,23.310251392443174,35.89492699081741,18.62110492247479,4.937528225199458,11.988888888888894,13.247281404687294,1.2583925157984002,"Stewart County, TN",Tennessee
1587,1232,2.158201375540483,2.163442409255059,train,26015,59147,50.26966710061373,49.73033289938628,96.370061034372,0.4869224136473532,98.77666933663437,76.89507026869585,21.881599067938534,1.2233306633656156,12.118499955249266,84.96375190190638,2.917748142844357,22.934766756255602,58.091130695668475,18.974102548075926,45.30019083035671,35.496892890345954,19.20291627929735,10.952528167078867,18.45018450184502,10.56962807364389,14.282304807364476,2.0,30.18697557645297,75.3152916447714,36.008933263268524,4.685584165352951,13.513750218952527,55064.0,0.3957,25795.0,63.867248363976316,7.500087129264977,76.76054348747209,74.33070866141732,16.11536397276913,99.10761154855645,11.756730035874693,0.1994750656167979,2.5343635349214666,8.555555555555555,29.97785179299035,23.722251339881982,36.624004598711686,16.43363146059817,3.1430165519806583,8.655555555555555,8.701038699272926,0.04548314371737128,"Barry County, MI",Michigan
1588,1662,0.9339123332239747,0.6847772504333085,train,31029,3897,48.5501667949705,51.449833205029506,98.07544264819091,0.025660764690787787,100.0,78.1148429035753,21.885157096424702,0.0,15.885596140592694,81.736733287388,2.377670572019297,15.523809523809526,64.60317460317461,19.873015873015877,44.248106743599,37.504507753335744,18.24738550306527,8.882445967316816,16.666666666666664,7.792207792207793,12.219321148825063,6.0,24.730820995962315,80.01175778953557,35.09700176366843,2.4691358024691357,6.231628453850676,52422.0,0.4537,29905.0,69.08777969018934,0.2989536621823617,76.17702448210922,77.46478873239437,4.943502824858757,98.97567221510886,21.233521657250467,0.0,10.982807287657172,2.4444444444444446,28.63741339491917,20.272004105722353,34.30844239158327,21.683346163715683,1.898896587118296,2.5444444444444447,1.9833300004314953,-0.5611144440129494,"Chase County, NE",Nebraska
1589,1945,2.118929313186954,2.2708092288160575,train,37123,27601,48.523604217238514,51.4763957827615,77.21459367414224,18.481214448751857,100.0,70.02334630350194,29.97665369649805,0.0,16.39595161688472,80.55294988891632,3.051098494198963,28.35164835164835,46.23458174478582,25.413769903565818,55.05232005073459,30.488320473522894,14.459359475742525,25.105603528840042,62.72819472616632,26.362562923373307,15.808548796891348,6.0,25.86060147531681,65.98035511900264,38.81752927842841,4.722327162825841,20.976577257272385,32500.0,0.4835,19331.0,56.356661584616134,9.983419146522383,56.386814318825635,52.73901270568632,17.441411279938194,96.00083315975841,29.41024980685037,0.41657987919183503,14.930618455853047,8.222222222222221,29.723560740552873,25.466468606209922,33.39371761892685,17.76022607876526,4.304191877105902,8.322222222222221,9.687236834272815,1.3650146120505937,"Montgomery County, NC",North Carolina
1590,2077,2.9379854513416674,2.4498671436767907,train,39081,68053,48.45635019764008,51.54364980235992,91.65209469090269,5.688213598224912,99.1214237440865,63.94082751370429,35.18059623038221,0.8785762559134941,15.966804344500535,80.21263576564172,3.8205598898577326,28.74127952721487,47.49357438847412,23.765146084311016,52.42016176102726,32.466855665805056,15.11298257316768,17.592324236923584,37.78505067567568,17.853295026036992,17.674584428896118,4.0,32.88513253937764,66.42463695543314,40.11016524787181,8.534229916303026,18.77101366335217,41942.0,0.449,23188.0,56.0883830426159,8.672086720867208,67.97254513376997,67.87589498806682,21.432196630978567,96.45186953062849,14.03678372042439,0.5727923627684964,1.262251480463756,18.777777777777786,26.278047992006226,25.15098526148737,36.03661851791986,19.136555331873687,2.659691710872408,18.877777777777787,11.58680723635348,-7.290970541424308,"Jefferson County, OH",Ohio
1591,1632,2.1835512754360096,2.495621890383002,train,30081,40823,49.597040883815495,50.40295911618451,95.5833721186586,0.3013007373294466,99.64568324081728,70.5798984291957,29.065784811621594,0.3543167591827093,16.327167233365568,77.7178151417787,5.955017624855723,22.418774691904,51.350315466713845,26.230909841382154,41.989507667473774,33.64944847995696,24.361043852569274,18.016418903927224,40.01663893510815,17.99596256193797,17.325610056692142,6.0,40.89008640713556,66.56856267643704,42.70526758363866,5.333653672893266,14.40326746351132,39480.0,0.4292,22482.0,57.50911186567397,8.033150966903202,60.23770702823308,68.43661171119955,17.07285677507938,97.98749289368959,27.38779713378529,0.8413871517907903,3.233471327437964,8.777777777777779,26.7790216299635,20.30717977610661,37.05019229356,21.855326654092053,4.115327144011955,8.877777777777778,12.129274252601917,3.2514964748241386,"Ravalli County, MT",Montana
1592,2751,1.62924053973028,1.7293992922815205,train,48471,69330,58.39319198038368,41.606808019616324,73.29294677628731,22.695802682821288,99.0144119014412,64.82566248256624,34.18874941887494,0.9855880985588098,16.65576173152922,72.18718103064722,11.157057237823553,40.833733582868206,30.454297023799658,28.71196939333212,53.90542513759407,27.24250252723801,18.85207233516792,25.807373535295795,45.44081296347157,32.11410088775721,9.36193872464435,5.0,25.566398545629173,73.35750543872372,26.21706550640561,4.844089920232053,9.847715736040607,37666.0,0.4853,16135.0,56.86629930394431,4.352076161332823,75.16105523976097,66.46867486918399,9.348491473546133,98.4867769763824,17.924500801632412,0.3676990524678263,17.657579691331318,5.0,24.69782201067359,40.95773835280542,32.25155055531516,10.992355401702008,4.011250540891389,5.1,5.637266541598817,0.5372665415988171,"Walker County, TX",Texas
1593,1782,2.47466924069478,2.4341109599696447,train,34029,583450,48.03462164709915,51.96537835290085,91.84420258805382,3.0976090496186477,99.55532189875359,78.90444166976992,20.650880228983663,0.444678101246413,14.462926545030776,82.38328052733166,3.1537929276375687,26.625344029106625,51.638421939288605,21.73623403160477,45.6426081490371,27.49101190875504,26.86637994220788,11.250421055190351,25.02143746254207,9.351749759116327,13.167035103560176,2.0,29.70292367237289,67.94475356638829,43.67039111167042,3.854935413988692,8.797540607836615,61994.0,0.4382,31200.0,60.45075927613711,8.421250023440283,74.6262371025479,73.54570975222751,15.333943045354404,98.44013181984621,13.654092141943474,0.18715163350827946,8.791327448795954,11.777777777777779,29.290599023052525,23.399263004541947,31.448281772216983,21.6560116548119,5.058188362327535,11.877777777777776,11.405674103701704,-0.472103674076072,"Ocean County, NJ",New Jersey
1594,933,2.232401036136941,2.2447894509570627,train,20103,78227,53.44190624720365,46.558093752796346,83.88535927493066,8.462551293031817,99.86898647940468,72.99549313489152,26.873493344513154,0.13101352059532545,12.444846702115624,84.45148395369009,3.1036693441942904,27.40192378719509,49.67000144524915,22.92807476755577,39.524309867227046,31.500620880695386,28.975069252077564,11.363228079872869,19.619455645161292,10.584213797389683,14.633974890691562,2.0,50.415208648874504,79.82203611619994,29.012599543874078,2.7105843646016377,8.236437731334355,63726.0,0.4049,27138.0,67.22679381681151,5.8628381856660745,82.83842283842284,78.3874097229708,12.706212706212705,96.86321008946858,11.248391248391249,0.5713053788940391,6.60130134096923,9.222222222222221,31.086453526276088,29.671341097063674,33.62010559014151,12.270699374896136,7.652089432037531,9.32222222222222,9.438428095236382,0.11620587301416307,"Leavenworth County, KS",Kansas
1595,1652,0.09531017980432493,0.19544572033780994,train,31009,551,53.17604355716878,46.82395644283122,98.72958257713249,0.0,100.0,78.32167832167832,21.67832167832168,0.0,13.480392156862745,84.06862745098039,2.450980392156864,22.01834862385321,63.532110091743114,14.449541284403667,41.509433962264154,40.161725067385454,18.328840970350406,19.23774954627949,34.90566037735849,20.35398230088496,8.892921960072597,6.0,28.676470588235286,86.14718614718616,30.303030303030305,0.4329004329004329,3.896103896103897,48875.0,0.3914,21854.0,70.09803921568627,0.6993006993006993,61.80124223602485,76.74418604651162,12.111801242236025,97.67441860465117,28.57142857142857,0.0,0.0,1.0,34.301270417422856,23.230490018148817,35.208711433756804,15.607985480943734,1.2704174228675136,1.1,1.2158527960519736,0.11585279605197352,"Blaine County, NE",Nebraska
1596,1918,2.118929313186954,2.293462752480055,train,37069,62296,49.62918967509953,50.370810324900475,67.37511236676512,25.69346346474893,99.30315992824616,66.88284807506555,32.42031185318063,0.6968400717538291,13.128794449262793,83.26539462272333,3.605810928013877,27.696555559969806,49.582853283540594,22.72059115648961,48.44428706326723,32.186024551463646,19.36968838526912,15.843658741812543,24.77438389448109,17.09046702461757,14.778405565171953,2.0,25.98079216621681,75.00212711648089,33.344677954564794,4.322300689185741,17.093508040500296,42685.0,0.4228,21526.0,62.763135375663175,9.816620083168587,65.33098295095769,59.26053113553114,15.98347716270259,97.68772893772892,22.8978109871606,0.5151098901098901,7.886541672017465,8.222222222222221,29.873507127263387,26.51855656864004,35.61384358546295,14.60125850776936,6.931424168485941,8.322222222222221,9.909191417998072,1.5869691957758505,"Franklin County, NC",North Carolina
1597,543,1.9756230463738251,1.8159030059599097,train,15007,69691,50.18008064168974,49.81991935831026,33.288372960640544,0.6701008738574565,99.33067318831252,73.69674346762775,25.633929720684772,0.6693268116874759,9.359652082630372,82.84782364188506,7.792524275484572,30.587487418551678,47.05196800339037,22.360544578057947,38.38204358393072,33.592712864816285,28.02524355125299,10.717914477312975,14.321964325695946,11.359148635447195,10.627984267738707,5.0,25.64815845109603,78.08078553894221,37.05869225619281,4.146395893773711,11.613479134121848,65101.0,0.4199,27441.0,66.981521046516,5.3245663122551745,77.45509124696241,69.49226985242446,14.313622718825936,94.25509486999296,11.490446466860435,0.9926212227687984,10.546555509319713,7.1111111111111125,27.79555466272546,25.44804924595716,35.50960669239931,16.73673788581022,66.041526165502,7.211111111111112,6.146624110364686,-1.0644870007464258,"Kauai County, HI",Hawaii
1598,397,1.8440707637960658,1.6608007531256794,train,13033,23007,48.12013734950232,51.87986265049768,47.82892163254662,49.81092710914069,100.0,45.26573998364678,54.73426001635322,0.0,12.386561692409401,84.69859967546127,2.9148386321293347,35.6354674284434,38.86181594129838,25.502716630258217,62.2963114474671,28.117542783118573,9.586145769414331,31.401646924127,86.49815043156595,35.06567212583104,16.57587206748089,3.0,26.614910513215605,70.01974821031844,34.09034806220686,8.281905702295731,25.660330782522834,33641.0,0.4686,17546.0,56.21433291283715,7.683265655054496,56.474476680132206,52.935356200527714,20.749173705471907,98.12005277044857,26.228424531766443,0.0,2.9556222019385405,6.222222222222222,33.376798365714784,27.726344156126395,32.190202981701226,13.478506541487372,2.360151258312688,6.322222222222222,5.263523940644362,-1.0586982815778603,"Burke County, GA",Georgia
1599,372,2.47466924069478,2.5612566170486515,train,12117,437346,48.37039780860006,51.629602191399954,79.60950826119365,11.579161579161575,98.89972466844615,67.19666239307257,31.703062275373586,1.100275331553837,12.318615578877642,81.00117399005805,6.6802104310643085,33.06539105052428,44.12029933324271,22.81430961623303,31.049276172042585,33.60138081032814,35.34934301762927,12.141713684657296,18.78593361048282,12.517150185917954,10.230870469563936,2.0,26.303923262289658,81.17627742020228,27.281623538683828,3.647707868120321,9.722842506239328,57010.0,0.4593,29162.0,67.90916375978128,9.101518438177877,72.37938670784284,51.79736623561514,10.934273824000345,95.69852380387438,19.79987233481087,1.2779011236716775,18.757917072523814,11.777777777777779,28.337060359532273,29.475060935735094,34.97391081660745,13.74838228770813,8.811330159644767,11.877777777777776,12.952082901786122,1.0743051240083457,"Seminole County, FL",Florida
1600,1850,1.6507930981160142,2.2207638036459443,train,36057,49779,49.22557705056349,50.774422949436506,88.86076457944115,2.129412001044617,98.77662383383205,59.26773455377574,39.50888928005633,1.223376166167928,15.798754909557273,79.8567878804072,4.344457210035536,32.62476209308648,42.65269298267296,24.72254492424055,52.30051057622174,31.54777534646244,16.15171407731583,20.621115464298168,47.92169482434969,20.739436619718308,15.508414074451812,5.0,26.59713168187745,72.42438200522035,35.77972260606991,7.272634218742003,20.221096269000466,43764.0,0.4504,23554.0,62.24145713299525,8.65540482893951,66.03351955307261,68.35629921259843,27.370915862535966,98.24064960629921,11.383104790926021,0.5290354330708662,12.276261073946845,5.111111111111111,29.174953293557518,25.783965125856284,34.00630788083328,17.362743325498705,9.009823419514252,5.21111111111111,9.214366145210999,4.0032550340998885,"Montgomery County, NY",New York
1601,1216,2.267533454935127,2.3672064251849125,train,25011,71144,48.857247273136174,51.14275272686383,93.88423479140896,1.2959631170583603,98.5575463103553,67.51442453689644,31.043121773458854,1.4424536896447009,16.295744152202467,77.69318141482982,6.011074432967735,30.603498204563884,45.60573215733646,23.790769638099647,34.94107293181297,29.83278487793678,35.22614219025025,11.73376781145936,18.114942528735632,12.263186856379216,13.941529107594395,5.0,29.010362694300518,77.75312893185881,33.94146083040858,7.016091649559632,15.035428117343226,55221.0,0.4349,30584.0,68.87137089021343,6.4869803563270905,75.08786666371934,71.29969929836285,26.80651650124892,93.96090878717008,4.524856871283627,0.8185766789174742,3.6208253682671763,9.555555555555557,24.250815247947827,24.347801641740688,39.68711346002474,17.363375688743957,4.819802091532667,9.655555555555557,10.66755002114374,1.0119944655881827,"Franklin County, MA",Massachusetts
1602,1776,2.0354316006833932,2.166961455701328,train,34017,662619,49.6822457551021,50.31775424489789,55.62638560017145,12.748049784265168,99.597019126776,57.1114271745411,42.485591952234905,0.4029808732239951,13.649791746351475,76.9754304901793,9.374777763469217,41.76116960858434,36.91348826337378,21.3253421280419,43.223524920812274,19.283632534629213,37.492842544558506,17.513802217500388,36.105170334181366,17.916360636843354,9.4151617318156,1.0,8.478341284821353,83.06582152702097,20.7220815436887,4.938217193409835,15.5618949932688,59741.0,0.4953,33185.0,71.12626722480869,9.158465663133995,61.50888405084627,43.90837278149869,14.521955544630945,91.20953204461183,25.41764695554464,3.998065452200548,42.78537138234793,7.555555555555554,25.617587180566808,38.44200060668348,30.510293245439684,10.623148445788608,31.62556461556339,7.655555555555553,8.731711997312642,1.0761564417570888,"Hudson County, NJ",New Jersey
1603,1806,2.366081404553173,2.2661410846231407,train,35031,73998,48.218870780291354,51.78112921970865,16.93289007811022,0.8148868888348334,99.67049603704693,52.67165375367353,46.998842283373406,0.32950396295306794,10.07167329579018,86.67152364824952,3.256803055960304,50.56179775280899,28.494672451035555,20.943529796155453,59.51179820992677,29.368824828548174,11.119376961525047,37.47427247325019,79.33724764739,52.7198779867819,14.89876013417168,5.0,17.595906933312584,67.85733644099953,30.082931324191016,14.082064068513198,26.424196433411023,28772.0,0.5085,12614.0,52.59146341463414,15.280564845782235,25.62783038287361,24.335213537469784,32.546544073921595,93.56701584743486,44.06934723937606,3.2366371206016646,13.923349279710262,10.555555555555557,38.81456255574474,31.007594799859447,28.235898267520746,10.227303440633532,82.25222303305495,10.655555555555555,9.642120801900825,-1.01343475365473,"McKinley County, NM",New Mexico
1604,1755,2.88975428334737,2.789475385735323,train,32031,435019,50.29550433429344,49.704495665706546,80.4576351837506,2.406331677466961,99.13680302676822,65.8119224644223,33.324880562345946,0.8631969732317649,14.903755797387008,76.72800024250508,8.368243960107915,31.46337108964313,44.15901291384817,24.3776159965087,37.280356272100775,34.01805230189014,28.701591426009088,15.200713814785564,25.26291459609384,15.928393180436045,11.659487597299345,3.0,31.07722093975725,78.29150260001803,28.45531876521687,3.6700832606931377,10.810664582644502,52870.0,0.4663,28757.0,67.7029588922752,8.851129818342931,69.08227581842326,57.151665639008776,12.608601812255587,95.74382988651324,21.36771521906929,1.2681853783725232,23.277374091706342,17.88888888888889,29.024479390555353,30.136844597592287,33.211882699376346,13.942839278284394,17.13603313878244,17.988888888888887,16.272480786597352,-1.7164081022915347,"Washoe County, NV",Nevada
1605,2930,2.2442495159810822,2.2632654368855585,train,51700,181323,48.41636196180297,51.58363803819703,50.3548915471286,40.38594111061476,99.33774834437084,52.710065285801505,46.62768305856935,0.6622516556291391,16.853181252209733,75.49920833781684,7.647610409973407,37.44881498945279,37.49500213701727,25.05618287352993,39.15308483066915,36.808370005740024,24.038545163590822,15.65569537999176,31.692356086819768,14.886648765241887,12.586811604301676,2.0,48.112580504687045,80.73342695409204,25.797344838069872,5.055520970567371,15.970060660460673,50077.0,0.4343,25369.0,68.95918383096287,8.510709729403075,71.82748310764477,71.49218286166635,13.835730417211455,95.79457747872549,18.69176823414313,0.3562240253314862,8.217931536539767,9.333333333333334,30.756164413780926,35.537686890245574,29.441383608257087,11.426570264114316,9.259167342256637,9.433333333333334,9.614433287879681,0.18109995454634742,"Newport News city, VA",Virginia
1606,270,1.5380612495918724,1.3369876851478522,train,8061,1463,45.52289815447711,54.4771018455229,93.77990430622008,0.8202323991797676,100.0,78.77984084880637,21.22015915119364,0.0,19.848053181386515,79.86704653371321,0.2849002849002849,22.53032928942807,54.8526863084922,22.61698440207973,43.260188087774296,36.46812957157785,20.27168234064786,13.179916317991633,17.55485893416928,14.362850971922247,15.341701534170154,6.0,19.649446494464947,77.01543739279589,34.47684391080617,4.116638078902231,10.977701543739279,40304.0,0.4476,22731.0,68.77956480605488,2.0632737276478683,73.38403041825094,66.79104477611939,11.280101394169836,100.0,17.743979721166035,0.0,7.177033492822965,4.5555555555555545,33.49282296650718,21.872863978127132,32.194121667805874,20.16404647983595,5.399863294600136,4.655555555555554,3.8075566535872434,-0.8479989019683107,"Kiowa County, CO",Colorado
1607,1852,2.312535423847214,2.412642452970154,train,36061,1629507,47.2188213981284,52.781178601871616,56.426514277017525,15.021107611075008,99.67480086832391,57.966111716460155,41.70868915186377,0.3251991316760848,26.59112993693184,60.33008550407636,13.078784558991813,50.662247011683995,28.86398411280359,20.473768875512427,25.98719646942807,14.083069983303993,59.929733547267936,17.916020431048373,32.59459094134742,20.12202460282721,9.823349847370263,1.0,7.533625901329503,79.36192980188402,22.80339383730956,6.256904476032723,14.687128124421156,72871.0,0.5988,64993.0,69.10436277010108,7.402219554516431,72.27186011602204,48.1928086663191,18.14018679459948,93.94587561104949,11.579015672923436,1.2156375189943365,25.800011905441337,10.0,19.07632185685609,40.27168953554664,30.959977465577012,14.124210574118429,28.55237811190747,10.1,11.163421019787284,1.0634210197872846,"New York County, NY",New York
1608,1821,3.0701179849123865,2.5364013370949268,train,35061,76297,50.21167280495956,49.788327195040424,74.65169010577087,1.125863402230756,99.8791000841043,63.36732548359967,36.511774600504616,0.1208999158957107,11.93034790109258,84.52235480161012,3.5472972972972974,29.385537592681278,47.300890070512075,23.31357233680665,50.532815456627816,32.942933970720055,16.52425057265213,23.678794807989767,48.19622521302859,26.145210936085462,18.88487282463186,3.0,37.61488769454317,70.05918921937237,34.26646316494807,8.480065517626475,21.490526002308005,41703.0,0.4349,19412.0,56.72028034863871,11.906723274824154,56.75106430652029,57.00408533817522,26.92583464037643,98.26600090785291,22.01658077526327,0.5719473445301861,59.191056004823245,21.444444444444443,32.10873297770555,26.437474605816746,33.97905553298295,14.56938018532839,24.222446491998376,21.54444444444444,12.634123114108943,-8.910321330335497,"Valencia County, NM",New Mexico
1609,1080,2.7293042074630365,2.4441634613281256,train,21187,10711,49.08972084772664,50.91027915227336,96.12547848006722,1.5871533937074036,99.29988331388563,63.47724620770129,35.82263710618436,0.7001166861143524,13.64363994581948,85.16192587119814,1.1944341829823912,23.148041141800533,52.13220848260718,24.71975037559228,63.12346688470974,24.67974925047697,12.196783864813302,16.80830972615675,29.810725552050467,17.55935147654893,19.77179199401421,6.0,23.624078624078628,70.24011642008246,38.855202522435114,7.8583555663351925,18.11787533349503,41934.0,0.4813,22878.0,58.354882403644865,8.651614264612787,68.55040701314965,70.28274668205424,21.368190356919214,98.84593190998268,12.977457733249846,0.0,2.4647558584632616,15.222222222222221,31.294930445336572,24.302119316590424,35.35617589394081,16.338343758752682,2.287368126225376,15.322222222222218,11.520907881588398,-3.8013143406338195,"Owen County, KY",Kentucky
1610,2563,0.6875761355104899,0.9896649294236568,train,48095,4086,66.71561429270679,33.284385707293204,93.53891336270193,0.5139500734214391,98.95988112927192,71.3224368499257,27.63744427934621,1.0401188707280828,9.44333996023857,82.10735586481114,8.449304174950298,28.103448275862068,29.94252873563219,41.95402298850575,66.9491525423729,21.414602346805733,11.636245110821381,11.1277072442121,24.719101123595504,8.992416034669557,10.651769087523276,6.0,19.425725168473484,69.00369003690037,43.05043050430504,5.7810578105781065,6.519065190651907,48368.0,0.4662,15820.0,49.15506958250496,2.8311425682507583,68.06056236481615,65.75999999999999,13.049747656813269,96.32,23.50396539293439,0.0,55.433186490455206,1.8888888888888888,22.197748409202152,31.86490455212922,35.438081253059224,16.226138032305432,5.9471365638766525,1.988888888888889,2.6903328699221953,0.7014439810333064,"Concho County, TX",Texas
1611,2524,1.62924053973028,1.5864193444997892,train,48017,7126,51.81027224249228,48.18972775750772,84.90036486107212,2.06286836935167,100.0,81.95144296839213,18.048557031607878,0.0,11.281944733014752,87.22210679409932,1.495948472885934,24.43687298883211,55.61234147264812,19.95078553851978,64.20097697138868,27.98325191905095,7.815771109560362,18.96750071901064,34.82367758186398,18.927600691870524,14.25100057175529,6.0,30.2245599838155,80.56020066889631,26.58862876254181,4.306020066889632,16.471571906354516,37397.0,0.4043,17007.0,66.81903178890505,4.446517412935323,50.55555555555557,57.79283639883833,6.613756613756612,92.83639883833494,45.29100529100528,0.0,60.061745719898965,5.0,40.092618579848434,28.48722986247545,25.624473758069037,15.253999438675272,13.036766769576195,5.1,4.886221690980685,-0.2137783090193146,"Bailey County, TX",Texas
1612,2207,2.3555991282796627,2.911030178159878,train,41011,62775,49.108721624850645,50.891278375149355,88.44285145360416,1.1772202309836717,98.72124957088913,64.02334363199449,34.69790593889461,1.2787504291108822,16.857142857142858,76.30169830169831,6.8411588411588395,22.845955460175823,47.22614408614296,29.92790045368121,43.52887911519304,38.145441217687505,18.325679667119413,18.315789473684205,33.661625043967646,20.135525279759488,22.94591447240732,5.0,42.28005590881352,64.14168726823239,46.43077873918418,6.582200247218789,25.799598269468483,38605.0,0.4656,22667.0,52.37022565983573,11.556469110425944,57.13566715132535,63.13888888888889,26.537859299854606,98.9097222222222,22.111620624091266,0.25,5.949820788530466,10.444444444444443,23.80246913580247,22.725607327757867,35.35643170051772,23.32775786539227,10.379928315412188,10.544444444444443,18.375719084065356,7.831274639620913,"Coos County, OR",Oregon
1613,1648,1.3552622518721622,1.663446773617084,train,31001,31442,50.34348959989823,49.65651040010177,94.92716748298454,0.963679155270021,96.18840185134769,72.97849169616117,23.2099101551865,3.811598148652328,18.326337411806733,75.85960525140662,5.8140573367866395,29.37467782227686,50.608668067726704,20.01665410999643,41.30702229221003,35.70690418778603,22.98607352000393,11.810173152867318,18.935705892227627,11.754499033265581,12.099621285063224,5.0,28.662340903419015,77.45856353591161,31.239147592738753,3.891081294396212,9.944751381215472,50635.0,0.4599,27690.0,68.99146592676672,5.3439766010602625,78.82359186707014,71.37373737373737,10.102457928544883,97.37373737373736,13.945957424218294,0.26262626262626265,8.596781375230583,3.7777777777777777,31.969976464601487,29.08529991730806,31.082628331531076,16.30939507664907,4.109153361745436,3.877777777777778,5.277469775193574,1.399691997415796,"Adams County, NE",Nebraska
1614,355,2.806050362353744,2.8053315696748307,train,12085,151586,49.46894831976568,50.53105168023432,87.11028722969141,5.595503542543507,99.60898180410378,69.35733643050716,30.251645373596592,0.3910181958962447,16.55606894743741,78.98233713461791,4.461593917944684,24.16353182249136,48.83093250145274,27.005535676055906,36.27108985096793,32.12133248139258,31.60757766763949,12.088281801971537,24.362949326615638,11.759144789469858,15.21696749689086,3.0,37.908293708632996,62.462874483471076,48.42620092975206,2.5810304752066116,8.387138429752067,51593.0,0.5128,34742.0,54.411704871876246,9.166093380791434,68.3914791599031,63.63105389809125,11.616262517793373,98.18937924911805,23.10141597782384,0.3177347382192837,12.858047576953016,16.444444444444443,22.323961315688788,20.161492486113488,33.98928660958136,28.76980723813545,7.294209227765098,16.544444444444444,16.532556691827697,-0.011887752616747349,"Martin County, FL",Florida
1615,2260,2.88975428334737,2.4381353178064424,train,42045,561683,47.98293699471054,52.01706300528946,70.94553333463894,20.76687384165089,99.50102333846323,65.75544590585287,33.74557743261037,0.4989766615367529,14.04026845637584,82.71987423665277,3.2398573069714014,36.41757473849713,43.599021684536936,19.983403576965912,39.57616421975686,24.373878961004447,36.04995681923869,10.579699154948333,17.147011914813778,10.328084163604283,11.762328723874473,2.0,21.201615834441377,79.28632057188555,30.89928710558981,5.518676067256411,11.543688701138768,65123.0,0.4758,34064.0,67.58670803854314,7.906645509449878,79.41411642890014,71.05518752801714,12.692130694891851,95.89206554764158,11.002358490566037,0.5653235045076456,3.3956876031498195,17.88888888888889,30.062330531634395,28.68486317015114,33.892426867111865,14.823663881584453,8.28759282371017,17.988888888888887,11.451667101732816,-6.537221787156071,"Delaware County, PA",Pennsylvania
1616,1798,3.0225905610568597,2.8090705381318744,train,35017,29119,49.39386654761496,50.60613345238504,89.08959785706926,0.6318898313815722,100.0,52.760152284263974,47.239847715736026,0.0,17.849083852333234,78.82029063994946,3.330625507717304,28.61276524364673,44.04512287176046,27.3421118845928,42.13578983282157,31.632304917872982,26.23190524930545,20.820189274447948,45.05292222733547,21.826353869765395,21.922193611246424,5.0,38.97777582957086,64.76063829787235,44.41489361702129,7.172539893617022,20.287566489361698,38311.0,0.4755,23011.0,51.64051355206847,9.823895027624307,61.406279613367865,56.58034226866576,31.417019394781732,99.21247917613206,14.27127424347716,0.5300620929880357,49.1809471479103,20.444444444444443,27.95769085476836,23.211648751674172,31.652872694804078,23.479515093238092,10.27851231154916,20.544444444444444,16.594487105596208,-3.949957338848236,"Grant County, NM",New Mexico
1617,765,3.1541595101485096,2.4002808394549913,train,18149,23117,49.292728295193996,50.707271704806004,95.63524678807804,0.6661764069732232,97.59955340528471,65.72385560104206,31.875697804242648,2.400446594715296,12.695986868172298,84.4908586630441,2.813154468783608,24.33590402742074,50.66409597257926,25.0,60.04430379746836,28.348101265822788,11.60759493670886,16.00591201530169,35.267058522872475,14.939321175936144,17.397888542748355,6.0,30.396475770925107,71.6463761520082,40.02730686084879,7.1794288314939125,13.596541130959153,42208.0,0.4124,20899.0,60.28464927143341,11.16732246580476,68.66518273856538,62.37099761841757,19.214475479284843,97.24794919290821,16.909600057442383,0.2646202699126753,3.473634122074664,23.33333333333333,29.94333174719903,24.68745944542977,35.57987628152442,16.347276895790976,3.698576804948739,23.433333333333334,11.026272558232677,-12.407060775100657,"Starke County, IN",Indiana
1618,3023,2.232401036136941,2.3632996463256797,train,54077,33809,51.52178414031767,48.478215859682344,94.1642757845544,3.9723150640362035,96.9807868252516,73.48276913693198,23.49801768831961,3.0192131747483986,12.572735663549905,84.54191580721537,2.8853485292347205,26.195755464048148,50.790131277936155,23.01411325801569,64.27532719340766,21.17466472774277,14.550008078849572,14.647580619335832,23.311076197957586,15.708918881313483,19.756066573497648,4.0,29.03510708765732,71.58434894162924,39.183771648492616,8.972097498396408,16.027902501603588,45064.0,0.4102,21097.0,59.1631228436171,6.489455482471013,65.45248752379483,65.07560575696849,20.368369604362808,98.88868646383676,17.996604414261462,0.0,1.6445325209263804,9.222222222222221,24.762637167618088,27.744091809873115,35.91647194534001,16.883078470229822,1.8634091514093882,9.32222222222222,10.625955565316065,1.303733343093846,"Preston County, WV",West Virginia
1619,2806,1.9443215863701753,1.912814933351456,train,50015,25027,49.70232149278779,50.29767850721221,95.90042753825868,0.7631757701682184,98.07834441980783,68.99482631189949,29.083518107908354,1.921655580192165,16.933059028327264,76.59439784776072,6.472543123912011,32.19277810133955,47.54416618132402,20.263055717336442,36.52426620168556,27.247893054344672,36.22784074396977,11.8174375767499,21.404226312201764,11.346400653366,11.527354403978824,6.0,24.87244897959184,77.70243710691823,32.272012578616355,4.608883647798742,13.974056603773587,50939.0,0.43799999999999994,27390.0,69.23037507686001,4.344608097106062,66.68550615423261,59.91091314031181,25.489826676714397,97.80066815144764,11.994473750313993,0.6959910913140313,1.5423342789787031,6.8888888888888875,28.76892955607944,27.654133535781355,36.01310584568665,14.672154073600511,3.3363966915731016,6.988888888888887,6.772125073768595,-0.2167638151202924,"Lamoille County, VT",Vermont
1620,267,1.62924053973028,1.5291752470067645,train,8053,874,47.597254004576655,52.40274599542335,98.39816933638443,0.0,96.42857142857143,78.57142857142857,17.857142857142858,3.571428571428571,14.187327823691463,80.16528925619834,5.647382920110192,11.369509043927648,69.50904392764858,19.12144702842377,26.44628099173553,33.19559228650138,40.35812672176309,8.009153318077804,14.754098360655734,7.624633431085044,16.247139588100687,6.0,47.411444141689365,76.32241813602016,42.31738035264483,0.7556675062972292,2.267002518891688,57083.0,0.4219,33816.0,61.71662125340599,2.428256070640177,67.72823779193206,79.46768060836501,14.437367303609342,92.01520912547527,22.080679405520172,1.520912547528517,1.2585812356979404,5.0,20.70938215102975,11.556064073226544,42.33409610983982,30.091533180778033,1.6018306636155606,5.1,4.614369537392925,-0.4856304626070749,"Hinsdale County, CO",Colorado
1621,2294,2.049841071903545,2.308506510221033,train,42113,6381,51.982447892179906,48.0175521078201,94.67168155461526,2.4604293997805997,98.73577749683945,71.80783817951959,26.92793931731985,1.2642225031605565,17.189631650750346,80.3936854414344,2.4166829078152405,26.15652173913044,49.68695652173913,24.15652173913044,59.540743751270064,24.344645397276977,16.114610851452955,12.960568842921786,24.364723467862483,13.546745813016749,20.368276530447424,6.0,43.205637874954824,64.66841513675534,45.59760209816411,4.795803671787186,9.47920569501686,44189.0,0.4122,25054.0,53.30841121495327,8.800841514726507,73.46560846560847,76.36942675159236,16.058201058201057,99.29936305732485,14.550264550264547,0.0,1.7552107820090894,7.666666666666668,20.357310766337566,22.34759442093716,37.9877762106253,26.48487697853001,2.8678890456041373,7.766666666666667,10.05938983473217,2.2927231680655042,"Sullivan County, PA",Pennsylvania
1622,1591,3.0062325081878574,2.9058325470794317,train,29510,317850,48.33758061978921,51.66241938021079,45.74547742645903,47.684756960830576,99.29894920101972,39.7655909967046,59.53335820431512,0.7010507989802898,25.55152215163765,66.38643676264334,8.062041085719,49.67365035869917,26.292173317348862,24.034176323951968,39.4836503016854,28.604636235259594,31.911713463055,27.07836937679757,71.86405711338527,30.32071523277547,15.017918399417413,1.0,21.716148635816932,74.59567912292644,25.908064920640612,8.554333416932392,25.12916054602129,35599.0,0.5073,23945.0,66.97476319105338,12.122377832541925,61.287489488928344,48.37394823419804,19.31748108007101,96.65181820828602,22.072783331776147,0.6201414970739803,3.7360390121126317,20.11111111111111,26.255151801164068,37.03885480572597,31.319490325625296,11.215982381626553,6.569765612710397,20.211111111111116,18.280456659360553,-1.9306544517505628,"St. Louis city, MO",Missouri
1623,495,2.792527505843612,2.354192789210267,train,13233,41215,48.96760888026204,51.032391119737966,76.01843988839016,13.407739900521653,99.13960588398555,66.37061707836061,32.76898880562494,0.8603941160144324,13.063887871624994,83.92649066151745,3.0096214668575425,25.137177437055158,49.145580534913606,25.71724202803123,62.82304680216298,24.05743054260675,13.119522655230279,21.499865120043165,46.18435448577682,21.823629443679646,17.146628856402486,5.0,27.673783597065498,72.80522662311148,35.102763032530284,7.213828773649109,21.695930311691846,37853.0,0.4683,20293.0,59.53536293538952,9.920169709149778,60.223629038888426,62.4783061437001,15.510153744964235,98.61159319680668,27.67820439036422,0.5727178063172509,12.740507096930726,16.22222222222222,32.36443042581584,26.36661409680941,32.89579036758462,14.489870192890935,10.573820211088195,16.32222222222222,10.529625802716906,-5.792596419505314,"Polk County, GA",Georgia
1624,1401,1.8440707637960658,2.1085431711770637,train,28013,14789,48.17093785921968,51.82906214078032,68.31428764622355,26.98627358171614,99.1696650982563,55.35566011624689,43.81400498200941,0.8303349017437033,16.511330409356724,81.91703216374269,1.5716374269005846,26.116109319300627,45.84960108640298,28.03428959429639,61.27732446862093,27.55112319935529,11.171552332023774,25.94993448727674,63.589260480452175,28.009286128845037,19.00662704106033,6.0,17.778175633336318,64.52212090509963,41.236068895643356,11.263086795001689,18.422830124957784,31098.0,0.4536,17434.0,55.36103047895501,9.831230542356217,54.86313337216074,50.840508405084044,25.241700640652297,97.7449774497745,24.845661036691904,0.0,5.612279396849009,6.222222222222222,30.84048955304618,24.673743998918113,33.72100885793495,17.168165528433292,4.699438772060316,6.322222222222222,8.236233757564124,1.9140115353419018,"Calhoun County, MS",Mississippi
1625,2058,2.1709566505156093,2.2652932857738426,train,39043,76141,48.89875362813727,51.10124637186273,86.56702696313421,8.419905175923615,99.80825137626029,62.726541720789264,37.08170965547102,0.1917486237397167,16.94492813001468,79.58277851753219,3.47229335245314,27.811374061552623,48.18818151516594,24.000444423281436,49.237214302926944,29.51415277957996,21.248632917493094,12.422633071117678,23.39185770144905,11.908327488484067,14.326742810036034,5.0,34.011482359224274,73.11360846161111,36.8873359146284,5.216104762804168,15.45943904051374,48011.0,0.4377,27249.0,64.00060990072171,7.480742250575748,72.50972246773908,74.38634713144519,17.66837546402687,98.35875090777051,14.121884391019973,0.32679738562091504,3.86651081546079,8.666666666666666,27.40179404000473,24.180139478073574,35.60368264141527,18.92935474974061,5.013067860942201,8.766666666666667,9.633949687200426,0.8672830205337583,"Erie County, OH",Ohio
1626,210,2.267533454935127,2.1466575154388687,train,6053,428441,51.185344073046245,48.81465592695378,73.30694307967724,2.7884819613435687,99.61094998938955,66.3745844238523,33.23636556553724,0.3890500106104548,9.144326235136916,83.67335892968894,7.182314835174128,38.46655585246281,41.63107286384581,19.902371283691377,50.06119586769789,26.81271832416325,23.12608580813886,16.994696725080967,33.59610868835961,16.193558221065345,9.005277997287832,3.0,18.860011067853712,81.463613020526,28.426978836063213,5.024640755330855,8.129854388287267,58783.0,0.4614,24994.0,64.79289442383441,8.32271585549136,59.94221467489719,58.90419471776281,16.27043210224301,95.87571206628692,26.680643525709637,1.3381667529777317,56.92592445634288,9.555555555555557,33.60859488237587,32.366416846193516,29.572799988796593,11.59529550159765,23.904574958979182,9.655555555555557,8.556211543030386,-1.0993440125251706,"Monterey County, CA",California
1627,415,2.0208114572284313,2.120785574324678,train,13071,46024,49.68929254302103,50.31070745697897,68.40778724143924,23.09881800799583,98.64344196500241,56.64633167442608,41.99711029057633,1.3565580349975919,11.771572512518047,84.00761834546739,4.220809142014561,28.154683051946225,44.338904704191215,27.50641224386257,63.977473198534405,22.967838241281036,13.054688560184555,26.78753490846225,64.57912457912458,28.472683250673644,14.713992631973705,5.0,20.31562304227201,73.06348096841838,34.93677320963335,9.703247124610787,24.10878820613841,32409.0,0.4738,17353.0,60.34566699123661,8.012303348124242,44.84932119946293,51.56972901520158,16.343428315679546,94.91077329808328,41.63434283156796,2.7759418374091207,18.068833652007648,7.444444444444445,33.76716495741353,27.98322614288197,31.30540587519555,13.61898140100817,8.493394750564923,7.544444444444446,8.337684786751694,0.7932403423072483,"Colquitt County, GA",Georgia
1628,32,1.094901709271574,1.5803974967131913,train,1065,15256,47.08311484006293,52.91688515993707,39.96460409019402,58.24593602517042,99.66740576496672,41.075388026607534,58.5920177383592,0.3325942350332594,16.51593642988849,82.13188164017913,1.3521819299323907,35.42695265074868,39.07729664103602,25.495750708215297,62.233472884821346,23.892512900399183,13.874014214779475,26.790008014961266,63.561643835616465,29.859765135104322,20.402720362715034,4.0,21.737637362637358,62.13936224059389,43.02345199932513,12.164670153534672,24.14374894550363,32714.0,0.4868,18877.0,52.888498683055325,13.04780876494024,58.101308285810134,58.43890478136494,28.59219501285921,95.09603596240295,19.646651011964668,1.6755210461789949,1.1143156790770845,2.888888888888889,31.122181436811747,26.07498689040377,33.29837441006817,16.97692711064499,1.7894598846355532,2.988888888888889,4.856886023816252,1.8679971349273634,"Hale County, AL",Alabama
1629,3115,2.6302888397953126,2.222398447626949,train,56007,15739,54.590507656140794,45.40949234385921,91.5941292331152,1.4105089268695596,98.7611096148667,67.65418798814974,31.106921626716947,1.2388903851333153,15.204991087344027,80.35650623885918,4.438502673796791,25.490351782736443,50.742475978718346,23.767172238545214,44.759498409133464,35.747707280553996,19.49279431031256,15.273311897106106,24.079702803107057,16.17631877774337,13.480818072450207,6.0,32.798069722938685,84.11918795022922,25.80222658808121,2.5867714472822527,8.595284872298626,56825.0,0.3926,26706.0,71.97724039829303,4.199604743083004,75.63325395107165,60.0,9.666594500974236,97.06467661691542,18.835245724182727,0.0,17.351801258021478,13.777777777777779,29.417370862189465,28.051337442023,34.90056547429951,13.450663955778642,6.995361840015248,13.877777777777778,9.229440670753592,-4.648337107024187,"Carbon County, WY",Wyoming
1630,2656,1.8263398028248343,2.1150541237248444,train,48281,20219,49.003412631683084,50.996587368316916,87.88763044660963,4.169345664968594,100.0,73.01457008003284,26.98542991996717,0.0,11.177406523468575,86.90665605940069,1.9159374171307344,20.268027294522653,56.05827749431364,23.67369521116371,38.13190005810575,40.84108076699594,21.02701917489832,14.617192578886836,29.287039491121124,13.668145252236672,16.635409802828324,3.0,62.898396433561786,72.68487674883411,36.45569620253165,4.930046635576282,12.151898734177214,49630.0,0.4096,23772.0,59.79645480892364,8.724075743913435,63.318205620527145,76.53151820065108,15.596090068074709,97.92838117786327,28.294641298655964,0.20716188221367265,18.749690884811315,6.1111111111111125,31.183540234432954,24.432464513576328,33.829566249567236,17.463771699886248,7.9430238884217825,6.211111111111112,8.290034441520186,2.078923330409074,"Lampasas County, TX",Texas
1631,189,1.928295602354331,2.105206359799456,train,6011,21396,52.01439521405872,47.9856047859413,85.0065432791176,0.7057393905402879,99.7676348547718,68.96265560165975,30.80497925311204,0.2323651452282157,8.969616908850726,88.04491413474241,2.9854689564068693,29.927722650986155,52.35207644248439,17.720200906529463,53.519855595667856,31.866726835138394,14.613417569193745,14.97025776602776,28.507078507078514,13.798786425949507,12.58665409101627,6.0,20.464327637928786,78.25150732127477,28.82572494975596,4.8521389606660925,10.709158771174275,52168.0,0.4134,21897.0,64.15678524374177,10.042098778108636,50.961001674774714,59.14426353653919,23.526597017306013,94.62324876940555,27.70555865699019,1.2873911397198032,57.37988409048421,6.777777777777778,35.548700691718075,29.11759207328473,29.837352776219856,12.764068050102825,14.287717330342119,6.877777777777777,8.208796800486146,1.331019022708369,"Colusa County, CA",California
1632,1590,1.8082887711792655,2.7236872814878534,train,29229,18449,49.25470215187815,50.74529784812185,96.26538023741124,0.7967911539920862,100.0,73.32313742626172,26.67686257373826,0.0,15.515852676283224,81.26967855312294,3.2144687705938337,20.686589619093205,51.80879436504138,27.50461601586542,63.068638482559074,24.50570647805819,12.425655039382734,25.370002208968412,43.92614188532556,31.053994437517986,18.754109138724523,6.0,31.15334585922821,66.83444429329343,40.86518840974017,8.407019453135629,24.649707522786017,29778.0,0.4987,18481.0,52.65315084534875,9.132610508757297,52.66538830297221,50.04639653572534,24.276126558005753,98.42251778533873,28.48513902205177,1.3918960717599749,1.7074096156973282,6.0,31.340452057022066,22.700417366794948,34.10482953005583,18.21236923410483,2.937828608596672,6.1,15.236399689272586,9.136399689272586,"Wright County, MO",Missouri
1633,2057,1.7711787615280343,1.8277165832620084,train,39041,185433,49.48525882663818,50.51474117336182,88.9669044884136,3.5964472343110447,99.63634956864868,81.8716391349762,17.76471043367248,0.3636504313513095,9.898238837189773,88.3161695663127,1.7855915964975229,23.50987786345472,61.47351832048179,15.01660381606349,24.012635604139824,24.16060517893512,51.826759216925055,4.539676277520247,4.982701795328461,4.667060174845256,7.409414889292393,2.0,22.58057266148245,85.3399951255179,21.82244699000731,1.9330368023397515,4.949122593224471,91955.0,0.4299,41824.0,72.40174409410275,3.0579449361888016,89.28144084096328,70.45272435897436,6.055502867323152,95.78325320512822,6.308997278923624,0.5508814102564102,2.332378810675554,5.777777777777778,35.119423187889964,25.33367847146948,35.72772915284766,10.979167677813553,7.43664827727535,5.877777777777778,6.219668336740724,0.3418905589629455,"Delaware County, OH",Ohio
1634,2653,1.3552622518721622,1.701739112813492,train,48275,3796,50.10537407797682,49.89462592202318,86.95995785036881,7.37618545837724,100.0,66.39427987742594,33.605720122574056,0.0,16.88408497950056,80.87961237420798,2.236302646291465,23.312059119919386,48.74034262680552,27.947598253275107,55.799373040752364,28.996865203761764,15.203761755485893,16.516516516516518,31.048387096774192,16.16248919619706,18.65284974093264,6.0,28.32800851970181,71.53792623521223,35.76896311760611,4.175365344467641,14.544189283228949,40493.0,0.4167,20124.0,60.52827380952381,6.453595574677321,59.616355376072704,65.34653465346534,12.670368500757196,96.74681753889676,31.499242806663304,0.0,33.06111696522655,3.7777777777777777,32.03371970495257,23.261327713382503,30.50579557428873,20.442571127502635,5.663856691253952,3.877777777777778,5.483475486590979,1.6056977088132012,"Knox County, TX",Texas
1635,964,1.513905485712537,1.4755939921087047,train,20165,3184,50.03140703517589,49.96859296482411,98.14698492462313,0.0,100.0,85.64516129032258,14.35483870967742,0.0,20.81665332265813,77.74219375500401,1.4411529223378703,18.51851851851852,55.29367751589975,26.187803965581736,42.63829787234041,35.65957446808511,21.70212765957447,9.364977549711352,4.906937394247039,11.767337807606266,16.677357280307888,6.0,35.9204368174727,73.0820995962315,41.92462987886945,4.441453566621804,8.681022880215343,38854.0,0.4235,24843.0,66.37309847878302,5.488540410132692,75.33482142857143,72.80453257790369,12.109375,98.8668555240793,15.011160714285715,0.141643059490085,2.952261306532664,4.4444444444444455,25.09422110552764,19.817839195979897,36.714824120603005,23.99497487437186,1.8530150753768844,4.544444444444445,4.373632904947344,-0.17081153949710082,"Rush County, KS",Kansas
1636,2977,2.8259978322655077,2.740602985372849,train,53063,480832,49.54765905763344,50.45234094236657,89.03816717689341,1.8270414614667911,98.96292191900999,69.15085191854827,29.812070000461745,1.0370780809899802,15.432725762643381,77.59966553682463,6.967608700531996,30.32134634051392,47.540152285434026,22.13850137405206,32.824446531012036,38.60073806263238,28.574815406355576,15.911867449055615,24.37922987164528,17.39441660701503,14.747236257587574,3.0,36.25250614868868,75.67912767653098,30.798380754838465,5.871610958933027,19.182882868618414,50079.0,0.4486,26093.0,62.853257428522674,8.177048203852454,69.09695859190195,63.904122894843034,19.677198381605105,97.87205427457077,15.389936661233776,0.25702715222881395,5.064762744576068,16.77777777777778,29.25179688539864,30.528958139225338,32.59537634766405,14.246347996805536,9.134791361639824,16.877777777777776,15.496326337855525,-1.3814514399222517,"Spokane County, WA",Washington
1637,1220,1.9756230463738251,1.8758035104144384,train,25019,10556,52.94619173929519,47.05380826070481,85.70481242895036,9.425918908677527,100.0,61.99013895114298,38.009861048857005,0.0,15.824832047773075,70.21647175914406,13.958696193082854,33.429828624363125,42.57758221398796,23.99258916164891,30.62885650518577,25.666272810817908,43.704870683996326,11.576520318954751,22.02447163515017,10.923575479341075,7.035415079969535,6.0,17.976176152087593,86.2095335202651,25.51618659189396,2.013764975783839,5.862860056079531,84057.0,0.4682,45000.0,75.86123534388976,3.0592734225621414,75.56941825039895,71.15942028985506,18.395473668939506,95.21739130434784,10.924125924851296,0.3623188405797101,10.17430845017052,7.1111111111111125,26.771504357711247,29.556650246305423,35.87533156498672,13.433118605532398,4.869268662372111,7.211111111111112,6.526060771982799,-0.6850503391283134,"Nantucket County, MA",Massachusetts
1638,2849,2.1709566505156093,2.084917227656046,train,51075,21721,49.42682196952258,50.57317803047742,78.78550711293218,17.81225542102113,98.83194278903456,75.66150178784268,23.170441001191893,1.168057210965435,10.244233378561738,88.54693474774885,1.2088318736894044,22.30408207814888,60.89827548570182,16.797642436149314,36.86495874945722,25.78003845915266,37.3550027913901,5.6942812377594985,8.223429014740109,5.489151617513317,11.676221274927725,2.0,29.32912844036698,82.27785959744722,35.00245459008345,3.865979381443299,7.6583210603829155,79330.0,0.5098,46366.0,66.00468730726533,4.7467763034946735,86.05411591596503,74.95604119567949,6.703179923158669,95.0766139161015,9.67056323060574,0.7786988193921126,2.297315961511901,8.666666666666666,25.445421481515584,19.42820312140325,42.456608811749,18.521246719764285,3.4022374660466825,8.766666666666667,8.043925639561635,-0.7227410271050321,"Goochland County, VA",Virginia
1639,749,2.0059743897979634,2.3916207488916843,train,18117,19725,49.59695817490494,50.403041825095045,96.51204055766792,1.4043092522179974,97.15009499683345,67.78551826050243,29.36457673633101,2.8499050031665614,14.240054403264196,83.49540972458348,2.264535872152329,23.334592620576753,52.29819921924192,24.367208160181328,63.54096896628712,25.07256083947309,11.386470194239786,17.645838734767953,38.25584928593133,17.02803589865777,18.313475760065735,6.0,25.0,71.11663179916317,39.73587866108787,5.308577405857741,18.16161087866109,39812.0,0.4174,19660.0,59.429928741092645,6.771725476761447,66.30992778212826,63.07834669956818,19.85556425650396,98.18013571869216,16.89724179935613,0.15422578655151142,1.2724968314321925,7.333333333333332,30.91001267427123,24.826362484157162,34.04309252217997,17.11533586818758,2.0836501901140685,7.433333333333334,10.931196317931715,3.497862984598381,"Orange County, IN",Indiana
1640,2264,2.2442495159810822,2.1441243613890304,train,42053,7581,73.22253000923361,26.77746999076639,66.03350481466825,27.318295739348372,95.91836734693877,64.48979591836735,31.42857142857143,4.081632653061225,22.33406731676628,75.18087448883297,2.485058194400755,47.326017502430894,27.142658702597586,25.531323794971524,73.06155075939247,18.433253397282172,8.505195843325339,14.32484250890167,60.0,12.213201553123893,31.316434995911692,6.0,29.322009500503807,55.673758865248224,64.23505572441742,7.34549138804458,13.525835866261401,35533.0,0.3941,13645.0,40.89336269267065,4.230769230769232,70.2188940092166,69.36936936936937,21.428571428571427,99.23769923769925,14.285714285714285,0.2079002079002079,6.423954623400607,9.333333333333334,12.76876401530141,37.185067932990364,33.58395989974937,20.867959372114502,6.64819944598338,9.433333333333334,8.534564769989657,-0.8987685633436762,"Forest County, PA",Pennsylvania
1641,11,1.6072132174119893,2.1550248854448837,train,1023,13395,47.64464352370288,52.35535647629712,55.89399029488615,43.307204180664435,100.0,57.01100461483848,42.98899538516152,0.0,18.218584496870484,79.85556090515165,1.9258545979778527,26.915467625899282,45.530575539568346,27.55395683453237,60.436333123557795,27.75330396475771,11.810362911684498,23.428268444175124,52.51759610178668,25.695957395303804,24.84546962158902,6.0,24.76127446345845,58.24215246636771,46.31390134529149,10.278026905829595,24.932735426008968,33536.0,0.4849,20755.0,48.68874425727411,13.603302535875759,58.54219948849105,52.66362252663623,25.191815856777488,98.97260273972604,22.506393861892587,0.0,0.3583426651735723,4.888888888888889,27.18924972004479,22.72489734975737,35.98357596117955,20.25382605449795,0.7988055244494214,4.988888888888889,8.628104890525849,3.63921600163696,"Choctaw County, AL",Alabama
1642,1846,1.6925528191446069,2.0715355619932145,train,36049,27124,50.56407609497125,49.43592390502875,96.80356879516295,0.9180061937767292,97.62765121759622,73.00864100549882,24.61901021209741,2.372348782403771,12.52267712674675,84.98161314047563,2.4957097327776414,26.61459760665023,54.64967571024025,18.735726683109526,56.27567567567567,28.535135135135132,15.189189189189188,12.106030582869105,20.840664711632453,11.808198325540936,14.033318392350216,6.0,32.577669902912625,73.75462567606034,35.392352215580225,5.256665717810039,16.291868298700066,49819.0,0.4117,24772.0,63.409614348017854,8.238021638330757,71.5417956656347,67.48884190744657,19.411764705882355,99.27178764388069,13.523219814241482,0.1409443269908386,1.6627341100132726,5.333333333333333,29.888659489750772,24.646069901194515,35.65477068279015,16.23285651083911,2.278425011060316,5.433333333333333,7.937001522987233,2.5036681896539,"Lewis County, NY",New York
1643,300,1.3552622518721622,1.6769734755408396,train,8121,4795,51.762252346193954,48.237747653806046,96.03753910323252,0.583941605839416,100.0,79.47976878612718,20.52023121387284,0.0,16.216991963260618,82.31917336394947,1.4638346727898968,19.18119787717968,58.40283042709122,22.415971695729084,44.171060339777384,39.54305799648506,16.285881663737552,10.390189520624302,12.725225225225225,11.27435324177579,13.047324192835028,6.0,30.103806228373703,79.11360163015794,37.34080489047377,2.8018339276617423,9.11869587366276,45541.0,0.4281,24817.0,65.29850746268657,5.1428571428571415,73.8132911392405,57.74058577405857,15.07120253164557,95.60669456066944,14.51740506329114,0.3138075313807531,9.280500521376434,3.7777777777777777,27.758081334723673,24.42127215849843,33.5140771637122,20.41710114702816,3.3785192909280495,3.877777777777778,5.349341533810754,1.4715637560329755,"Washington County, CO",Colorado
1644,1913,2.502346284073356,2.3691460414676815,train,37059,41447,48.71763939488986,51.28236060511014,87.49246025044032,6.615677853644414,98.29539324630487,71.32376739669868,26.97162584960621,1.7046067536951128,12.070756350130624,85.37345377860312,2.5557898712662492,22.156059310792084,54.160893788874816,23.68304690033311,46.6212748485989,28.96978820953229,24.40893694186882,12.733093824082902,22.547169811320767,12.503977091950365,13.48612904011496,3.0,31.245332337565344,71.91551255296275,37.90552077404667,3.7374312274710686,11.212293682413204,51527.0,0.4703,28141.0,61.28413237699761,7.042759611929573,71.05596664077511,71.0386242664119,13.503127427333306,98.41681452163229,18.37210253055885,0.13648150675583454,6.355104108861919,12.111111111111107,28.64381016720149,21.72895505102903,37.64808068135208,18.244987574492725,5.891861895915265,12.211111111111109,10.688261054097277,-1.522850057013832,"Davie County, NC",North Carolina
1645,1313,2.2082744135228043,1.665622999469066,train,27011,5134,48.617062719127375,51.38293728087261,98.03272302298404,0.19477989871445267,99.72144846796658,76.50882079851439,23.212627669452186,0.2785515320334262,18.011785805790414,81.6551370740456,0.3330771201639764,18.594264221908787,60.81335213916314,20.59238363892807,52.36441357200107,30.243120491584286,17.39246593641464,14.388633179907945,30.722154222766207,13.522103438312627,16.363636363636363,6.0,33.57988165680473,69.23751095530235,39.00087642418932,3.9000876424189306,12.971078001752849,47794.0,0.4434,27426.0,61.88900203665988,3.2496914849856027,79.89031078610603,75.60771165129924,17.001828153564894,97.56915339480301,7.16636197440585,0.7544006705783739,1.11024542267238,9.0,26.158940397351,19.322165952473707,34.12543825477211,25.574600701207643,1.7724970783015193,9.1,5.288967247361857,-3.811032752638143,"Big Stone County, MN",Minnesota
1646,2267,2.6222502112988773,2.449948615008064,train,42059,37938,51.800305762032785,48.199694237967215,92.21624756181141,5.071432336970847,99.04083310496029,64.53822965195944,34.50260345300082,0.9591668950397372,15.063016410920307,80.93896356090319,3.9980200281765215,30.531528143412316,46.06368308888053,23.404788767707164,60.37904790329801,21.940755111177438,17.680196985524553,13.942938999641873,24.530598052851186,14.126667821867962,18.827821856720924,6.0,29.00758368200837,71.01570098652216,37.47394747811588,7.878282617757398,17.18076976517994,46661.0,0.4311,23232.0,56.79720536863394,6.234623850835169,73.49874994103496,74.44963308872582,19.28864569083448,96.56437625083387,11.51469408934384,0.08338892595063375,2.2589488112183043,13.666666666666664,25.763087142179344,27.898149612525703,36.20907796931836,16.548052084980753,2.712320101217776,13.766666666666666,11.587751267419446,-2.17891539924722,"Greene County, PA",Pennsylvania
1647,1698,1.7127964254212538,1.8129468184287678,train,31101,8146,50.0,50.0,96.47679842867664,0.5769702921679352,97.125748502994,60.47904191616767,36.646706586826355,2.8742514970059885,19.129618033813397,79.69630557294927,1.17407639323732,18.9240972733972,58.77671333824613,22.29918938835667,42.536813922356096,36.73025435073628,20.73293172690763,11.60269192422732,23.088569265707804,10.845460845460844,14.262741217219201,6.0,33.95614576899321,74.26376440460947,38.69398207426377,4.148527528809219,8.578745198463508,41781.0,0.43,26422.0,64.62425943249143,2.8950542822677927,71.60710370532777,75.4452239611441,10.72133304099978,98.65083648138157,20.828765621574217,0.053966540744738264,6.309845322857845,5.4444444444444455,25.963663147557078,19.67836975202553,36.54554382519028,23.275227105327765,2.946231279155413,5.544444444444445,6.128480368176469,0.5840359237320234,"Keith County, NE",Nebraska
1648,2355,2.2789752273549118,2.3453182955767966,train,45091,240076,48.265132707975795,51.734867292024184,75.17619420516837,18.92983888435329,99.28248113998323,67.6848281642917,31.597652975691535,0.7175188600167645,12.31937439791466,84.0686802289341,3.611945373151244,28.36012895502326,51.533178615308685,20.10669242966806,39.44995804336991,31.060524804885894,29.4895171517442,13.492342860050972,21.994636963696365,13.60201673322658,11.37381771551417,2.0,27.78382219064325,81.53495272469607,28.341932198135556,3.6037731671132174,12.491973162684618,54117.0,0.456,27868.0,68.49146650870115,8.812826370757179,74.39819374376084,63.824411279183366,11.746695341654439,98.03254388033554,16.955761461620405,0.3301553077519119,4.842216631400056,9.666666666666666,31.919058964661193,27.6599910028491,34.78190239757411,12.624752161815426,5.8939669104783485,9.766666666666666,10.436594120673936,0.6699274540072704,"York County, SC",South Carolina
1649,1994,1.1314021114911006,1.0312202931239807,train,38021,5195,50.24061597690086,49.75938402309914,96.3618864292589,1.482194417709336,99.8289136013687,91.1890504704876,8.639863130881094,0.1710863986313088,16.738312735088662,80.62869425040302,2.6329930145083287,20.71159283694628,59.63713477851083,19.65127238454289,42.133559705715896,31.26768534238823,26.59875495189587,8.181632235631008,9.065420560747665,8.862240421175782,9.704892057833234,6.0,26.621923937360183,78.89305816135084,35.834896810506564,2.204502814258912,5.7223264540337695,53750.0,0.4207,27825.0,70.0025793139025,1.5106853352984526,82.99272601316245,76.66666666666667,6.0962937305161065,97.27272727272728,12.712157949428473,0.5050505050505051,2.9066410009624635,3.0,29.04716073147257,24.273339749759387,31.299326275264683,21.867179980750727,2.1559191530317614,3.1,2.8044860424805753,-0.2955139575194248,"Dickey County, ND",North Dakota
1650,1585,2.6059764591510066,2.283408607584648,train,29219,33043,50.189147474502924,49.810852525497076,94.24386405592712,2.233453378930484,99.7275879148093,71.73105497771174,27.99653293709757,0.27241208519068844,11.014092515128134,85.74097388620396,3.244933598667912,24.010173480621038,54.58376039175492,21.40606612762404,52.48898678414097,31.678414096916303,15.832599118942733,13.7858257119261,26.36942675159236,13.014699169177394,14.57173284649323,2.0,33.42812512516523,74.8221906116643,35.043092628231946,5.371935402895155,17.07806878085516,51133.0,0.4146,24033.0,63.955786840937506,8.489970985240317,73.05033539863793,63.44106463878328,13.85119565773977,98.07984790874524,16.554867120692304,0.0,3.1443876161365494,13.444444444444445,30.53294192415943,25.37602517931181,34.05865084889387,16.12444390642496,3.5226825651423903,13.544444444444446,9.81006213680915,-3.734382307635297,"Warren County, MO",Missouri
1651,282,2.0640458562018624,2.4200462563746905,train,8085,40815,49.05304422393729,50.946955776062715,92.58115888766385,0.6468210216832048,97.79340183883181,71.01135749053542,26.78204434829637,2.2065981611682,14.579095224256516,82.35655009848557,3.064354677257904,20.699401629732087,55.287608623748376,24.012989746519533,44.186369958275385,31.328233657858128,24.485396383866487,19.011614892929085,42.73813266268469,18.796992481203013,16.267042783262813,5.0,33.224414694499075,71.90481870229006,38.75834923664122,4.240219465648855,15.994751908396944,43999.0,0.4206,23144.0,59.39980079041224,10.05030562016552,58.211813868454286,60.44171779141104,20.39350541940539,97.48466257668713,26.535498193531538,0.44171779141104295,20.19600637020703,7.777777777777778,29.165747886806322,22.854342766139897,33.9679039568786,20.41651353668994,6.772020090652946,7.877777777777777,11.246379519595331,3.368601741817554,"Montrose County, CO",Colorado
1652,414,2.1835512754360096,2.155020353791884,train,13069,43003,51.11271306653025,48.88728693346975,66.22561216659302,28.24686649768621,99.72134497492105,55.582389002415006,44.13895597250604,0.27865502507895223,15.353356890459366,81.72438162544171,2.9222614840989403,37.24816446402349,38.287812041116005,24.464023494860506,61.669287882667064,24.67356717018397,13.657144947148971,25.46201756177252,55.2608695652174,27.63104793507017,17.126974099810482,5.0,19.821162444113266,71.39166259339432,33.16109210250681,8.169820543258153,19.96368968647441,33965.0,0.5,17540.0,57.75987778626485,8.12695359461409,51.1693684566025,48.25967931169339,16.41759540695711,98.083691826359,34.46470786896319,0.25420414548298786,10.86435830058368,8.777777777777779,32.33727879450272,31.65128014324582,31.26060972490292,12.0363695556124,5.527521335720763,8.877777777777778,8.628065791037034,-0.2497119867407438,"Coffee County, GA",Georgia
1653,2798,2.9081146522293335,2.4131000425019877,train,49057,238682,50.17051977107616,49.82948022892384,88.21318742091988,1.1148725081908144,99.14347508486472,74.87431427875731,24.269160806107397,0.8565249151352823,10.619388882515953,84.42079079399389,4.9598203234901685,27.410831129054714,52.49115968258389,20.09800918836141,39.54780067947048,37.40257592359058,23.04962339693893,12.975588206559367,20.168651656089715,12.857889343566985,11.177156424225721,3.0,28.272662384011426,81.11359297203539,24.45936334027977,5.072563235459278,12.643348266094314,56581.0,0.4047,23545.0,69.05510956823606,6.145977884254532,74.4586372531578,67.48297177054215,10.773172033446007,96.31875270679949,18.19533890766768,0.8583015079333832,17.47262047410362,18.222222222222214,36.45226703312356,32.44400499409256,27.36695687148591,10.840365004482953,10.6719400708893,18.322222222222216,11.168530453307886,-7.15369176891433,"Weber County, UT",Utah
1654,2638,2.4069451083182885,2.5141030328212093,train,48245,252872,51.129425163719176,48.870574836280795,58.13573665728116,33.61147141636876,98.89230975169001,54.34040559534169,44.55190415634832,1.1076902483100195,16.90964732984766,78.94481271103182,4.145539959120527,33.649073991849946,39.220909925110256,27.130016083039788,50.28895143335513,31.31177349568223,18.39927507096263,19.885739861840662,42.16229231880568,19.962483890339602,13.985030979763794,3.0,25.38667552473685,75.18797796673618,31.46799294079897,5.796031873362214,18.268356596609443,43540.0,0.4909,24154.0,62.4469088534545,8.66938366938367,58.41901047152438,59.48081969261527,13.399609951006045,96.3951018368112,31.143441536820216,1.4057228539297764,18.580151222753013,11.0,30.405501597646236,31.12681514758455,31.961229396690822,13.154481318611786,8.252791926350088,11.1,12.355521310215599,1.2555213102155989,"Jefferson County, TX",Texas
1655,62,2.3014733641413554,2.0523596802471884,train,1125,200458,48.27993893982779,51.72006106017221,66.14851988945314,30.583463867742864,99.60565938530664,60.48946035084365,39.11619903446298,0.3943406146933703,12.800248365042622,78.4907774230777,8.708974211879678,40.71429867921904,40.39544775261524,18.890253568165733,43.506944444444436,28.01752645502645,28.475529100529105,19.091779913472774,34.20788715991071,20.92612345598593,11.734704132497187,4.0,20.18733380914184,76.61439648188869,30.592524013424374,6.201539173706746,12.042876981830807,46565.0,0.4671,23124.0,60.11924478304074,7.505827505827504,75.22403795466526,69.14488139545311,15.159592239785571,97.51132236222591,14.24933364021769,0.2421416079996413,3.21563619311776,9.888888888888893,29.60021550649013,38.79066936714923,28.777100439992413,11.447285715711025,3.2680162428039785,9.98888888888889,7.786252512319384,-2.2026363765695063,"Tuscaloosa County, AL",Alabama
1656,332,1.4891517465595983,1.8832023791434216,train,12039,46424,47.37851111494054,52.62148888505946,40.57384111666379,54.79277959676031,99.5766788531845,37.2715027900712,62.30517606311333,0.4233211468154705,14.978799238001598,82.25281140539545,2.768389356602962,37.35598619591187,36.429519511547646,26.21449429254049,56.52773857684949,26.477874996079912,16.994386427070598,27.09523267721015,76.69520547945207,28.35330941293229,17.278082285246423,3.0,29.22029186935372,66.32280122612592,36.14713510964396,9.38457910870078,26.76255600094317,35567.0,0.4516,17834.0,56.00035743007774,11.047284718897927,56.34926552829765,62.45000740631018,21.165461188576547,96.72641090208856,26.12780553277161,0.9924455636202044,10.04437359986214,4.333333333333333,27.933827330691013,27.367310012062728,35.50103394795796,14.73806651731863,4.633379286575909,4.433333333333333,6.5745253092346125,2.14119197590128,"Gadsden County, FL",Florida
1657,2818,1.410986973710262,1.9543256661769692,train,51011,15208,48.50736454497633,51.49263545502368,77.5052603892688,20.28537611783272,99.90972013241048,62.02226903400543,37.88745109840506,0.09027986758952752,10.556638142845037,86.1306447513344,3.3127171058205542,24.79795150836201,52.428582859886376,22.773465631751623,52.136355192271964,30.1597622143786,17.703882593349434,17.65017200317544,36.23248145094807,17.850728397525447,16.965052520314458,3.0,35.628792987188135,71.94402293036588,37.93626707132019,5.429101331984488,16.759399763952114,48823.0,0.4256,23941.0,58.85443145229622,6.334581053843937,71.19769758689397,65.7514450867052,15.862297985388533,97.07369942196532,16.393624086783262,0.0,1.2164650184113623,4.0,27.91294055760126,24.756706996317728,34.705418200946866,18.60862703840084,2.2093634928984747,4.1,7.059157189893621,2.959157189893621,"Appomattox County, VA",Virginia
1658,1002,2.5726122302071057,2.4603277095168776,train,21031,12835,50.25321386832879,49.74678613167122,98.13790416828985,1.184261784183872,99.07849829351535,69.38566552901024,29.69283276450512,0.9215017064846416,15.036119711042314,82.76573787409701,2.198142414860681,22.980648888033123,52.536824877250396,24.48252623471648,68.20822162645219,23.07864164432529,8.713136729222521,29.261091605489952,85.02604166666666,32.214490380679486,21.2202852614897,4.0,22.483289447032607,67.25270479134467,38.65919629057186,8.404173106646057,19.7063369397218,33536.0,0.4413,18502.0,54.6955624355005,5.943396226415095,61.91226687680589,52.84200385356455,21.31599684791174,99.66281310211944,18.886262148673488,0.0,3.4826645890144134,13.0,28.656018698870284,25.757693805999217,34.18776782236073,16.984807167900268,0.6778340475262954,13.099999999999998,11.708647946694928,-1.39135205330507,"Butler County, KY",Kentucky
1659,2394,0.5041366356151942,1.5642462333837843,train,46079,12086,50.87704782392851,49.12295217607149,95.87953003475094,0.6205527056097965,99.00079936051159,62.23021582733814,36.77058353317347,0.9992006394884092,16.425503052226993,78.57788831110106,4.996608636671941,27.99078986885575,53.80919010912004,18.200020022024226,38.89987639060568,28.739184177997533,32.36093943139679,15.241112284406901,34.75336322869956,14.169215086646275,11.15113941018767,6.0,27.326794657762946,79.78589420654913,35.60033585222502,2.5818639798488663,8.879093198992443,54535.0,0.4688,29610.0,69.44032223871105,4.182567546939398,85.81043956043956,66.20241411327761,5.178571428571429,97.12163416898792,11.593406593406591,0.0,2.1760714876716865,1.5555555555555556,28.48750620552705,27.1471123614099,33.468475922555015,18.682773456892267,3.4999172596392523,1.6555555555555557,4.779071273523198,3.123515717967642,"Lake County, SD",South Dakota
1660,483,1.9756230463738251,1.875284307462976,train,13209,8968,50.76940231935772,49.23059768064228,70.88537020517394,26.416146297948266,97.68637532133677,64.2159383033419,33.47043701799486,2.3136246786632397,14.815404201145768,81.66772756206238,3.516868236791852,32.23961878829135,41.470388019060586,26.28999319264806,61.78204480377296,23.648307225871648,14.569647970355401,25.344890733732147,56.1216105176664,28.44017966516945,17.646374112443254,5.0,15.79623287671233,71.17834394904459,34.840764331210195,8.789808917197451,21.43312101910828,34672.0,0.4682,17402.0,54.199969838636704,6.705620478575404,59.77664205943592,53.85756676557863,17.508991103539657,93.76854599406528,26.670452394472843,1.8545994065281897,5.9991079393398765,7.1111111111111125,29.672167707404103,30.31891168599465,32.79438001784121,15.031222123104373,2.6984834968777878,7.211111111111112,6.522673301437012,-0.6884378096740997,"Montgomery County, GA",Georgia
1661,1463,2.3014733641413554,2.085790710786095,train,28137,28415,48.689072672884045,51.31092732711596,67.0737286644378,30.78303712827732,97.98766157461807,50.47003525264396,47.51762632197414,2.012338425381904,12.032300130404256,85.62042331226803,2.347276557327716,34.796999117387465,42.24183583406885,22.96116504854369,49.714348494836294,33.54207866402989,16.743572841133815,17.532760957975594,29.81732469063052,18.66857040870962,16.289641348700695,2.0,19.26682524136001,73.07077169132347,33.41663334666133,6.497401039584166,16.943222710915634,42880.0,0.4634,21547.0,59.60864209229603,9.585883475081472,63.39914963014736,59.41071882143765,17.14135942687402,96.44399288798576,22.40083872095055,0.0,2.467006862572585,9.888888888888893,34.15449586486011,28.963575576280128,32.289283828963576,14.203765616751713,2.1432342072848845,9.98888888888889,8.050954942448975,-1.937933946439916,"Tate County, MS",Mississippi
1662,1508,1.410986973710262,1.7625128789117415,train,29063,12782,63.21389453919575,36.78610546080426,85.50305116570178,9.72461273666093,98.75346260387812,77.93167128347184,20.82179132040628,1.2465373961218835,16.047486033519554,81.60614525139664,2.346368715083799,32.55179934569248,38.276990185387135,29.171210468920393,63.412581527456354,25.09993688196928,11.487481590574374,14.99730458221024,36.09660574412533,13.192695214105791,17.302962250026734,4.0,36.44939156683332,73.24281150159743,39.11075612353568,4.925452609158679,9.664536741214057,41406.0,0.4299,17125.0,62.632311977715894,6.0484767622859685,73.30168005843682,69.19014084507043,15.97881665449233,99.4131455399061,15.777940102264425,0.0,3.849162885307464,4.0,21.874511031137533,32.803943044906894,34.908465028946964,15.302769519636989,4.772336097637303,4.1,5.8270617126317275,1.7270617126317278,"DeKalb County, MO",Missouri
1663,22,2.1054882506179364,2.216153922224975,train,1045,49866,49.54879075923476,50.451209240765245,74.66409978743032,19.648658404524127,99.66403494036621,65.00083991264908,34.66319502771712,0.3359650596337981,14.9172171927249,80.61876410298234,4.464018704292744,26.18659579269363,47.10026828473285,26.71313592257353,46.81004662355242,36.835614378101965,16.354338998345614,19.138696939782818,35.48350137488543,20.297482837528605,20.050879796480814,5.0,55.0063051702396,72.97297297297297,32.91092649069303,6.49910611000105,16.878746450730887,45028.0,0.4426,22566.0,58.847549909255896,10.712220508866618,66.52040525114155,72.20685840707966,18.55379566210045,98.45132743362831,21.47902397260274,0.04148230088495576,5.9760157221353225,8.11111111111111,30.439578069225522,29.91216460113103,31.2898568162676,14.897926442866886,5.687241808045562,8.211111111111109,9.17198676691684,0.9608756558057312,"Dale County, AL",Alabama
1664,1914,1.7127964254212538,2.210061402293806,train,37061,59453,49.24898659445275,50.75101340554725,61.86231140564816,24.95248347434108,98.3500814774579,58.00516023900054,40.34492123845736,1.6499185225420967,13.311231209410055,81.87474453880739,4.814024251782551,31.011154939135604,45.457437332994026,23.531407727870373,58.04410014936331,31.26503126503126,10.690868585605429,26.651410615479197,63.604320636725404,29.31342409603279,17.16277093072673,6.0,25.983246729976702,72.83787478355964,37.21862754032625,7.9331085391415295,21.580242413196025,35035.0,0.4427,17593.0,62.00195024604849,10.972532094656376,52.22859414035885,58.44697396596418,19.03247785600727,98.41090950073256,33.28696343402226,0.0,21.23862546885775,5.4444444444444455,30.91013069147057,26.72363043076043,33.162329907658155,15.329756278068393,13.185205120010764,5.544444444444445,9.116276136121101,3.571831691676656,"Duplin County, NC",North Carolina
1665,2152,2.7649205075996024,2.3549251117843752,train,40055,6117,58.361942128494356,41.638057871505644,79.09105770802681,7.2094163805787135,100.0,71.89374464438731,28.106255355612678,0.0,19.849507005708357,75.37623248572909,4.7742605085625325,29.36477007014809,41.328916601714724,29.30631332813718,52.65496556320818,34.2368362586092,13.108198178182626,14.580440388811743,20.18537590113285,16.16191904047976,19.896845863915885,6.0,32.18181818181819,73.6505032021958,38.15187557182068,7.593778591033852,20.08234217749313,40125.0,0.4398,19552.0,62.416107382550344,4.094292803970223,60.997171145685996,64.81835564053536,13.649222065063649,97.03632887189293,28.81895332390382,2.0076481835564053,10.658819682851073,15.777777777777779,24.5708680725846,29.197318947196337,33.2679418015367,18.456759849599475,13.699525911394474,15.877777777777778,10.537339709578465,-5.3404380681993135,"Greer County, OK",Oklahoma
1666,2369,1.3552622518721622,1.515160451751312,train,46029,27750,50.33873873873875,49.66126126126128,94.5837837837838,0.4396396396396396,99.15655519384431,66.7061260728026,32.45042912104173,0.8434448061556674,17.648207832796174,75.71051860533255,6.6412735618712775,28.13844968966611,50.790558601005756,21.070991709328137,48.5131920415225,31.201340830449823,20.285467128027683,10.27537717884869,9.971746717633373,11.934000540979175,13.429029437481784,5.0,31.867136866183767,82.3194234958941,29.185520361990953,4.826546003016592,12.786995139936314,48912.0,0.431,26767.0,75.7395591647332,2.8591486374369772,81.82635268739887,60.96524131032758,10.300197735035054,99.1747936984246,12.391395529989815,0.25006251562890724,1.8630630630630636,3.7777777777777777,30.363963963963965,28.749549549549556,31.65045045045045,15.228828828828828,4.976576576576576,3.877777777777778,4.550151147997924,0.6723733702201455,"Codington County, SD",South Dakota
1667,2590,1.9120085973796321,1.5575356646542622,train,48149,24849,49.366171676928644,50.633828323071356,90.03581633063706,7.231679343233129,99.6008363429006,76.14521954001141,23.455616802889185,0.3991636570994108,14.148869346733667,82.73136515912898,3.1197654941373534,23.880087740677556,53.54618571776749,22.57372654155496,57.22125777006216,26.757014056112453,16.02172817382539,12.38368518138963,23.27281301579816,11.87182630012257,13.259374488292124,6.0,31.492644053943604,70.37037037037038,38.480853735091024,4.310525214480017,7.386482527725465,47808.0,0.5003,28458.0,60.95893984452445,1.7630948305374872,72.27945443993036,61.82426156418354,10.38160185722577,95.11424856028236,21.198491004062678,0.501579045142114,19.626544327739552,6.666666666666668,27.063463318443407,20.793593303553468,34.86659422914403,23.11964264155499,2.732504326129824,6.7666666666666675,4.747108351915447,-2.0195583147512206,"Fayette County, TX",Texas
1668,2670,1.86149280724273,2.189220882390881,train,48309,241505,48.73936357425312,51.26063642574688,77.54663464524543,14.39970186952651,99.28014196270132,63.10811263267151,36.1720293300298,0.7198580372986908,13.343607153823426,78.60167895855902,8.054713887617536,33.89916458422643,43.94297424744619,22.157861168327393,44.536709976382774,33.21559149780009,22.24769852581713,21.465087657391702,42.376498800959226,22.87625798112229,12.514229338999774,3.0,28.056303522556725,78.22378960227732,29.244315366086965,5.705954891724002,14.260853530638823,42687.0,0.4774,22221.0,64.15750606009358,6.064546740591693,66.68906718798789,68.26283586060123,12.883693778085506,97.20670391061451,23.72826131226327,0.3358606012237297,24.821846338585118,6.333333333333332,33.467630069770806,33.60510134365748,28.372911533922696,13.085029295459723,8.05366348522805,6.433333333333332,8.928254244061199,2.494920910727867,"McLennan County, TX",Texas
1669,2039,1.8786165133213217,2.055884949387285,train,39005,53189,48.919889450826304,51.080110549173696,96.93733666735605,0.8366391547124405,98.34474885844747,74.64122635355513,23.703522504892373,1.6552511415525113,13.749645627690008,82.7994123862787,3.4509419860312875,27.93316803003268,52.42740945009617,19.63942251987116,54.997297220404555,24.606674443085154,20.396028336510287,14.858657243816252,33.355592654424036,13.296108881521548,13.838472053462947,5.0,28.15460308912441,75.48342879522201,34.332011553336265,3.842952954423068,12.723356342096245,48003.0,0.4123,22928.0,64.06041099282001,7.28530571229806,73.77600402237445,74.47478991596638,14.024888441958394,96.32352941176471,15.102759097479732,0.676937441643324,1.1412134087875312,6.4444444444444455,30.880445204835592,26.994303333396005,32.98238357555133,16.88131004531012,2.226024177931527,6.544444444444445,7.813749586835478,1.2693051423910324,"Ashland County, OH",Ohio
1670,914,1.86149280724273,1.5602130487885757,train,20065,2593,48.51523332047821,51.48476667952179,91.90127265715387,3.0852294639413804,99.23809523809523,78.28571428571428,20.952380952380953,0.7619047619047619,20.266930301532376,79.13989125061791,0.5931784478497282,16.85133887349954,58.58725761772853,24.561403508771928,39.384454877412615,34.11580594679186,26.49973917579551,11.241676459067765,20.99056603773585,10.749185667752442,17.816764132553605,6.0,29.593810444874286,71.27393838467944,41.715237302248134,3.5803497085761866,5.0791007493755185,43826.0,0.4563,28233.0,62.15686274509804,2.4447949526813884,76.53352353780312,84.32601880877742,13.980028530670474,98.43260188087774,12.268188302425106,0.0,2.930967990744312,6.333333333333332,26.263015811801,19.01272657153876,35.133050520632466,25.60740455071346,5.013497878904745,6.433333333333332,4.759835214247789,-1.6734981190855427,"Graham County, KS",Kansas
1671,2621,1.9120085973796321,1.4857454006254736,train,48211,4115,49.113001215066824,50.886998784933176,87.02308626974484,1.0449574726609965,100.0,70.35905271199388,29.640947288006114,0.0,10.402319681043855,89.09025009061254,0.5074302283436027,19.845792826014076,64.26416359369762,15.890043580288301,43.42363564978406,32.194738908519824,24.38162544169612,12.340216322517207,28.45927379784102,8.323517864153906,9.549593896135859,6.0,24.634059264548373,83.35607094133697,29.74079126875853,2.796725784447476,8.185538881309688,62813.0,0.4484,30082.0,65.79520697167756,2.428256070640177,67.45240253853127,75.0,5.349048050770626,100.0,29.05711695376247,0.0,33.00121506682868,6.666666666666668,37.91008505467801,25.078979343863917,28.869987849331714,14.240583232077766,11.931956257594168,6.7666666666666675,4.418257557589675,-2.348409109076992,"Hemphill County, TX",Texas
1672,2707,2.436533065503785,1.4432133201567503,train,48383,3598,51.50083379655364,48.49916620344636,58.754863813229576,1.8065591995553083,100.0,69.67213114754098,30.327868852459016,0.0,11.003861003861003,86.44787644787645,2.5482625482625485,22.898860398860396,60.327635327635356,16.773504273504273,68.34319526627219,21.17497886728656,10.48182586644125,15.479528883903534,28.25229960578187,14.957833999112296,10.880538418395961,6.0,11.098398169336383,82.41577649958916,23.58258011503698,5.916187345932621,3.8619556285949055,52181.0,0.4097,25238.0,69.22779922779921,1.505856107083101,55.936073059360744,57.99999999999999,4.6575342465753415,98.25,39.95433789954338,0.0,67.0094496942746,11.333333333333336,34.9638688160089,28.98832684824903,31.878821567537518,12.006670372429127,39.438576987215136,11.433333333333337,4.234280077541326,-7.199053255792011,"Reagan County, TX",Texas
1673,2231,1.928295602354331,2.241287947010269,train,41059,76738,52.13062628684615,47.86937371315385,84.93705856290235,0.6997836795329563,99.25962981490746,58.81940970485242,40.44022011005502,0.7403701850925463,13.454065126251507,81.29678197446255,5.249152899285948,30.296511240077386,44.74351277433127,24.95997598559136,45.718617343844755,37.96038002829997,16.321002627855265,17.58774534856417,36.318647329713386,16.511138202371722,14.504416364663573,5.0,32.097132578563105,77.95401955661715,31.757109800701645,4.57191908636262,24.09867880868851,48101.0,0.4216,21214.0,66.83592932808429,8.465412742224625,62.9998827254603,63.50291574502312,20.659082913099567,97.02392921777599,20.961651225518946,0.4826060727930826,25.250853553650078,6.777777777777778,32.81946362949256,28.405744220594748,31.926815919101358,13.5838828220699,14.363157757564704,6.877777777777777,9.40543719460093,2.5276594168231528,"Umatilla County, OR",Oregon
1674,1633,2.1835512754360096,1.8743179264026397,train,30083,11132,51.19475386273805,48.80524613726193,94.6101329500539,0.36830758174631695,99.70588235294115,77.20588235294117,22.5,0.29411764705882354,16.022496111044635,81.39284432212517,2.5846595668302017,26.00113442994895,54.373227453204755,19.62563811684628,46.10319806503628,37.422735823703306,16.474066111260413,11.36281912980942,24.953959484346232,9.391259105098856,11.956521739130435,6.0,27.00356718192628,83.51051798235694,26.53245871974667,3.890522506220312,3.822664555530424,65084.0,0.4603,32900.0,70.59453032104638,2.2570321711302004,75.82719260222511,61.652115513767605,6.400809131628377,98.65681665547346,19.982661465106197,0.33579583613163194,4.419690980955803,8.777777777777779,30.964786201940356,27.991376212720084,34.180740208408196,13.375853395616245,5.0215594681997855,8.877777777777778,6.5163729582522265,-2.3614048195255517,"Richland County, MT",Montana
1675,2160,2.366081404553173,2.503941047195182,train,40071,45587,49.47901814113672,50.52098185886328,79.23311470375326,1.8821155153881592,99.72500665306484,61.598509713474684,38.126496939590176,0.2749933469351548,17.153569286142773,78.42231553689261,4.424115176964607,24.46540008320621,46.97822770766885,28.55637220912495,47.55724174653887,34.012247071352505,18.430511182108624,18.265690940109547,34.893617021276604,18.68658199105939,17.37272099908729,5.0,32.12465584910081,72.58625448523323,38.50952249516976,4.664642561413193,17.1018492961634,42134.0,0.444,23044.0,62.09929923960041,7.481392557022809,62.23309263141549,65.38510993956538,16.259026321919407,97.5826154043976,25.49110955819551,0.6043461489006043,7.197227279706935,10.555555555555557,32.06835281988286,25.976703884879466,31.120714238708402,17.796740298769386,18.884769780858573,10.655555555555555,12.23060047711816,1.5750449215626041,"Kay County, OK",Oklahoma
1676,191,2.6059764591510066,2.7933325729856326,train,6015,27788,55.4843817475169,44.515618252483094,76.46466100475025,2.8861379012523387,98.59996585282568,51.852484206931884,46.74748164589379,1.4000341471743214,16.99216594946486,78.83702968112104,4.1708043694141015,34.83592249956363,35.695583871530815,29.46849362890557,49.17739628040057,35.72961373390558,15.092989985693848,21.790257783729487,40.79368991865911,24.27556041552761,22.480329711502428,5.0,31.617210004115037,63.13163481953291,38.81104033970277,15.403397027600848,16.878980891719745,40847.0,0.4749,19560.0,53.18762387139396,11.385984887692786,51.808081522892934,57.25266550954624,36.05548085768878,97.52045623605257,18.13742834901989,0.9670220679394992,19.072981142939398,13.444444444444445,26.936087519792718,29.99856052972506,33.953505110119465,14.826543831869873,20.64920109399741,13.544444444444446,16.33536799792411,2.7909235534796633,"Del Norte County, CA",California
1677,1305,2.1054882506179364,2.0053280148286836,train,26161,354092,49.38123425550422,50.61876574449579,74.06323780260497,12.073133535917218,99.45344273992151,72.29539778808419,27.15804495183732,0.5465572600784874,15.919873484449127,71.07124030423978,13.008886211311092,41.866152344343746,42.48327157637315,15.650576079283102,21.266471782822894,26.09257893251009,52.64094928466702,15.4494047972981,17.388879499746494,18.504491144253866,8.712646504619237,3.0,16.025233921842588,81.58430327304859,24.43958368038706,3.5193058442640166,11.151107795490594,61003.0,0.4767,34738.0,67.3262966437282,7.042081248238416,83.86604893658797,80.94772960653192,11.119141416462313,96.25566659152956,8.32013903104386,0.3631627720590077,4.3700507212814745,8.11111111111111,28.689436643584155,38.10111496447251,30.474565932017665,11.514239237260373,13.863628661477811,8.211111111111109,7.428530165219406,-0.782580945891703,"Washtenaw County, MI",Michigan
1678,1175,2.4069451083182885,2.4974598055491457,train,23009,54658,48.841889567858324,51.158110432141676,96.65739690438728,0.4811738446339054,98.99958315964984,70.24802000833681,28.751563151313054,1.0004168403501459,17.75122041079488,78.20530533296491,4.043474256240214,24.83640562850177,52.33736794833411,22.826226423164112,39.366393884451405,27.88993972656441,32.74366638898417,13.529876283232431,22.107704199948465,14.335042377315052,15.671559227024634,6.0,35.002002402883456,75.01128390299947,36.67063312953921,4.406877025973492,15.276353042550573,47030.0,0.4605,28432.0,63.92134000044847,7.4192303644718836,65.35397967068893,67.25413204273582,18.332045414016527,97.7992877362798,19.69922130416691,0.09131586156515388,1.308134216400161,11.0,23.143913059387465,23.43664239452596,38.420725236927815,20.498371693073288,2.861429250978814,11.1,12.151587328194104,1.0515873281941044,"Hancock County, ME",Maine
1679,1638,2.677209095579635,2.4508720093757024,train,30093,34549,50.7655793221222,49.2344206778778,94.6510752843787,0.4717936843323975,99.36908517350159,62.2454832234012,37.12360195010037,0.6309148264984227,20.856680831860405,73.81444849761198,5.328870670527622,31.372412351014148,42.20394507562556,26.42364257336029,43.96640383956119,31.397840246828927,24.635755913609877,20.13141463994767,35.503540519276164,22.801781532669093,16.519921081303927,5.0,31.735176427791924,72.45113576333861,34.270998415213946,7.190966719492867,17.74960380348653,37749.0,0.4765,24383.0,64.98425050954233,7.008439781021898,64.63880096816236,70.44173786584254,16.109663005027002,97.67315033630251,23.00781977285422,0.3817487729503727,4.0145879764971495,14.444444444444445,27.05432863469276,28.95597557092825,33.94888419346436,16.706706416972995,4.877131031288895,14.544444444444444,11.598456273383839,-2.9459881710606055,"Silver Bow County, MT",Montana
1680,1757,2.6222502112988773,2.7964969578094205,train,32510,54482,51.31786645130503,48.68213354869497,82.83653316691752,0.9654564810396096,99.17706397663923,61.614016458720464,37.563047517918775,0.8229360233607645,17.080217539089055,75.78906477614841,7.130717684762553,27.673248675841588,41.87443210779425,30.45231921636416,41.815966190463854,37.46791464647775,20.71611916305841,16.764604876559694,34.27468018344195,16.827480829631305,21.439303170346697,4.0,37.222878587810136,70.45475595072705,35.023617671575444,4.218764471612485,15.152357136241548,47668.0,0.4487,26127.0,63.749788017540034,11.244964657596716,63.96268633197819,61.10412738319714,16.233336484825564,96.54305468258957,22.681289590621162,1.6027655562539285,22.653353401123308,13.666666666666664,26.344480745934433,26.06916045666459,34.794978157923715,18.38772438603576,16.19801035204288,13.766666666666666,16.38714126056913,2.6204745939024647,"Carson City, NV",Nevada
1681,260,2.158201375540483,2.0271254150663127,train,8039,23855,50.17396772165165,49.82603227834835,95.2756235590023,0.5281911548941521,99.3990165725733,85.5946093607722,13.804407211801125,0.6009834274266983,8.549534756431308,87.03886152162016,4.4116037219485476,23.294177732379985,60.301327885597544,16.40449438202247,31.089454370450586,38.30235216266619,30.60819346688324,6.957512341251423,12.583056478405313,6.051288001856578,10.037456336012793,2.0,38.966137739244225,86.85992633955091,26.292028038493534,1.9365569680408696,5.2512771771415006,84963.0,0.4095,38021.0,71.81031650421642,5.955467439377763,81.18734027914293,66.7444185271576,9.730686062512287,93.9020326557814,12.948037481161125,1.6327890703098966,6.1538461538461515,8.555555555555555,30.88660658142947,20.21798365122616,44.04946552085517,12.680779710752466,4.196185286103542,8.655555555555555,7.592230449233426,-1.0633251063221287,"Elbert County, CO",Colorado
1682,920,2.6059764591510066,1.6304000774356286,train,20077,5861,50.400955468350105,49.599044531649895,96.2122504692032,0.15355741341068074,100.0,71.66427546628408,28.33572453371593,0.0,18.333720120677647,78.64933859364122,3.0169412856811326,21.15836717247275,54.32784783073307,24.513784996794186,48.0058722779545,32.2485931000734,19.74553462197211,16.371293209334972,26.593806921675768,17.47546346782988,14.062773978607753,6.0,24.848891873740765,75.01027538018907,37.81339909576654,3.4936292642827786,7.809288943690916,43973.0,0.4529,24640.0,65.0963100487352,3.7433155080213902,75.34246575342465,72.90598290598291,8.21917808219178,99.40170940170941,18.9232239566741,0.0,6.432349428425184,13.444444444444445,28.902917590854805,23.084797816072346,31.820508445657733,21.31035659443781,3.634192117386112,13.544444444444446,5.105917072168448,-8.438527372275999,"Harper County, KS",Kansas
1683,1767,2.366081404553173,2.511330180924576,train,33019,43135,49.10629419265098,50.89370580734902,96.4043120435841,0.5192998724933349,98.77848249941273,62.06248531829928,36.715997181113465,1.221517500587268,14.206973796681108,81.42187638164295,4.371149821675951,25.100384924261302,48.727534546260145,26.17208052947856,47.5201478036505,25.989870353263463,26.48998184308603,9.670417816783447,14.575898984353554,9.796142184375203,15.731547396028477,5.0,35.53788560318059,77.47416762342135,35.694603903559134,4.988518943742824,10.086107921928818,56032.0,0.4124,29004.0,66.1930483795209,5.384069540535745,71.95223025919229,68.08510638297872,14.492917420132608,96.74202127659576,16.58378541289934,0.10638297872340426,1.3909818013214326,10.555555555555557,25.860669989567644,23.424133534252924,38.430508867508976,18.052625478149995,3.076388083922569,10.655555555555555,12.32130873464008,1.6657531790845255,"Sullivan County, NH",New Hampshire
1684,1615,2.806050362353744,2.6886536475623553,train,30047,29157,49.188874026820315,50.811125973179685,68.57701409610041,0.2469389854923346,99.0506770906045,61.34301270417422,37.707664386430274,0.9493229093955048,16.425030399401365,81.03077354784398,2.5441960527546534,24.99568593615185,52.15271786022434,22.85159620362381,40.59993909247793,34.99137143437214,24.40868947314993,22.61247177349314,48.81053525913339,23.96971766848816,14.099910301524876,6.0,37.04057931411396,71.18049757889466,37.24327934546668,7.213224244448153,17.231591250626153,38732.0,0.4722,22278.0,59.32040170587426,9.5856524427953,51.245029060874884,64.66495789088246,16.861425512389108,98.09593555474186,35.15448149281126,0.4577077993409008,4.04362588743698,16.444444444444443,30.915389100387554,23.983948965942997,32.386733888946054,18.94913742840484,31.17604691840724,16.544444444444444,14.711855238462261,-1.832589205982183,"Lake County, MT",Montana
1685,2960,2.145281299175379,2.316020114736915,train,53029,79329,49.84305865446432,50.15694134553568,85.04708240366071,2.9459592330673523,98.86659718603435,74.38118811881188,24.48540906722251,1.1334028139656072,14.441144185445859,81.60876864466972,3.950087169884419,22.121845265831922,56.883671291355384,20.99448344281269,28.76620513272775,39.53082282388217,31.70297204339007,9.636710289101305,16.084883899738582,9.420277066972556,14.73965897477274,5.0,63.72593603152949,70.7954716981132,39.139622641509426,3.4143396226415086,10.876981132075471,58815.0,0.4234,31836.0,58.1793837497034,8.689952515512571,77.66850620253761,73.01807228915663,16.30347625112023,97.69879518072287,13.067779821706527,0.536144578313253,6.6495228730981095,8.444444444444445,24.78160571795938,26.352279746372698,33.0774370028615,21.20535995663629,12.006958363271945,8.544444444444444,10.135256771784587,1.5908123273401422,"Island County, WA",Washington
1686,2337,2.0208114572284313,2.2642503133207814,train,45055,62722,48.47581390899525,51.52418609100475,70.94958706673894,24.87484455215076,99.35060587802107,59.88484970208208,39.465756175938935,0.6493941219789784,13.1355127366355,84.04913154506892,2.815355718295592,27.339930845355912,47.86177019991257,24.798298954731532,49.645522824586436,30.06621586841059,20.288261307002973,16.795301744195378,30.715609282625962,17.240443226968733,14.799504592173195,3.0,36.40344413801815,73.96048607092669,35.04587914358932,4.74497809374225,14.62346036207324,43622.0,0.4351,22434.0,61.52136173095651,10.02443305000172,66.76979702877871,64.50056462375527,15.624249859973865,98.1008110050303,21.945429813565198,0.25664716148239397,4.052804438633972,7.444444444444445,30.164854437039644,24.447562258856543,35.81996747552693,15.900322056056886,4.175568381110296,7.544444444444446,9.623906981105767,2.079462536661321,"Kershaw County, SC",South Carolina
1687,2397,1.2653814324545796,1.565687986298536,train,46085,3837,52.827729997393796,47.17227000260621,57.72739119103466,0.0,100.0,59.81818181818181,40.18181818181818,0.0,13.848987108655615,82.46777163904234,3.683241252302026,33.80088949709203,44.61170030790285,21.58741019500513,48.0380008261049,32.79636513837257,19.165634035522512,20.3732912723449,44.81382978723404,19.235836627140976,10.563564875491481,6.0,30.80014614541469,80.55954088952653,33.28550932568149,6.599713055954089,18.00573888091822,43030.0,0.4114,20912.0,66.62983425414365,7.4626865671641776,59.21421889616464,58.578856152513005,13.283442469597757,98.78682842287695,29.88774555659495,0.5199306759098787,0.3388063591347407,3.4444444444444446,35.96559812353401,25.85353140474329,30.440448266875162,15.037789940057335,42.272608808965344,3.5444444444444447,4.785966482861292,1.2415220384168468,"Lyman County, SD",South Dakota
1688,2908,1.9120085973796321,2.01177593276426,train,51510,149315,48.25837993503666,51.74162006496334,64.09469912600876,21.374945584837423,99.36426246878077,66.16968137440399,33.19458109437675,0.6357375312192538,23.05198545263054,66.29420573666629,10.653808810703175,39.638223196277416,39.36665237346546,20.99512443025712,20.615730652983764,18.018556266254304,61.36571308076193,8.342220722240972,14.702792611398056,7.968480233742088,6.226577673222637,1.0,24.88804856204597,89.57520297851343,14.104576922501831,1.750923309260007,4.868493847096996,89134.0,0.4378,54861.0,80.69018481726965,4.470215803521549,79.2046294016252,73.59234234234235,5.012028109787282,89.7804054054054,17.78266058000114,3.3150337837837838,16.5609617252118,6.666666666666668,20.836486622241566,39.64035763319158,32.886849948096305,9.752536583732377,14.5303552891538,6.7666666666666675,7.476583473513741,0.7099168068470734,"Alexandria city, VA",Virginia
1689,1014,2.806050362353744,2.264041878712529,train,21055,9222,50.151810887009326,49.848189112990674,97.40837128605507,1.2253307308609849,99.28639391056136,76.83158896289248,22.454804947668887,0.7136060894386299,16.170950043315045,80.7536817788045,3.0753681778804505,18.940609951845907,56.11289459604066,24.946495452113428,57.95243977764052,30.651636812847446,11.395923409512045,21.93333333333333,42.73916035788025,24.27776780907949,18.642002658396105,6.0,33.412921348314605,68.76165113182425,40.47936085219707,6.684420772303596,11.025299600532623,35316.0,0.4682,21248.0,55.616517470401384,6.412253374870198,65.52253116011505,65.98480420806546,19.309683604985626,98.12974868497955,19.8849472674976,1.870251315020456,0.6939926263283452,16.444444444444443,28.5946649316851,24.96204727824767,33.14899154196487,19.09564085881588,1.3662979830839297,16.544444444444444,9.621901234865032,-6.922543209579413,"Crittenden County, KY",Kentucky
1690,611,2.049841071903545,2.1889590836464583,train,17045,17992,48.86060471320586,51.13939528679413,98.1769675411294,0.5502445531347265,99.12506433350487,64.77097272259392,34.354091610910956,0.8749356664951106,14.750290360046456,83.38414634146342,1.8655632984901283,21.139531736364862,55.13601299228584,23.724455271349306,51.77859432413416,30.12274255335783,18.09866312250801,16.974190627122482,31.33971291866029,17.729711317380566,14.665387653763686,6.0,30.11706278822277,73.09486780715395,37.104717470191815,4.989631933644375,19.116122343182994,45691.0,0.4551,25389.0,61.9746835443038,9.337068160597573,70.98594243090754,66.89429928741093,19.90054508941379,99.2874109263658,12.250167352013008,0.08907363420427554,1.1116051578479325,7.666666666666668,27.67341040462428,24.899955535793687,33.69275233437083,19.74766562916852,1.2727879057358829,7.766666666666667,8.925917144248464,1.1592504775817973,"Edgar County, IL",Illinois
1691,1177,2.638263363714082,2.404956116836707,train,23013,39723,49.54812073609747,50.45187926390252,96.69964504191526,0.6797069707726002,98.82559395248379,63.849892008639316,34.9757019438445,1.1744060475161986,17.47685185185185,78.91268004115227,3.6104681069958846,24.380189798339266,49.78054567022538,25.83926453143535,41.79490625629997,26.99079362946039,31.214300114239634,11.170226570813112,17.250240925152585,11.535302310631769,15.603900975243812,6.0,35.85075367533032,75.49855873874934,39.367021589505256,4.059062297782223,13.730219424672036,50693.0,0.42100000000000004,28144.0,64.18077649393464,5.455814881308596,64.55369259729457,69.97619047619048,19.11745392461586,97.66666666666669,19.432648951538766,0.2142857142857143,1.1630541499886715,13.888888888888893,23.996173501497875,22.624172393827248,37.26556403091408,21.446013644488076,2.6206479873121364,13.98888888888889,11.077944136288208,-2.910944752600683,"Knox County, ME",Maine
1692,1183,2.267533454935127,2.5120239139160434,train,23025,51577,49.24481842681816,50.75518157318184,96.96182406886793,0.3257265835546852,98.26561901111536,58.374856266768894,39.89076274434649,1.73438098888463,15.249085697341108,81.31363052288228,3.4372837797766134,24.567377858086036,49.77413301827786,25.65848912363611,53.45007073645998,31.174759095641036,15.375170167898991,17.570819853231278,32.71052631578947,18.783091999414946,19.44188779007148,6.0,37.253133076510466,69.6697247706422,41.02293577981651,7.623853211009173,24.48623853211009,40066.0,0.4221,21729.0,59.61382163879516,9.320388349514564,58.50996117369996,57.11796100642631,29.122907517026285,98.19191809171114,17.38590796257399,0.0,0.9810574480873256,9.555555555555557,26.378036721794597,22.750450782325448,38.72850301490974,18.203850553541308,2.712449347577408,9.655555555555557,12.329859398603276,2.674303843047719,"Somerset County, ME",Maine
1693,1576,2.4169053500233435,2.3537440713131597,train,29201,39061,48.800593942807396,51.19940605719261,85.95274058523847,11.279793144056733,98.30472331805096,60.870028787717246,37.43469453033372,1.6952766819490352,13.408723747980616,81.68287904306878,4.908397208950607,24.754439289713645,49.65605503119501,25.589505679091342,60.44713906782872,26.324365289882532,13.228495642288744,19.56391173782478,38.10465470033465,20.58277271038838,18.80975205326839,5.0,29.14025623735671,72.1322227323408,39.5094116875451,8.670558142585428,23.093067488686295,39162.0,0.43799999999999994,20542.0,62.624118331849616,6.276653909240023,64.48092165100265,64.03465751185222,19.02204512971545,98.88834395945723,19.935900212222272,0.0,2.114641202222165,11.111111111111107,30.457489567599406,26.322930800542736,33.18911446199534,16.44607152914672,2.7674662707047952,11.211111111111107,10.52490203106908,-0.6862090800420262,"Scott County, MO",Missouri
1694,1156,1.9120085973796321,2.1543497585827422,train,22099,53126,49.196250423521434,50.803749576478566,65.8378195233972,29.74249896472537,98.548026805659,58.160833953834704,40.387192851824274,1.4519731943410277,11.923203900754249,85.04202961119434,3.0347664880514005,31.00422101924499,47.14902344215773,21.84675553859729,63.77664742527289,23.049665656969772,13.17368691775733,17.875435556655685,40.68780225685116,16.561225093123635,14.190314037079075,3.0,17.51146268957525,76.81973235371294,30.469692993964838,7.677774862240881,14.300708475465756,42794.0,0.4592,22983.0,64.65202394237598,7.175081401278884,66.12101813747904,57.20972369017062,16.835848193872884,98.6863958930998,21.832037799115987,0.16608787558508228,2.467718254715205,6.666666666666668,31.402703007943376,28.67710725445168,33.25678575462109,12.782818205774953,4.419681511877424,6.7666666666666675,8.622281791031504,1.8556151243648369,"St. Martin Parish, LA",Louisiana
1695,1730,0.09531017980432493,0.4972626053582021,train,31165,1249,52.12169735788631,47.87830264211369,94.39551641313051,0.0,100.0,85.71428571428571,14.285714285714285,0.0,15.034619188921859,83.48170128585559,1.483679525222552,18.458610846812558,65.3663177925785,16.175071360608946,39.822024471635146,33.59288097886541,26.585094549499445,12.489991993594876,18.407960199004968,13.340807174887892,11.048839071257005,5.0,28.189910979228486,75.77413479052824,41.53005464480874,1.8214936247723128,3.460837887067396,41215.0,0.4387,27216.0,65.67754698318497,1.355421686746988,79.43661971830988,72.09302325581395,7.183098591549296,100.0,16.056338028169016,0.0,3.763010408326661,1.0,24.739791833466782,22.65812650120096,34.187349879903934,24.099279423538828,5.604483586869495,1.1,1.644214241501073,0.5442142415010729,"Sioux County, NE",Nebraska
1696,2271,1.928295602354331,2.0419443384265623,train,42067,24829,49.87715977284627,50.12284022715373,96.71352048008377,0.7571791050787386,99.359544565024,78.68706635829923,20.672478206724783,0.6404554349759829,13.023206527498148,82.02288862986119,4.95390484264067,23.55304270197887,54.32723305063729,22.119724247383818,69.3307154818964,17.543454408962287,13.125830109141305,13.237873781258926,25.707865168539325,12.492567487216078,14.514881315907333,6.0,24.55014864653419,72.16011923773024,35.036729479399554,7.5481741722559335,10.369424039178114,47398.0,0.39399999999999996,22170.0,61.36844331641286,5.471307944166808,73.14524555903866,69.6071977177968,13.10344827586207,96.90585911784069,16.879136189481017,2.5455343427693657,2.9199726126706675,6.777777777777778,28.796971283579683,23.536993032341215,34.41942889363244,19.29195698578275,2.529300414837489,6.877777777777777,7.7055768922833865,0.8277991145056092,"Juniata County, PA",Pennsylvania
1697,1065,2.8127438277723327,2.377906054043155,train,21157,31181,49.19983323177576,50.80016676822424,98.12065039607454,0.426541804303903,98.68899068077715,69.81519507186859,28.87379560890855,1.3110093192228716,13.388450148075025,84.60842382362618,2.0031260282987837,19.773358001850138,56.768424298489045,23.458217699660807,54.848123093248454,29.3274970155193,15.82437989123226,10.775282740534339,17.004739336492893,10.891856172811377,15.34848830762206,6.0,29.291262526663186,66.41009363593079,44.342167909855576,5.816537057609903,11.966354546897318,45212.0,0.4206,23707.0,57.50513769009453,7.326138231720392,71.28914865460962,62.83500161446561,20.95831495368328,99.38650306748468,12.952139391265993,0.0,1.2667970879702384,16.555555555555557,25.820211025945287,23.049292838587604,36.00590102947307,20.640774830826462,1.4528077996215645,16.655555555555555,10.782301652381124,-5.873253903174431,"Marshall County, KY",Kentucky
1698,2843,2.1709566505156093,1.8196800902372396,train,51063,15523,50.17071442375829,49.8292855762417,95.9866005282484,2.5188430071506795,98.95287958115185,87.37295965506621,11.579919926085616,1.0471204188481675,13.769899885114064,83.02970622025275,3.2003938946331854,21.34288830035831,57.87505842031469,20.782053279327,52.478056565298346,29.36430534621864,18.157638088483022,10.048590864917397,7.404958677685951,12.220278110323234,14.233884029802391,4.0,35.049698549780025,73.5289427523521,38.925211290065384,4.544729708180514,13.442832084197097,48005.0,0.3962,23885.0,64.39356638765797,5.237670447304702,73.18714719930527,62.94552790854069,12.885366912722535,98.68863483523873,16.369952236213635,0.06724949562878277,2.5768214906912323,8.666666666666666,26.335115634864394,23.120530825227085,36.281646588932546,19.667590027700832,1.4945564646009148,8.766666666666667,6.169884327898345,-2.596782338768323,"Floyd County, VA",Virginia
1699,1578,2.118929313186954,1.8700478543734012,train,29205,6179,49.619679559799316,50.38032044020069,97.92846738954523,1.618384851917786,98.14946619217079,77.01067615658363,21.138790035587192,1.8505338078291813,18.13345156284637,80.09310574152074,1.7734426956328972,20.90213451469996,54.490535642368094,24.607329842931943,55.91951333645297,31.00140383715489,13.079082826392135,18.38074398249453,44.246861924686186,17.184690470074493,17.012726054922975,6.0,31.51850276478094,73.7094837935174,38.2953181272509,5.2821128451380535,12.845138055222087,39087.0,0.4221,20569.0,65.62294723012917,5.605605605605607,67.18023255813954,66.8145519077196,15.436046511627907,97.69299023957407,20.930232558139533,0.0,1.3432594270917624,8.222222222222221,29.77828127528727,23.871176565787355,32.480983977989965,19.82521443599288,0.45314775853698,8.322222222222221,6.488606900074691,-1.83361532214753,"Shelby County, MO",Missouri
1700,1612,2.589433484697249,2.1660579842297123,train,30041,16523,50.68086909156933,49.31913090843067,72.8439145433638,0.018156509108515403,99.64229823384753,63.11200536552649,36.530292868321034,0.3577017661524704,13.944636678200693,81.25432525951557,4.801038062283737,31.846733668341713,46.85929648241206,21.29396984924623,37.86275841987771,38.96923226244783,23.168009317674464,21.1679741003611,36.0,23.725760305181733,13.563975837451947,6.0,30.95455678325164,76.98621142481944,32.879185817465526,6.7465528562048585,15.036112934996718,44633.0,0.4161,20869.0,63.41258506258927,3.736089030206677,66.42754662840747,71.32867132867133,14.746874359499898,96.64335664335665,23.867595818815328,0.0,3.1350239060703258,13.222222222222221,34.47315862736791,28.390728076015247,30.896326332990373,13.562912304061005,27.13792894752769,13.322222222222221,8.723826707228396,-4.598395514993825,"Hill County, MT",Montana
1701,1685,0.09531017980432493,0.2615274245006616,train,31075,769,50.97529258777633,49.02470741222367,100.0,0.0,100.0,72.25806451612901,27.741935483870968,0.0,18.24561403508772,73.68421052631578,8.070175438596491,26.79127725856697,55.9190031152648,17.289719626168225,45.14285714285714,34.476190476190474,20.38095238095238,13.297150610583449,17.164179104477608,14.85148514851485,8.842652795838749,6.0,29.7029702970297,84.2809364548495,38.46153846153847,2.3411371237458187,3.0100334448160537,44750.0,0.3671,21782.0,69.63696369636963,3.5545023696682465,78.71853546910755,75.7396449704142,4.805491990846682,99.40828402366863,19.908466819221967,0.0,5.331599479843954,1.0,30.03901170351105,21.976592977893358,34.850455136540965,21.976592977893368,0.0,1.1,1.2989125631119074,0.1989125631119073,"Grant County, NE",Nebraska
1702,2549,2.0780516873907815,2.312000819099733,train,48067,30328,48.52611448166711,51.47388551833289,79.06554998681085,17.274465840147723,99.76618442203713,57.898582493058605,41.86760192897852,0.2338155779628817,14.467291341315287,81.83237896928684,3.700329689397883,22.671523982999396,48.19267354786481,29.1358024691358,58.415608838740006,27.940761636107197,13.643629525152798,19.839672637016168,44.52054794520548,19.94590939824206,17.767379679144387,6.0,31.770722352439805,66.46138054914037,40.50124027029339,7.261996407492942,17.303908989821227,37352.0,0.4478,20991.0,56.96383661434395,9.104057242901726,57.64823411882236,60.94292803970225,17.652935299994127,98.014888337469,28.318740083445963,0.6782464846980976,4.108414666314957,7.8888888888888875,28.88749670271697,22.477578475336323,34.09060933790557,20.80255869163809,3.6599841730414138,7.988888888888888,10.094601935094573,2.1057130462056852,"Cass County, TX",Texas
1703,1844,1.7127964254212538,2.2637797309761076,train,36045,118947,52.01896643042698,47.981033569573,86.39309944765316,5.525990567227421,98.86708476633623,66.47784746105604,32.3892373052802,1.1329152336637671,14.015899783184773,82.49096603228138,3.493134184533848,29.225280435411467,50.1441014817275,20.63061808286103,44.05531949443829,35.1971636580151,20.747516847546613,15.058141602361223,28.63588110403397,14.346431215552936,13.38457635241165,4.0,41.943993506493506,78.44310025730151,28.795197038775786,5.926962488150588,16.591432311650788,49505.0,0.4127,23659.0,64.07622722177325,10.260791732780016,70.47432205803247,73.86767317939609,23.375945321646682,98.94908229721727,11.793184191374236,0.08880994671403197,6.9493135598207605,5.4444444444444455,30.99111368929019,35.741128401725135,27.495439145165488,11.752293038075779,8.080909985119423,5.544444444444445,9.619379205822787,4.0749347613783415,"Jefferson County, NY",New York
1704,386,2.436533065503785,2.325392583572903,train,13011,18336,50.867146596858646,49.132853403141354,93.41732111692845,2.6832460732984296,99.56432011006649,69.36482458151801,30.1994955285485,0.4356798899335015,9.933443068775496,87.6905460531024,2.3760108781220928,21.623631201838585,54.35311612816007,24.023252670001348,67.40358237857028,21.44586090043569,11.150556720994027,16.560858143607707,30.075642965204235,17.01700025123524,15.928817075167858,6.0,28.396388650043,74.36288722722419,37.00595147260797,5.6767892568289335,13.932549977109721,41472.0,0.4049,19211.0,60.361134995700766,8.487654320987655,67.99748224080568,57.954144620811284,14.000539519827356,96.61375661375662,22.551928783382788,2.2222222222222223,6.3154450261780095,11.333333333333336,30.55737347294939,25.41448516579407,35.329406631762645,15.461387434554975,3.8994328097731232,11.433333333333337,10.230695700578638,-1.2026376327546995,"Banks County, GA",Georgia
1705,2835,2.5640942911418034,2.2349180061998206,train,51045,5212,48.00460475825019,51.99539524174981,95.97083653108213,0.15349194167306215,98.70017331022531,82.92894280762566,15.771230502599654,1.2998266897746966,18.90621133382826,78.1242266765652,2.969561989606533,16.58267338612911,57.30741540676746,26.10991120710343,58.84645362431801,26.500389711613412,14.65315666406859,11.76130895091434,18.11668372569089,12.032159689492653,20.73147256977864,3.0,36.822568671121005,61.698283649503146,40.42457091237579,6.097560975609754,12.37579042457091,44330.0,0.4039,22456.0,54.19450631031923,4.06392694063927,71.00712105798577,63.0952380952381,20.379789759240424,99.81684981684981,14.784672770430655,0.0,0.01918649270913277,12.888888888888893,26.91864927091328,19.877206446661546,36.70376055257098,20.95165003837299,3.87567152724482,12.98888888888889,9.345715530048526,-3.6431733588403645,"Craig County, VA",Virginia
1706,1199,2.0208114572284313,1.9544084519423446,train,24027,304115,49.046248951876755,50.953751048123245,60.102263946204566,18.136231359847425,99.81218421818376,79.42623601301484,20.385948205168894,0.187815781816258,9.981274069886584,85.72898632653781,4.289739603575593,28.12787156802552,55.5721296681652,16.29999876380928,19.07712487397097,20.338394071985828,60.58448105404321,5.21272302674667,6.76170732399966,5.088070771238081,7.22849621018707,2.0,24.140904431529716,88.28335866611395,21.100824466860114,2.300216480125282,5.657961402054259,110238.0,0.396,48104.0,75.03639815376172,4.693858293721472,86.98005354682203,74.47596263385738,7.666836074420653,92.41000227842329,7.821398819035842,1.8341307814992027,6.25815892014534,7.444444444444445,31.969156404649556,26.92534074281111,36.51447643161304,11.683080413659306,21.761504693948016,7.544444444444446,7.059741611815065,-0.48470283262938096,"Howard County, MD",Maryland
1707,236,2.661812332608922,2.995247303858526,train,6105,13373,51.43198983025498,48.56801016974501,85.32116952067601,1.129140806101847,100.0,64.56079619212463,35.43920380787538,0.0,16.776713475309215,76.05319445736076,7.170092067330048,21.5625,49.16666666666666,29.270833333333336,40.222868217054256,39.8062015503876,19.97093023255814,19.49771689497717,31.153184165232357,22.852292020373515,23.87537993920973,6.0,44.90203193033383,58.02334062727936,43.85485047410649,11.797957695113055,9.609773887673233,34974.0,0.47200000000000003,22975.0,47.97677205272375,9.202689721421713,47.38675958188154,43.32258064516129,30.855594270228416,95.35483870967741,25.809781907342877,3.1935483870967745,7.141254767067973,14.222222222222221,22.829581993569132,19.92821356464518,39.445150676736716,23.293202721902343,13.549689673222165,14.322222222222218,19.99030295766659,5.668080735444372,"Trinity County, CA",California
1708,2303,2.61414643923577,2.2672451546044528,train,42131,28147,50.21494297793726,49.78505702206274,97.2679148754752,0.7283191814402956,99.2391492305032,63.85958844890194,35.37956078160124,0.7608507694968009,13.21486268174475,83.50796215093469,3.277175167320564,28.03214911718182,49.322388953016116,22.64546192980206,56.98341027852467,24.843995738420173,18.172593983055148,11.031821160707784,22.04657124546037,10.11389521640091,14.224276959466724,3.0,31.07435794002959,73.60932623462456,41.30714154580503,4.58050302919038,11.26308059482284,51004.0,0.4202,26087.0,62.544089716921405,7.577181693297665,76.36110627935292,75.056502979248,15.475155099437584,97.80152044380522,12.489128544094624,0.14382576535853708,1.7728354709205243,13.555555555555555,27.49138451700004,25.34550751412229,36.21345081180943,17.714143603225924,2.0037659430845203,13.655555555555557,9.652772256928282,-4.002783298627275,"Wyoming County, PA",Pennsylvania
1709,1496,2.48398029492787,2.584360816939716,train,29039,13892,49.79844514828679,50.20155485171321,96.45119493233514,0.08638065073423554,99.62732919254658,60.24844720496895,39.378881987577635,0.3726708074534161,17.981162591570737,78.46066026067929,3.558177147749976,17.04079814715838,51.42526278282558,31.533939070016032,58.76913592931265,26.970101715812177,14.260762354875169,24.939145828723174,42.924528301886795,30.67279046673287,22.583460615317478,6.0,38.35051546391753,61.95799457994579,46.544715447154466,6.131436314363143,21.138211382113823,31532.0,0.4523,18255.0,51.35366201196922,10.377358490566039,55.36122696085026,58.1124757595346,22.561549845284553,99.51519069166127,27.579712094712768,0.0,1.3820904117477686,11.888888888888893,29.247048661099914,22.962856320184283,30.77310682407141,23.070832133602075,3.462424416930608,11.988888888888894,13.254814129072347,1.2659252401834529,"Cedar County, MO",Missouri
1710,1410,2.049841071903545,1.9864772999723364,train,28031,19471,47.97390991731293,52.02609008268707,62.79081711262904,35.858456165579575,98.6245954692557,51.45631067961165,47.16828478964401,1.3754045307443366,14.04553415061296,81.99649737302977,3.957968476357268,29.956263463672556,41.88915725569553,28.154579280631896,58.260462211118046,26.475640224859468,15.263897564022484,26.97110611839699,60.89976844194509,30.317692167244843,24.26386432213089,6.0,24.262882336731877,65.80571100588321,40.76625053809729,10.589754627636678,21.79652747883484,31631.0,0.4442,16245.0,52.58215962441314,12.606609808102345,55.115481775532295,53.31032318795105,22.2121977625406,99.59209287731407,26.308191988451824,0.0,2.126239022135484,7.666666666666668,31.31837091058497,27.49216783935083,29.546505058805398,17.533768168044784,1.350726721791382,7.766666666666667,7.289808668819255,-0.4768579978474117,"Covington County, MS",Mississippi
1711,20,1.86149280724273,2.148829264373867,train,1041,13938,49.239489166307926,50.760510833692074,71.50236762806716,23.51126416989525,99.28438083385193,62.35220908525203,36.93217174859987,0.7156191661481021,15.91983361694082,80.65796937039138,3.422197012667801,29.07606283837757,45.49569539362741,25.428241767995033,60.05446166736489,25.659824046920814,14.285714285714285,16.677600408193015,23.758865248226947,18.947486787360845,18.24456877134346,6.0,25.91865357643759,66.02266394203976,41.723945755155114,8.67545978079138,19.52442875719859,36022.0,0.4756,20585.0,58.57427244288558,9.613206020391653,67.19239104261979,56.93267944716897,19.34745966771009,99.37583593401695,19.299301709607512,0.08916629514043692,1.7003874300473527,6.333333333333332,30.198019801980198,25.505811450710286,34.380829387286546,17.054096714019227,4.986368202037597,6.433333333333332,8.574813678609244,2.1414803452759124,"Crenshaw County, AL",Alabama
1712,94,2.1054882506179364,2.2056805448634798,train,4001,72124,49.44678609062171,50.55321390937829,23.240530197992342,0.6128334534967556,98.7432255653149,47.05195290599888,51.691272659316006,1.2567744346851055,10.744622620471546,86.06037261540331,3.195004764125124,47.57608056453984,29.94707438988533,22.476845045574827,56.607399175811466,32.61795619762004,10.774644626568506,36.61963850643096,81.85840707964603,49.42200012041664,15.2401244778379,6.0,20.5567832057454,61.13532586135327,34.82772934827729,14.274595267745953,28.227480282274804,31757.0,0.4793,13011.0,44.44778271842327,17.876616646388175,33.96128968790733,27.74959525094441,38.94886992449768,92.14247166756607,30.508349524114013,5.094441446303292,6.304420165270924,8.11111111111111,38.38805390715989,27.41251178525872,29.960900671066494,12.904165049082133,76.14663634851088,8.211111111111109,9.076426381852041,0.8653152707409326,"Apache County, AZ",Arizona
1713,2964,1.7711787615280343,1.9612277115819607,train,53037,42204,50.05686664771112,49.94313335228888,89.22850914605247,0.9691024547436262,99.49788583509512,74.97357293868922,24.52431289640592,0.5021141649048625,16.216300258092602,68.70238502440996,15.081314717497435,39.57404103479036,43.57716324710081,16.848795718108832,35.20918916763053,31.18892832927851,33.601882503090984,22.15344354696661,20.692974013474494,30.417358215601343,12.788505143566365,5.0,31.405843216661843,76.91264083053146,29.57588627381584,4.68353683713797,14.687665899840734,46458.0,0.4496,24014.0,61.83248361252731,7.7553712777987185,71.24105011933175,74.96999828561633,15.36220693528008,98.43991085204868,17.285553839674293,0.5143151037202126,8.470761065301868,5.777777777777778,26.61122168514833,39.114775850630274,28.795848734717087,14.105298076011753,9.802388399203867,5.877777777777778,7.108048343730562,1.2302705659527842,"Kittitas County, WA",Washington
1714,1902,1.7520942128356236,2.3803991984956356,train,37037,67431,48.94039833311089,51.059601666889115,78.99037534665065,12.277735759517135,99.44130024669859,68.21941663038746,31.221883616311132,0.5586997533014076,13.535686541995867,82.24483222493795,4.2194812330661815,23.717156520337433,54.28510020955349,21.997743270109076,36.83933096806893,26.353775975671574,36.80689305625951,13.616579062307036,27.193973634651602,13.165439917836355,13.5920583030921,3.0,29.875193552599665,71.03220294915128,40.511830033800095,3.112580321658062,10.700887716822047,56642.0,0.4775,32845.0,61.104282877942715,8.95559337768838,70.87989926019203,68.63276224013002,10.344194343879533,98.70657547233697,21.48853559997901,0.05417484932620032,12.626240156604528,5.666666666666668,25.4927258975842,20.738236122851507,36.180688407409065,22.580118936394246,8.731888893832215,5.766666666666667,10.80921702594623,5.042550359279564,"Chatham County, NC",North Carolina
1715,693,2.376454941560501,2.2761455302946354,train,18005,79488,49.73580917874396,50.26419082125604,87.05716586151371,1.9864633655394528,99.16890357216604,67.61304976254388,31.555853809622132,0.8310964278339873,14.064614343707714,80.56326116373478,5.372124492557512,25.04901030797445,51.53354834629735,23.417441345728196,44.01693461151106,26.554515274721176,29.428550113767773,12.80832854314364,22.71964907753838,12.33035105011752,12.192296922332812,4.0,24.255681533554863,77.52473949800118,30.811324464250607,4.29582541450947,9.577953994363982,55050.0,0.4255,27987.0,67.76084606027841,4.954000349048842,77.24482124958236,73.22186836518047,10.432676244570665,97.99186128803964,15.064316739057801,0.0,6.234903381642513,10.666666666666666,30.671296296296298,27.985356280193233,32.77475845410628,14.756944444444445,10.956370772946858,10.766666666666664,9.739069023610963,-1.0275976430557012,"Bartholomew County, IN",Indiana
1716,325,2.5810582263605166,2.3983241366633523,train,12023,67806,51.73583458690971,48.26416541309029,77.20113264312894,17.923192637819664,99.0473616647524,59.914870616850216,39.13249104790217,0.9526383352476184,15.751409151193636,79.72272877984084,4.525862068965517,31.217275123677464,40.67995522334164,28.102769652980896,50.481832034855024,34.421479621402355,15.096688343742626,19.869634340222575,44.02459585440841,19.988094942830926,18.131589779311653,5.0,44.980177458939025,69.30150160283448,37.13514425510376,6.655981103425004,20.474101569090603,41926.0,0.4426,20563.0,60.18156626755176,14.356401621881654,56.40587905785696,58.566433566433574,25.428792445784094,98.75782112624218,23.025420790098423,0.4232609495767391,5.381529658142346,13.111111111111107,27.535911276288232,27.699613603515918,33.64009084741764,16.811196649264073,4.875674719051411,13.211111111111109,11.004718514242606,-2.2063925968685023,"Columbia County, FL",Florida
1717,324,2.6540241312485775,2.55423981251604,train,12021,341091,49.20563720532057,50.79436279467943,87.80061625783148,6.830142102840591,99.6478202931658,64.32356113966623,35.324259153499604,0.35217970683419,13.014118867276805,80.59185298263809,6.394028150085092,24.0576308620051,50.294420039256,25.64794909873889,40.67346505205014,26.093131584952282,33.233403362997585,14.0571520013276,32.867042845802324,13.1948267503677,11.542475105679266,3.0,31.401336456770267,63.63636363636363,48.24541143138704,2.345867208672087,9.492023897511702,57452.0,0.5338,38297.0,54.726710458657124,7.61000463177397,59.48149100688251,66.40012333624544,9.695346613813118,96.1015468420782,32.57258510894056,1.374171334600956,26.495568631245035,14.111111111111107,23.686054454676317,21.72352832528563,30.99876572527566,28.756548838872924,5.369241639327921,14.211111111111109,12.861518774743553,-1.3495923363675555,"Collier County, FL",Florida
1718,2944,2.334299068483573,2.234136832645653,train,51830,14754,45.174190050155886,54.825809949844114,74.88816592110614,15.277212959197508,100.0,57.01119157340355,42.98880842659645,0.0,20.349278663629466,58.520446903134825,21.130274433235712,59.176225234619395,25.018620586920896,15.805154178459704,23.84050948359408,23.729752180534405,52.429738335871534,22.370259945961056,25.415282392026572,29.39113355780023,9.188855339006313,2.0,24.71721186181596,70.97840458351695,29.550462758924642,1.0797708241516086,6.919347730277655,48639.0,0.5163,24127.0,49.98072623544832,8.375751966682094,87.21431849472235,76.01156069364163,6.204681046351538,96.19460500963392,8.939880679210649,0.0,7.0353802358682405,10.222222222222221,26.074284939677376,54.92747729429308,19.493018842347837,14.728209299173106,9.834621119696351,10.32222222222222,9.338417755017222,-0.9838044672049975,"Williamsburg city, VA",Virginia
1719,1388,1.5846897427449065,1.5900832016885442,train,27161,19076,48.02893688404278,51.97106311595722,93.6988886559027,2.7836024323757598,99.36723163841809,79.63841807909606,19.728813559322035,0.6327683615819208,14.945530517833154,82.22653335323086,2.8279361289359795,26.639424012453784,54.48530842576377,18.875267561782447,43.05607546604777,36.51268997529385,20.431234558658375,8.650344557118046,10.895636642000511,9.018246407233974,11.11668897813476,6.0,27.87601556632757,79.64505119453925,31.54948805460751,3.7133105802047774,7.754266211604095,53564.0,0.4066,26457.0,72.79123157816781,4.364635262997253,79.61819202695116,74.1924032658857,16.049036122028824,97.51508697195598,7.991764926071496,0.0,5.661564269238834,4.777777777777779,29.073180960369054,28.14531348291047,32.884252463828894,15.752778360243235,3.5175089117215355,4.877777777777779,4.9041569454912795,0.02637916771350035,"Waseca County, MN",Minnesota
1720,905,1.2006339030604214,1.3144399611150057,train,20047,2991,51.08659311267136,48.913406887328655,93.78134403209629,0.9027081243731194,100.0,79.3859649122807,20.614035087719298,0.0,17.892824704813805,81.10808356039962,0.9990917347865576,18.71393239901072,58.94476504534213,22.341302555647157,48.42857142857142,32.904761904761905,18.666666666666668,11.660285415941525,21.75502742230348,10.848819688598695,15.71132596685083,6.0,24.89139878366638,77.86499215070643,29.59183673469388,4.8665620094191535,8.634222919937205,47303.0,0.4132,25584.0,66.06252831898504,1.646090534979424,76.2812872467223,54.631379962192824,8.99880810488677,99.24385633270323,17.818831942789036,0.0,19.592109662320293,3.2222222222222223,29.087261785356073,19.29120695419592,37.679705784018715,19.99331327315279,5.315947843530592,3.3222222222222224,3.722665563875592,0.4004433416533697,"Edwards County, KS",Kansas
1721,139,1.7326383462202575,1.8859205879865517,train,5061,13555,48.66101069715972,51.33898930284028,67.66506824050165,21.80007377351531,100.0,53.613777526821,46.386222473179,0.0,13.830653368613882,82.84144107469976,3.3279055566863427,27.558534743202426,45.72318731117824,26.71827794561933,55.44620890181167,29.42294788637889,15.130843211809438,21.825545638640968,57.072294566681634,19.99755978526111,17.67959931225237,6.0,23.579346849096176,71.57853040205981,41.79045355515944,7.526242820360467,13.309566250742721,34229.0,0.4984,21273.0,61.00660904931368,7.966666666666668,56.78901437371663,61.38032305433187,19.327515400410682,97.94419970631424,28.400924024640656,0.0,10.571744743637037,5.5555555555555545,32.87347842124677,25.68056067871634,32.09885651051273,16.090003688675765,10.534857985983033,5.655555555555554,6.592420552555393,0.936864996999839,"Howard County, AR",Arkansas
1722,2771,2.5977391802845275,2.436572055628922,train,49003,50991,50.41870133945206,49.58129866054794,93.20076091859349,0.3412366888274401,99.80285560666708,83.11727104367047,16.685584562996596,0.19714439333293507,8.684086072357532,89.5010640813431,1.8148498462993607,22.27611434764937,61.86695569706002,15.856929955290608,40.3988603988604,38.13641695994637,21.46472264119323,9.457373545476132,12.615717278194472,9.4075079149706,12.136785926072346,3.0,22.66288122695077,78.91977566447207,29.261155815654718,5.0719336747134856,10.692514020970496,55038.0,0.3848,21748.0,65.96260080942956,6.023556809530207,79.84507295982706,65.68241469816273,9.047018555215276,98.7040682414698,13.269681138533599,0.0,8.919221039006883,13.333333333333336,40.9248690945461,27.50093153693789,27.42444745151105,12.108019062187445,6.458002392579083,13.433333333333332,11.433779129121497,-1.9995542042118348,"Box Elder County, UT",Utah
1723,1399,1.4637696732881809,2.0901739430342605,train,28009,8470,48.68949232585596,51.31050767414403,60.991735537190074,36.34002361275089,100.0,62.99603174603176,37.003968253968246,0.0,13.557194413933782,83.77530205554685,2.6675035305193786,27.522800823771696,46.38128861429833,26.09591056192998,61.280701754385966,28.157894736842106,10.56140350877193,21.027536059125048,27.91878172588833,26.22301445830857,20.19311002503278,2.0,18.174775333126746,66.39676113360325,39.27125506072874,14.608636977058024,23.920377867746293,33141.0,0.4903,19935.0,55.452691040326364,16.044142614601018,59.57148578293953,53.00942712110225,21.405686824189026,99.63741841914431,24.028834601521826,0.14503263234227698,2.1841794569067297,4.2222222222222205,30.55489964580874,26.52892561983471,32.98701298701299,16.682408500590316,2.668240850059032,4.322222222222221,8.086321601296891,3.76409937907467,"Benton County, MS",Mississippi
1724,652,2.6848194823870495,2.5911561669152015,train,17127,15016,48.241875332978154,51.75812466702185,90.84310069259459,6.006925945657965,100.0,65.36497446680684,34.63502553319315,0.0,17.66569844203855,78.33817445647391,3.9961271014875446,23.453036403977322,47.41556413838442,29.131399457638263,49.537648612945844,35.752028684657475,14.710322702396677,18.300520939043366,36.054142739950784,18.94583938576468,21.150466405299444,5.0,30.61119671289163,64.4229163186905,41.75714047102054,7.933856689493903,20.928678804075496,40977.0,0.4476,22927.0,55.112545803524704,8.437549469684976,58.824884792626726,55.966930265995686,27.361751152073733,98.20273184759165,17.51152073732719,0.503235082674335,2.5239744272775706,14.555555555555555,27.364144912093767,23.73468300479489,34.37000532765051,19.7056473095365,3.149973361747469,14.655555555555555,13.345191956644094,-1.3103635989114615,"Massac County, IL",Illinois
1725,2680,2.0640458562018624,2.012531067835333,train,48329,151290,49.77592702756297,50.224072972437035,82.40663626148456,6.340141450194991,99.5413835330276,69.66648257977765,29.87490095324993,0.458616466972411,12.192202779684921,83.09550759867139,4.712289621643689,29.15089050843072,48.91802147569969,21.931088015869594,40.59376462081579,33.799072774446,25.60716260473821,8.844969164879368,12.398313154672834,8.709392619941008,10.973117957523844,4.0,23.18163144200484,87.53546434651031,21.933043313788534,3.060336674862872,7.717041800643088,68806.0,0.4792,35537.0,72.29349517871451,3.2867498120947296,70.86092005742324,64.3546164446486,6.994707634291101,95.22934575759564,24.543078142743894,1.3780431786862657,41.25784916385749,7.777777777777778,34.420649084539626,32.126379800383376,30.031066164320183,10.284883336638245,11.253222288320444,7.877777777777777,7.482231436125333,-0.3955463416524445,"Midland County, TX",Texas
1726,1111,2.312535423847214,2.3219560302379083,train,22009,41389,49.993959747759064,50.006040252240936,67.0250549662954,29.805020657662663,99.4880546075085,56.5247942180285,42.96326038948003,0.5119453924914675,15.6,82.98378378378378,1.4162162162162162,31.60729957933602,42.296401658445056,26.09629876221893,68.84576829442933,21.684805957324933,9.46942574824574,23.18372105346828,46.881496881496886,25.12804384940246,18.78953079101279,6.0,25.164803668672967,68.82821387940842,37.44228066653281,11.597403466506055,23.362109348859,33739.0,0.4878,18967.0,58.350404312668466,8.481152993348116,57.38415680606991,52.91219426359317,20.454340168006503,98.32834770367764,27.30557311895944,0.6158718986450818,1.70335113194327,10.0,29.81468506124816,28.39160163328421,32.4119935248496,15.12720771219406,3.1699243760419438,10.1,10.195597711746755,0.09559771174675546,"Avoyelles Parish, LA",Louisiana
1727,1803,3.085471408308861,2.8129789452371554,train,35027,19931,49.6613315939993,50.3386684060007,85.70066730219257,0.6221464050975867,99.59568733153635,70.56603773584905,29.029649595687328,0.4043126684636119,17.978855721393035,78.16542288557214,3.8557213930348255,21.493105087969564,49.54232049453162,28.96457441749881,38.33865814696485,33.26677316293929,28.394568690095845,16.52854977261243,25.295508274231675,18.601563652456115,17.988883274381003,6.0,40.41450777202073,66.23422573416676,45.21759641467153,4.5642174784762375,15.225852105201087,40708.0,0.4931,25756.0,53.11567164179104,7.4581430745814306,58.2420566669684,62.328631035167895,25.75359826197158,99.98013113451222,22.286593645333575,0.0,31.16752797150168,21.777777777777786,23.079624705233048,20.269931262856854,35.818574080577996,25.25211981335608,13.677186292709846,21.87777777777779,16.659472027950482,-5.218305749827309,"Lincoln County, NM",New Mexico
1728,2301,2.5977391802845275,2.4017285262074717,train,42127,51642,53.096316951318684,46.903683048681295,93.91193214825142,3.5087719298245608,99.41526800216567,70.67677314564158,28.738494856524092,0.5847319978343261,13.354481395772122,83.83213292077278,2.813385683455108,27.165567699394817,48.16638063408906,24.668051666516124,54.9638685280634,25.364552306457053,19.671579165479557,12.86740146960588,23.473102332479442,12.886402703726366,17.184053930339978,6.0,32.367880176711004,70.24759142235575,45.726717082772204,3.998756863151352,12.762871646120374,49919.0,0.4142,24539.0,58.514754436648786,7.679083094555874,72.92526443558177,69.45535085069969,18.682157100745627,98.43954495117285,12.505635512398126,0.3724957213329306,4.016110917470276,13.333333333333336,23.862360094496733,23.07617830448085,38.807559738197604,20.092173037450138,2.5792959219240155,13.433333333333332,11.042246706936318,-2.391086626397014,"Wayne County, PA",Pennsylvania
1729,2749,2.465270675271141,2.4587871649423905,train,48467,52736,49.25477851941748,50.74522148058252,93.14510012135922,2.4177032766990294,99.21587846116148,72.44956301560075,26.766315445560732,0.7841215388385201,12.289701999245567,83.18873381114045,4.521564189613981,22.32925717225093,50.328508966775,27.34223386097407,53.77159019139413,30.776834994645355,15.451574813960516,16.91303845709666,35.39250669045496,16.412760607035292,18.447534183438314,6.0,31.646101728443902,70.01020791919626,42.57776822650835,5.7003169827539875,13.050018804061676,44002.0,0.4612,23257.0,57.66969803547204,5.7501306847882905,58.825688073394495,58.20364154206082,14.191826522101753,99.25745092055742,30.872393661384486,0.15257857796765334,9.957145024271846,11.666666666666664,30.23172026699029,22.80226031553398,34.50394417475728,19.390928398058254,4.437196601941748,11.766666666666662,11.690624139429938,-0.07604252723672467,"Van Zandt County, TX",Texas
1730,2541,2.1054882506179364,2.0186871555408414,train,48051,17293,49.7947146244145,50.2052853755855,78.71971317874285,12.2535129821315,99.549662246685,63.297473104828605,36.25218914185639,0.4503377533149862,12.481902004114911,83.86039777489903,3.657700220986055,24.36282932416953,51.69673539518901,23.940435280641466,58.21306415283224,26.854091932927343,14.932843914240424,16.237355916254998,37.0409604519774,15.003067215844359,16.705607476635517,4.0,31.04693140794224,71.56694266520856,38.60334322762069,6.3583815028901745,17.137947195750662,51821.0,0.4362,24894.0,59.864360283471754,7.153767820773933,65.78495709237758,69.76382846488502,11.802120141342757,96.79925419515229,25.552751135790004,0.5904288377874456,19.707396056207713,8.11111111111111,29.30665587231828,23.48927311628983,34.158329960099465,19.23899843867461,9.026773839125656,8.211111111111109,7.528434779079273,-0.6826763320318356,"Burleson County, TX",Texas
1731,2775,2.6059764591510066,2.3337515057219393,train,49011,323374,50.31418728778442,49.68581271221558,89.65284778615472,1.215311063969274,99.86244333865713,83.42765350492527,16.43478983373185,0.13755666134288536,7.077192538788282,89.13459872337037,3.788208737841344,25.30740362831399,59.66310983518669,15.029486536499318,25.99227104460139,39.21387959956857,34.79384935583005,7.680977477253518,9.92652296920478,7.5261029633653225,9.034262077577461,3.0,26.064747964573463,86.56317025840056,21.210295169032786,3.1917066693902565,7.602900623021141,71112.0,0.39,26411.0,70.83506341537068,3.9127393838467945,82.5062142950591,72.30412805391744,8.566460250316165,96.61260881774784,12.236165016789501,0.7196012356079753,8.984643168591166,13.444444444444445,41.33665662669232,31.498821797670807,26.01724319209337,8.900839275884888,9.131841149875994,13.544444444444446,10.316571704863646,-3.2278727395808,"Davis County, UT",Utah
1732,2872,2.312535423847214,2.106802552826027,train,51121,96467,51.81150030580406,48.18849969419594,86.72084754371961,4.348637357852945,99.66515658853656,74.83421968354016,24.830936904996392,0.3348434114634627,13.490764878806367,62.21088246713629,24.29835265405735,47.19774577930606,37.14091267282756,15.661341547866368,30.55729137078907,23.78761196008256,45.65509666912837,24.84150053786821,20.345839612913466,36.07070174116228,9.153284671532845,4.0,16.410243745832613,81.6926617233444,23.41259694877695,3.1534986789397426,8.753089576408419,46663.0,0.4978,25368.0,59.3714704166615,5.422807567680569,84.94224363971371,78.44018374276014,7.717383601445682,96.17535450369483,9.80795124371058,0.4293988416217296,2.959561300755699,10.0,26.937709268454494,48.4818642644635,24.93287860097235,10.679299656877484,8.930515098427444,10.1,8.221910087580122,-1.8780899124198775,"Montgomery County, VA",Virginia
1733,945,1.62924053973028,1.4898285269442157,train,20127,5750,49.65217391304348,50.34782608695652,96.29565217391306,0.1565217391304348,100.0,76.46076794657762,23.53923205342237,0.0,15.006699419383654,83.22912014292095,1.7641804376953996,18.105440033606385,60.68052930056711,21.21403066582651,46.98996655518396,35.45150501672241,17.558528428093645,8.936471420987433,12.680115273775215,9.086479902557857,14.570470982536602,6.0,50.16501650165017,76.05985037406485,42.18620116375728,5.070656691604322,8.769742310889441,47089.0,0.3851,23928.0,63.744128830239326,3.052631578947368,77.80898876404493,71.03393843725334,13.826466916354553,96.36937647987371,14.294631710362045,0.15785319652722968,4.3130434782608695,5.0,27.09565217391304,20.695652173913047,35.37391304347826,23.09565217391304,3.5478260869565217,5.1,4.436334741904465,-0.6636652580955342,"Morris County, KS",Kansas
1734,606,1.5380612495918724,2.0287897372897614,train,17035,10943,50.34268482134698,49.65731517865302,98.11751804806723,0.2101800237594809,99.64650432050274,72.5058915946583,27.14061272584446,0.3534956794972506,15.040502962156935,82.6744045460041,2.2850924918389555,21.534289910744548,54.174669528866794,24.29104056038866,48.978515882430465,37.40608936338473,13.61539475418479,15.764094955489616,28.01833927661742,16.14941721668305,18.313765369326056,5.0,31.768910065515186,74.33874709976797,36.31090487238979,6.380510440835267,13.178654292343388,46061.0,0.3911,22596.0,62.77354612501511,6.837442218798151,70.8107270190668,66.37362637362637,22.74066036273446,98.29670329670328,10.432491086653233,0.6593406593406593,1.0417618568948186,4.5555555555555545,29.49830942154802,24.94745499406013,34.25020561089281,17.51804806725761,1.6723019281732614,4.655555555555554,7.604876888051029,2.949321332495475,"Cumberland County, IL",Illinois
1735,3052,2.3014733641413554,1.9013776697351126,train,55025,510198,49.559190745553686,50.440809254446314,84.42134230240025,5.199353976299396,99.41031305167616,70.75226678250903,28.658046269167137,0.5896869483238287,16.639719022458088,72.71480109028363,10.645479887258276,37.78514455916258,45.95105465897212,16.263800781865307,24.00566303158553,28.078597107164754,47.91573986124971,12.915543530635654,16.118110492561122,14.482009688222867,8.834017903535859,3.0,19.60682232025648,84.8304707409267,22.41821954015366,3.100220733821537,9.860075598965489,62865.0,0.4479,34562.0,74.74930348108586,4.731357140934901,84.8970815574023,79.93696184254547,9.548519951540184,96.59629166593298,7.996749789528339,0.4648623901674561,6.171329562248382,9.888888888888893,27.92602087816887,35.89449586239068,31.36801790677345,11.471232737094223,10.379303721300355,9.98888888888889,6.695111744445822,-3.2937771444430686,"Dane County, WI",Wisconsin
1736,2027,0.09531017980432493,0.1340940396581083,train,38087,673,55.86924219910847,44.13075780089153,97.6225854383358,0.5943536404160475,100.0,84.96240601503759,15.037593984962404,0.0,19.814814814814817,77.22222222222223,2.9629629629629632,20.959147424511546,60.39076376554174,18.65008880994672,44.2528735632184,30.07662835249042,25.67049808429119,10.104011887072806,9.016393442622947,11.801242236024844,13.521545319465082,6.0,23.33333333333333,80.43478260869566,34.16149068322981,1.8633540372670807,5.590062111801243,55000.0,0.4662,34597.0,60.0,0.0,84.75,52.14285714285714,6.25,100.0,11.75,0.0,0.2971768202080238,1.0,23.92273402674591,18.424962852897472,41.01040118870728,20.802377414561665,1.7830609212481423,1.1,1.143500348970421,0.04350034897042088,"Slope County, ND",North Dakota
1737,1023,2.345005808877998,2.4929801067450947,train,21073,49778,48.75848768532283,51.24151231467715,82.83177307244165,10.490578167061754,99.11796064747507,58.26306096733547,40.85489968013958,0.8820393525249588,18.942672791481908,77.4567855341069,3.6005416744111938,28.84943251010765,44.40547518145063,26.74509230844172,44.9898580121704,28.032454361054764,26.97768762677485,14.605403372406444,29.53261427837699,14.177322330038393,16.449888367710614,5.0,29.011998978810315,73.8268435315932,31.250891456282982,5.239385727190607,14.867113583416536,47964.0,0.4184,26778.0,63.471327654269686,8.47006833340153,73.24465343983509,79.73444206008584,15.743365112084515,97.37124463519314,15.160396804947181,0.0,2.9169512636104304,10.333333333333334,27.598537506528988,27.652778335811,35.91747358270721,15.374261722045883,6.677648760496606,10.433333333333334,12.097273622323527,1.6639402889901937,"Franklin County, KY",Kentucky
1738,2471,2.538096293116917,2.3393675383869805,train,47101,11944,50.36838580040188,49.63161419959813,94.26490288010716,1.5991292699263229,100.0,69.69357249626307,30.30642750373692,0.0,14.173489710112856,84.10046470458066,1.7260455853064838,20.64045981730473,55.68100174484246,23.678538437852826,60.90995712243926,26.96522153406384,12.124821343496905,19.584721866188158,32.10870659285355,22.279094827586206,18.292058070025615,6.0,27.872940156114478,72.87775891341256,42.9753820033956,5.241935483870968,17.69949066213922,36621.0,0.3902,18236.0,57.47177330086341,7.37673343605547,58.61317051897078,57.16937354988399,21.776420991423173,99.16473317865429,23.535397586858554,0.0,2.0931011386470195,12.555555555555555,27.788010716677828,22.739450770261215,35.88412592096451,18.971868720696577,4.135967849966511,12.655555555555553,10.374672904959827,-2.2808826505957267,"Lewis County, TN",Tennessee
1739,1032,1.928295602354331,2.0385155812459317,train,21091,8669,51.30926289076017,48.69073710923982,96.79317106932749,1.2919598569615869,100.0,63.84051329055912,36.159486709440884,0.0,11.459968602825748,87.51962323390894,1.020408163265306,22.014870972444964,55.780726053360546,22.204402974194487,58.671268334771355,30.16393442622951,11.164797238999137,15.821312238250348,37.22257450856056,13.659657183247926,18.7717668911075,4.0,33.503480278422266,72.64931087289432,35.86523736600306,6.125574272588056,17.549770290964776,50476.0,0.4,22330.0,59.383273633390424,5.481248360870705,72.98307752853206,68.70799103808812,20.051160960251867,98.43166542195671,12.475403384494296,0.0,1.4188487714846003,6.777777777777778,31.283885107855568,23.25527742530857,35.52889606644365,15.918791094705277,1.914869073710924,6.877777777777777,7.679201583287956,0.8014238055101783,"Hancock County, KY",Kentucky
1740,909,1.561647248597752,1.612128615164243,train,20055,37133,50.85503460533757,49.144965394662435,75.70624511889694,2.3267713354697976,99.34819897084049,68.91938250428817,30.42881646655232,0.6518010291595198,11.668606751495204,84.71882149881587,3.6125717496889176,31.811692352747368,49.14888164879013,19.039425998462487,51.1794205052006,30.25631500742941,18.564264487369982,17.011154855643046,33.27586206896552,15.364366860626216,9.788825937271273,5.0,14.156614671329221,88.70634920634922,21.579365079365076,4.849206349206349,13.76190476190476,49227.0,0.4172,22145.0,75.9657333227572,4.453377884514984,70.62371487320083,64.13337338540103,10.047978067169296,96.42535295884649,21.402787297235545,0.18023430459597475,47.94657043600032,4.666666666666667,39.92674979129076,31.187892171383943,28.18247919640212,9.188592357202488,21.966983545633262,4.766666666666667,5.013471629598235,0.24680496293156828,"Finney County, KS",Kansas
1741,1311,2.0780516873907815,2.1779186227235057,train,27007,45434,50.05062288154247,49.949377118457534,74.08988862966059,0.8187700840780033,98.05457746478872,53.705985915492974,44.34859154929577,1.9454225352112675,14.814814814814813,79.11148680379449,6.073698381390687,37.54082344731333,42.25261688764829,20.206559665038377,35.555149744338934,37.85244704163623,26.592403214024834,18.826967230223328,30.825271706676226,20.793901156677183,12.035079128363789,5.0,30.06712990224944,77.45385028974252,31.668558456299657,5.950176235139495,15.867136627038652,44757.0,0.4432,22524.0,67.21116012877071,10.457690260777007,63.64132809086938,61.151315789473685,24.78520460171836,97.76315789473685,15.971312072229507,0.24671052631578946,1.9126645243650129,7.8888888888888875,33.49473962230928,31.731742747721967,29.08834793326584,13.958709336620151,25.091341286261393,7.988888888888888,8.827912906286171,0.8390240173972829,"Beltrami County, MN",Minnesota
1742,1561,2.5810582263605166,2.2557583365609464,train,29169,53443,56.86432273637333,43.13567726362667,74.81990157738151,12.156877420803475,99.29784454604831,76.0042455911169,23.293598954931426,0.7021554539516656,12.900066348614578,77.79533032131684,9.304603330068561,39.48894738068064,38.985814446437296,21.525238172882066,41.46999089572099,34.424679599411725,24.105329504867285,13.194412744784772,22.052159903333006,12.778449932389154,16.460371331603113,5.0,77.1907950983186,81.32815030774213,23.29770003239391,4.839650145772595,13.041788143828962,47931.0,0.3781,19568.0,62.0151694884791,12.740551820078833,71.88316807036469,65.82346609257266,18.985188565738707,98.38536060279871,18.81508525909637,0.05382131324004305,10.31753456954138,13.111111111111107,34.62006249649159,47.36635293677378,22.24238908743896,7.213292666953577,13.023221001815017,13.211111111111109,9.542527014127632,-3.6685840969834764,"Pulaski County, MO",Missouri
1743,45,1.094901709271574,1.894492811574746,train,1091,20306,46.547818378804294,53.452181621195706,46.6955579631636,51.42814931547326,100.0,50.497354497354486,49.50264550264552,0.0,19.18691771450909,78.07674767085805,2.736334614632874,30.77532127413363,41.51288141786953,27.711797307996825,57.32424000580425,27.403322934049196,15.272437060146553,26.149396629101425,54.95703899537343,30.38866259334691,23.58185168584093,6.0,18.70179948586118,58.33836493177154,40.14007970051926,11.8101678541239,26.204564666103124,32042.0,0.5357,21471.0,50.02605523710265,11.497395833333336,62.939976194524746,63.008356545961,23.66944397211359,97.9108635097493,19.41846624723686,0.9749303621169916,2.2604156406973317,2.888888888888889,30.084704028365998,24.411503988968782,33.91115926327194,18.368954988673305,1.876292721363144,2.988888888888889,6.649175164590063,3.660286275701174,"Marengo County, AL",Alabama
1744,2400,1.62924053973028,1.3127066715340974,train,46091,4701,51.967666453945974,48.03233354605402,85.76898532227186,0.6168900233992768,99.80638915779284,69.6999031945789,30.106485963213935,0.1936108422071636,15.508648490178835,77.60187628261507,6.8894752272060975,31.580317625618328,48.26868003124186,20.151002343139808,43.29098233653549,34.39727300898667,22.311744654477845,15.146931719965426,19.46386946386946,17.399804496578692,10.116479723899914,6.0,23.71864776444929,75.69405099150141,35.694050991501406,2.8328611898017,5.6657223796034,51788.0,0.4188,25161.0,65.16791562586735,0.5536626916524702,80.39502560351134,67.77905638665132,5.5596196049743964,99.07940161104716,15.471836137527433,0.0,4.828759838332268,5.0,27.78132312273984,25.71793235481812,32.865347798340785,19.44267177196341,13.614124654328865,5.1,3.7162186951996965,-1.3837813048003031,"Marshall County, SD",South Dakota
1745,2114,2.932082246477535,2.6767351920029343,train,39155,206373,48.73118091998468,51.26881908001532,88.77420980457715,8.347991258546418,99.05567623185092,58.8796158682977,40.17606036355322,0.9443237681490796,17.42717650472454,80.31589438227762,2.2569291129978435,28.33408461587997,47.22484032806655,24.44107505605348,56.76936160873501,25.914241035911225,17.316397355353764,17.26197539654286,42.71572347797393,16.030679189380507,14.626336977542724,3.0,32.913254035161124,68.7738978209794,38.186990371769475,6.136269406182338,15.276178191366839,43073.0,0.4316,23509.0,59.14933777959544,7.253560829282303,67.83418785130564,62.964942283026936,18.60325402638444,98.26849080803764,16.459415196978053,0.17368533561351004,1.5835404825243613,18.666666666666668,27.416861701869923,24.06904003915241,35.90925169474689,18.80187815266532,2.8777989368764327,18.76666666666667,14.537553413172251,-4.229113253494418,"Trumbull County, OH",Ohio
1746,2434,3.2184312816290506,2.7741788344050358,train,47027,7780,49.10025706940874,50.89974293059128,96.61953727506427,1.6452442159383032,100.0,69.33505487411233,30.66494512588768,0.0,13.882083945778213,83.8477870325004,2.2701290217213783,18.043611793611795,57.585995085995094,24.370393120393118,69.1275167785235,16.19569056870364,14.676792652772873,23.45662933055484,35.92233009708738,29.38448566610456,22.349421100559386,6.0,26.769378911892147,57.40283775447254,49.78408389882789,6.785934608266501,24.18260333127699,28804.0,0.4581,16881.0,48.04496578690127,6.8836893862326205,52.10815765352889,53.043968432919954,31.507791017415208,97.35062006764376,20.187901008249312,0.8455467869222096,1.8251928020565555,24.88888888888889,25.848329048843183,20.578406169665808,36.01542416452442,23.49614395886889,1.7352185089974292,24.988888888888887,16.025462033023334,-8.963426855865553,"Clay County, TN",Tennessee
1747,379,2.6302888397953126,2.738348582054921,train,12131,59487,50.727049607477255,49.272950392522745,86.92823642140301,5.1742397498613135,99.96688193409506,64.06689849312801,35.89998344096704,0.03311806590495115,15.976801111429644,78.17937239508676,5.843826493483582,24.45309490501389,49.068385945704854,26.47851914928127,42.87892438838451,31.21953473329175,25.90154087832375,17.10457447922119,41.020166073546854,16.236823252481834,17.035101471997212,4.0,40.54071219883982,71.94976585781183,39.34440187313751,4.099616858237549,12.286079182630909,44966.0,0.4942,27393.0,60.01059555869497,7.489148826601927,60.42746676706536,61.78408985426529,16.397810536071127,96.94606887589345,27.229285528106807,0.3620161514898357,5.860103888244491,13.777777777777779,25.597189301864272,25.119774068283828,36.09864340107922,18.398977927950643,7.89752382873569,13.877777777777778,15.461430717524161,1.5836529397463828,"Walton County, FL",Florida
1748,1006,2.0354316006833932,2.307760965781945,train,21039,4984,48.19422150882825,51.80577849117175,96.56902086677368,1.5650080256821832,100.0,74.22018348623854,25.779816513761467,0.0,15.575267414557786,82.4158622488912,2.0088703365510043,19.936321332353664,55.792309576291935,24.271369091354398,56.06789250353607,30.636492220650634,13.295615275813295,19.795918367346946,61.91198786039453,17.18129012534393,15.343915343915345,6.0,28.185328185328178,65.61437591063624,43.80767362797474,6.605148130160272,15.347255949490044,38829.0,0.4092,21499.0,59.10041841004185,6.637168141592921,63.07110958433528,50.16429353778752,21.058055650979046,99.34282584884994,20.50841635176916,0.6571741511500547,2.2070626003210267,7.555555555555554,28.049759229534512,25.82263242375602,32.9454253611557,19.36195826645265,1.8659711075441408,7.655555555555553,10.051892907573702,2.396337352018149,"Carlisle County, KY",Kentucky
1749,2051,2.4069451083182885,2.5324188126218417,train,39029,105987,50.16275580967478,49.83724419032522,95.25602196495797,2.3049996697708206,98.35830268233605,63.82434735803354,34.533955324302504,1.6416973176639456,14.229041260465289,82.86633211107912,2.9046266284555795,25.266636280765724,49.66271649954421,25.070647219690066,59.37214626980241,26.71951719848066,13.908336531716936,15.431553750465989,31.308805790108558,15.137021716649432,16.173271817481297,5.0,34.397235210408624,73.20550288687718,36.593247321025494,6.127782925844085,17.877254259034856,44497.0,0.4385,23348.0,62.67426490759907,8.611050317343468,66.42948923867652,59.267313482770156,21.125923546418246,97.53540760566521,16.834243495020882,0.5352960856473737,1.4407427325992812,11.0,27.166539292554745,24.875692301886076,36.25067225225736,17.775764952305472,2.4389783652712125,11.1,12.583907468500243,1.4839074685002434,"Columbiana County, OH",Ohio
1750,2875,2.0208114572284313,1.999593946866993,train,51131,12184,48.56369008535785,51.43630991464215,61.59717662508207,36.44123440577807,97.74718397997498,48.06007509386733,49.687108886107644,2.2528160200250307,19.477234401349076,76.18043844856659,4.3423271500843175,27.568154879494273,44.093243777163174,28.338601343342557,54.47218179782829,24.97481249300347,20.553005709168254,22.983667284054555,64.76391825229034,23.43123301850175,13.301362948006055,6.0,35.281429745275275,62.19512195121951,46.60823170731707,5.1067073170731705,16.73018292682927,35055.0,0.4987,22490.0,56.20191801032775,9.469341833864616,57.56936067551268,69.05845292264613,14.022919179734616,96.95484774238712,31.845597104945718,0.0,8.010505581089951,7.444444444444445,23.81812212738017,20.953709783322388,35.111621799080766,24.261326329612608,1.961588969139856,7.544444444444446,7.386056358619907,-0.158388085824539,"Northampton County, VA",Virginia
1751,886,1.7127964254212538,1.919015285414367,train,20009,27399,48.56746596591117,51.43253403408884,91.89021497134931,1.7007919997080183,99.88041853512706,64.97757847533633,34.902840059790734,0.1195814648729447,16.766556045371242,80.652830749418,2.5806132052107587,25.619418365010304,52.305930844973666,22.07465079001603,47.772834624045686,35.305102433130116,16.92206294282419,15.850165532120672,29.221789883268485,15.781947145635511,14.024751741514747,5.0,28.349542749310498,75.89775340527154,34.20307801167522,3.891738899699275,11.984786838846633,44013.0,0.4392,24338.0,68.41560744900976,6.4016706272052994,70.09132420091323,69.38189845474614,11.282343987823438,98.34437086092716,21.207508878741766,0.0,14.004160735793278,5.4444444444444455,31.424504543961447,25.822110295996204,32.31869776269207,17.343698675134128,6.408993028942662,5.544444444444445,6.814245077927716,1.2698006334832712,"Barton County, KS",Kansas
1752,1554,2.6998686753609076,2.2877116641175324,train,29155,17837,47.34540561753657,52.65459438246343,70.23602623759601,27.157033133374448,97.97748123436196,42.82735613010843,55.15012510425355,2.022518765638032,17.835139982843327,80.51937924042736,1.6454807767293145,30.402824818044248,40.08070908697846,29.516466094977304,64.10323709536307,24.243219597550308,11.653543307086615,28.870912612509972,72.85451197053408,31.624194043598404,25.615903041286746,6.0,24.706694271911665,64.81720430107526,42.9247311827957,13.275985663082436,31.6989247311828,29238.0,0.4688,16902.0,55.49335199440167,11.069076642847138,50.39539197500732,50.229182582123755,26.613296885678015,99.00687547746372,25.793224641218394,0.0,2.2761675169591298,14.777777777777779,33.95189774065145,26.153501149296407,31.653304927958732,15.30526433817346,2.6069406290295456,14.87777777777778,9.852366342192207,-5.025411435585573,"Pemiscot County, MO",Missouri
1753,2244,2.7293042074630365,2.458924821684434,train,42013,126448,48.76945463747944,51.23054536252057,95.93192458560041,1.5943312666076177,99.11845519767976,67.06609677911769,32.05235841856205,0.8815448023202564,16.148248922969106,80.5650031950199,3.2867478820110074,28.550537634408602,48.17013142174433,23.279330943847075,57.60522169705155,22.839297771775822,19.555480531172627,15.022759302156055,28.747813046738308,15.070719442252658,16.33230020102032,4.0,35.711791177321665,70.90175177332758,40.022338049143706,6.542697025512402,16.577183838225494,43981.0,0.4383,23865.0,61.00873725394797,6.0923741485296565,73.75067273992202,71.22391778262224,19.30140061170108,98.18926013257996,11.75227418910227,0.3114294612270321,1.1103378463874478,15.222222222222221,26.78096925218271,26.01464633683411,34.392793875743386,18.860717449069973,2.4737441477919777,15.322222222222218,11.692233543431541,-3.629988678790676,"Blair County, PA",Pennsylvania
1754,321,2.2082744135228043,2.830795806998843,train,12015,165783,48.688948806572455,51.311051193427545,90.49902583497706,5.606123667686071,98.71376811594205,63.47826086956522,35.23550724637681,1.286231884057971,15.013691596782474,80.29265788122541,4.693650521992128,18.83349889512843,53.12506335272772,28.041437752143857,45.57857089635646,33.63013188287013,20.791297220773405,12.189103829451243,23.502225265320096,12.530242096999025,20.467829061511765,4.0,48.37665276452936,53.18832108661768,60.065965263861045,4.346192384769538,10.571142284569136,44244.0,0.4421,26984.0,44.66359538881096,10.25571533335459,60.7469313136589,67.74220415778251,18.39843798579761,97.58128997867806,26.099068512231216,0.5497068230277186,6.518762478661866,9.0,17.455348256455732,16.706176145925696,33.09024447621288,36.85540736987507,3.89485049733688,9.1,16.95895150814204,7.85895150814204,"Charlotte County, FL",Florida
1755,927,1.9756230463738251,1.9998698581380465,train,20091,566814,48.92786698987675,51.07213301012325,86.91210873408207,4.488774095205836,99.39599120188095,78.61905385745119,20.776937344429808,0.6040087981190229,13.936310623695135,81.8634062057546,4.200283170550263,26.961136131196948,55.26057273069816,17.778291138104894,19.412431588210573,27.76164288715589,52.82592552463353,6.163637109533162,8.091117409395164,6.055060329467263,8.870689624523145,2.0,22.99180415417589,85.08931212596991,23.62573099415205,2.306414544792591,4.534552984276513,76113.0,0.4502,40331.0,74.49672307073185,4.275925491242681,86.87392350773933,71.76289153740193,5.29919355758592,96.2598071509852,10.119882740763554,0.5614781098400909,7.318450144138995,7.1111111111111125,32.143701461149504,28.728295349091592,33.45982985600215,12.194829344370465,8.599117170712084,7.211111111111112,7.38809453598301,0.17698342487189755,"Johnson County, KS",Kansas
1756,1964,2.9496883350525844,2.7043431186029654,train,37161,66865,48.54856801016975,51.451431989830255,85.35108053540715,10.183204965228443,99.3933900432297,60.45181982987031,38.94157021335936,0.6066099567703249,14.246463229276277,83.06637047429751,2.6871662964262053,24.06099664155396,48.44149950077154,27.497503857674502,50.694136291600636,33.14315900686741,16.16270470153196,19.87688098495212,42.125351546805945,20.775545524709408,21.422183146629482,5.0,27.20103622995162,65.77234541739196,42.537652312116855,7.284492545220615,23.242261409218198,35630.0,0.4414,19419.0,54.472725863939246,11.432737100387607,57.81742401138559,57.926034538937756,23.452272034156753,98.80254154447702,22.763545796482678,0.3421309872922776,3.876467509160248,19.0,27.512151349734534,24.08285351080535,35.558214312420546,18.89628355641965,4.465714499364392,19.100000000000005,14.94449670372311,-4.155503296276896,"Rutherford County, NC",North Carolina
1757,2147,2.47466924069478,1.8112771673637031,train,40045,4121,49.76947342877942,50.23052657122058,94.34603251637951,0.02426595486532395,100.0,73.34689725330621,26.6531027466938,0.0,17.833981841763944,80.09079118028534,2.075226977950713,18.024840957285672,57.770372614359296,24.20478642835504,49.095337508698684,28.94919972164231,21.955462769659015,14.529914529914533,23.02878598247809,15.216586449463165,14.358974358974356,6.0,29.541108986615683,75.43859649122807,35.08771929824561,4.2105263157894735,5.730994152046784,50855.0,0.4738,28417.0,61.24678663239074,4.879328436516263,74.18645558487246,61.575178997613364,10.993843447669306,97.61336515513126,16.842568161829373,0.0,7.085658820674594,11.777777777777779,29.483135161368605,21.305508371754428,34.21499636010677,20.62606163552536,5.629701528755157,11.877777777777776,6.118256481938911,-5.759521295838866,"Ellis County, OK",Oklahoma
1758,1620,2.1835512754360096,2.0112433377226218,train,30057,7767,52.55568430539462,47.44431569460538,95.69975537530578,0.772499034376207,99.75409836065576,86.14754098360655,13.60655737704918,0.2459016393442623,20.165526022600673,77.71765080375617,2.116823173643164,23.05535055350553,53.34317343173432,23.601476014760145,41.77173191771732,31.78500331785004,26.443264764432648,10.661812508126381,21.49253731343284,10.296624616433686,12.819514726871676,6.0,36.79938744257274,76.9664588898783,38.43870584743247,1.8996734936182844,5.4021964974769965,46250.0,0.4537,29700.0,62.48840803709428,4.872619342072718,68.94005212858384,64.7374062165059,11.077324066029536,97.9635584137192,22.024326672458734,1.5005359056806002,2.986996266254667,8.777777777777779,20.780224024719967,21.063473670657913,38.315952105059864,24.694219132226085,3.527745590318012,8.877777777777778,7.472602542433531,-1.405175235344247,"Madison County, MT",Montana
1759,2958,2.54683760751849,2.2661536399865874,train,53025,92070,50.51265341587923,49.48734658412078,71.194743130227,0.7179320082545889,99.51475504115595,72.53872973652994,26.976025304626003,0.4852449588440387,10.713098009406623,84.13859724135747,5.14830474923591,29.61975524475525,49.52651515151515,20.853729603729604,51.29043389818195,32.338037378085325,16.371528723732723,17.9207724793243,29.52978944386744,18.783558773456065,11.953340032329939,5.0,26.043601067399074,77.60063245273075,28.59872191843995,5.003623427103235,21.579155412082482,48714.0,0.4107,20251.0,66.0676981072803,9.904426798535496,55.85679990854704,53.92253332140621,18.917425599207405,97.89784417210842,28.805776778569523,1.4670364075498703,39.692625176496136,12.666666666666664,37.956989247311824,28.862821766047567,28.420766807863583,12.418811773650482,28.08732486151841,12.766666666666662,9.642241862991872,-3.12442480367479,"Grant County, WA",Washington
1760,533,1.7711787615280343,1.6709625976543607,train,13309,7956,67.8984414278532,32.10155857214681,58.10708898944194,41.65409753645048,100.0,66.2326388888889,33.767361111111114,0.0,19.86237097278699,79.1992492962152,0.9383797309978104,43.34108752544344,27.595231171852284,29.063681302704268,77.96324397234869,16.422188501095935,5.614567526555387,27.24537037037037,58.84016973125884,31.239737274220037,15.175902506323292,6.0,22.08994708994709,55.91451292246521,43.53876739562625,5.467196819085487,30.1192842942346,27620.0,0.4499,8292.0,46.5123553331248,9.952925353059852,55.06382978723404,35.537190082644635,18.29787234042553,93.74262101534828,30.085106382978722,1.4167650531286895,2.174459527400704,5.777777777777778,16.390145801910506,37.25490196078432,36.299648064353946,11.965811965811966,0.2388134741075917,5.877777777777778,5.317283739344234,-0.5604940384335446,"Wheeler County, GA",Georgia
1761,2639,1.0176432261344426,1.7675958246671388,train,48247,5239,50.60125978240122,49.39874021759878,94.67455621301777,1.2597824012216072,100.0,68.70007262164125,31.29992737835875,0.0,9.794217244073977,89.03360250065121,1.172180255274811,32.72058823529412,47.18137254901961,20.098039215686274,58.786982248520715,28.37278106508877,12.840236686390533,17.54217791411043,17.994858611825194,22.49521378430121,20.513803680981606,6.0,21.595028482651475,67.12085308056871,47.57109004739337,11.966824644549765,25.17772511848341,35521.0,0.4641,17122.0,54.9101328470956,16.22390891840607,49.28646014618865,58.59213250517599,16.045945005221025,98.13664596273293,36.6167768882701,0.0,91.9450276770376,2.6666666666666665,31.72361137621684,26.779919832029012,28.49780492460393,18.4386333269708,4.0656613857606425,2.7666666666666666,5.856755753898819,3.090089087232152,"Jim Hogg County, TX",Texas
1762,2425,2.6998686753609076,2.5122951576653785,train,47009,125188,48.41678116113365,51.58321883886635,94.15519059334758,2.902035338850369,98.75173370319,72.56063275480751,26.191100948382502,1.2482662968099858,13.257819139013824,82.92225423342384,3.819926627562335,23.146820630061608,53.838105940248774,23.015073429689608,47.29484592186118,29.888211151674565,22.816942926464247,14.09442982920532,24.764815433837924,14.336412998473964,15.703618887885435,3.0,33.1991706305647,73.97263067729897,37.39318418208145,6.793384047478229,15.744498602981665,48286.0,0.4557,25916.0,61.60516150242457,7.292708958708558,71.84026675134962,65.37224264705883,16.159892029215627,98.90625,16.691806922832644,0.045955882352941166,2.969134421829568,14.777777777777779,27.50023963958207,25.114228200786012,35.752628047416685,17.77406780202575,2.942774067802026,14.87777777777778,12.33320424950977,-2.5445735282680104,"Blount County, TN",Tennessee
1763,153,2.538096293116917,2.638040940916234,train,5089,16458,49.65366387167335,50.346336128326655,96.579171223721,0.2551950419248997,99.26829268292684,66.02787456445994,33.2404181184669,0.7317073170731708,13.37650736936132,81.47982730385587,5.14366532678279,17.792106568412102,56.77035357471835,25.43753985686955,58.00762631077218,28.76549094375596,13.226882745471876,18.846106532168776,37.487828627069135,20.592459605026924,24.785328753680076,6.0,48.61642625846336,56.87210864050142,54.76794508282346,7.40188031637069,17.922698104760485,34195.0,0.4089,17779.0,46.7991662944767,10.736440273580405,56.8056902683479,66.28158844765343,27.556848798361894,99.78339350180504,22.987390882638216,0.0,2.2420707254830483,12.555555555555555,22.35387045813585,18.14315226637502,38.467614533965246,25.95090533479159,3.1656337343541137,12.655555555555553,13.985777787086246,1.3302222315306924,"Marion County, AR",Arkansas
1764,2365,1.3552622518721622,0.924552484415812,train,46021,1548,47.22222222222222,52.77777777777778,95.09043927648578,0.0,100.0,96.07329842931938,3.926701570680628,0.0,20.754716981132077,77.87307032590051,1.3722126929674099,17.333333333333336,65.72549019607844,16.941176470588232,52.10237659963437,26.051188299817184,21.846435100548444,9.06148867313916,10.818713450292401,9.689557855127,13.436692506459947,6.0,24.1852487135506,72.03513909224013,40.4099560761347,2.781844802342606,4.099560761346998,45170.0,0.5416,30998.0,63.37907375643225,0.5412719891745602,89.08629441624365,64.02116402116404,4.9492385786802044,98.4126984126984,8.121827411167514,0.7936507936507936,0.1937984496124031,3.7777777777777777,32.816537467700265,16.408268733850132,34.496124031007746,24.41860465116279,4.909560723514212,3.877777777777778,2.5207399375002306,-1.3570378402775476,"Campbell County, SD",South Dakota
1765,2900,1.561647248597752,1.6553429693440918,train,51183,11864,68.5266351989211,31.47336480107889,39.034052596089005,57.09710047201618,100.0,49.10765687967761,50.8923431203224,0.0,22.120582120582124,76.96465696465697,0.9147609147609148,48.87613116668288,25.639778145373164,25.48409068794395,69.60643809943777,20.813581744019398,9.579980156542831,20.54608538241062,40.225261464199534,21.421471172962228,16.782372472079686,2.0,31.063155810730553,70.27627818355033,39.94919021911719,6.954588758335979,16.73547157827882,39194.0,0.4365,15143.0,56.01064919107106,6.837294332723949,71.31367292225201,69.7903014416776,18.52844801906464,95.87155963302752,15.668751861781352,0.0,3.261968981793661,4.666666666666667,16.967296021577884,37.89615643964936,33.51314902225219,13.764329062710722,3.868846931894808,4.766666666666667,5.234875015980033,0.4682083493133664,"Sussex County, VA",Virginia
1766,3040,2.4932054526026954,2.4082868312861185,train,55001,20451,53.948462177888615,46.051537822111385,93.18859713461443,3.0511955405603635,97.00350653490595,57.63468281797898,39.368823716927,2.996493465094039,14.386073981970778,80.89524401616413,4.718682001865092,24.995807010678142,48.370324816906134,26.63386817241572,56.45610344614243,30.724494215182823,12.81940233867475,14.108316811019511,35.7556843513152,13.376468106055276,20.215031423674237,6.0,41.8564327823373,60.22347803750321,53.365014127921896,5.972257898792706,15.72052401746725,43640.0,0.4112,22783.0,50.664018865582726,9.921607055365016,64.06726415965997,71.68777168777169,26.13877852721057,98.56359856359856,14.801810958144696,0.189000189000189,3.8335533714732777,12.0,19.759424966994285,20.957410395579675,37.45538115495575,26.223656544912227,3.760207324825192,12.1,11.114903120636797,-0.9850968793632031,"Adams County, WI",Wisconsin
1767,1440,2.7365296724240786,2.1873615091000813,train,28091,26109,48.68436171435137,51.31563828564863,65.76276379792408,32.29537707303995,100.0,57.27758566488525,42.72241433511474,0.0,12.599546437424186,85.15373661726701,2.246716945308792,25.99394259891352,47.117927022739295,26.888130378347203,59.7935792895022,27.159719450305072,13.046701260192735,28.357440063404013,76.93397563049022,30.52233676975945,21.094150593618114,6.0,23.054711246200608,66.55797839820664,39.036070919095174,10.362747095985329,21.91766863664153,30668.0,0.5155,19491.0,54.26254541624981,10.490053372149443,53.8932924798508,53.51935646053293,22.70032638380071,97.28506787330316,26.75681076400453,0.9803921568627452,1.4056455628327396,15.333333333333336,30.694396568233174,26.9332414110077,32.663066375579305,16.009805048067715,1.9418591290359648,15.433333333333332,8.91166871071357,-6.521664622619761,"Marion County, MS",Mississippi
1768,1673,1.2653814324545796,1.387428968996746,train,31051,5866,49.727241732015,50.272758267985,95.56767814524378,0.3920900102284351,99.66352624495285,74.76446837146703,24.89905787348587,0.3364737550471063,15.658445788738947,80.87482550023266,3.4667287110283844,23.379978471474704,56.46932185145318,20.150699677072122,50.867924528301884,30.842767295597486,18.28930817610063,11.857638888888893,25.60137457044673,9.838998211091235,13.959522573949142,4.0,27.89581905414668,78.52494577006506,34.924078091106296,2.9934924078091103,7.158351409978309,51223.0,0.4014,24286.0,69.918509895227,4.3623043623043625,76.03432424149554,66.37596899224806,9.837572785779956,98.25581395348836,17.376647257125345,0.2906976744186047,11.694510739856806,3.4444444444444446,32.25366518922605,22.19570405727924,33.66859870439823,18.80327309921582,4.040231844527787,3.5444444444444447,4.004541007151514,0.460096562707069,"Dixon County, NE",Nebraska
1769,604,2.48398029492787,2.481304166640486,train,17031,5236393,48.45405988435169,51.545940115648314,56.84258228899169,23.98259641703745,99.55935932669905,62.06859337156625,37.49076595513279,0.4406406733009567,15.867124025404769,78.23099450724102,5.901881467354222,41.22174491996999,39.03978128477272,19.738473795257303,38.66137393668797,25.56935908530498,35.769266978007046,17.07094475315813,33.280895361490046,17.250798275930855,10.397494741070798,1.0,14.215245648221055,79.12482970561912,25.17140094052422,5.330889637918247,16.464217721526804,55251.0,0.5027,31013.0,68.4133011800225,10.41483383125489,66.32090971453512,56.39186811165682,15.297814763989804,94.42651109070988,20.32905392896187,1.8482697993837025,24.73126062157673,11.888888888888893,29.29640689688493,32.702816614413784,31.75827329996049,12.659152970374837,19.174821293970872,11.988888888888894,11.956847976117727,-0.032040912771167385,"Cook County, IL",Illinois
1770,585,1.9120085973796321,1.9893317272067084,train,16081,10285,52.29946524064171,47.70053475935829,92.34807972775889,0.2333495381623724,99.76279227380549,74.82209420535413,24.940698068451372,0.2372077261945104,11.944368693755115,78.19743659667303,9.858194709571858,29.96254681647941,51.362520986697646,18.674932196822933,29.966887417218537,30.2528597230584,39.780252859723056,10.799766491535316,18.56625050342328,9.708302169035155,9.40204180845892,5.0,12.762476138532861,90.4576976421637,15.894590846047153,2.690707350901526,8.349514563106796,53474.0,0.3749,24118.0,78.45650395418598,8.220368439346544,70.68991892305338,57.34002509410288,6.027229616031819,100.0,25.378614043139052,0.0,17.42343218279047,6.666666666666668,35.157997083130766,29.742343218279053,33.81623723869713,7.74914924647545,7.418570734078755,6.7666666666666675,7.310646623280712,0.5439799566140442,"Teton County, ID",Idaho
1771,883,2.0780516873907815,2.0673151781434154,train,20003,7896,49.6580547112462,50.3419452887538,95.14944275582572,0.11398176291793312,98.54782173259888,76.76514772158238,21.78267401101652,1.4521782674011017,17.709053213545264,80.90877677954389,1.38217000691085,17.88409054422861,58.05105153315139,24.06485792262001,48.45264727815064,35.06711409395973,16.480238627889637,17.506426735218508,40.04237288135593,15.893642542982807,13.97228637413395,6.0,30.869638921851163,71.15853658536584,41.46341463414634,5.243902439024391,11.554878048780491,40696.0,0.3989,21226.0,64.34362601345524,6.005361930294908,69.45292322141347,70.6111833550065,15.308757924395401,98.04941482444734,19.981216247945518,0.975292587776333,0.44326241134751776,7.8888888888888875,32.054204660587644,22.65704154002026,31.547619047619047,20.504052684903744,4.736575481256333,7.988888888888888,7.903574916114893,-0.08531397277399488,"Anderson County, KS",Kansas
1772,522,1.789905900578732,1.7242834302528556,train,13287,8338,51.379227632525776,48.62077236747421,55.61285680019189,40.981050611657466,100.0,47.40321057601511,52.59678942398489,0.0,14.202200825309491,82.65130674002751,3.1464924346629988,35.402403773010796,39.875247223490035,24.722349003499165,61.82512270496273,26.522450463552083,11.652426831485185,25.388276553106213,75.33112582781456,23.520741208675513,20.804108216432862,6.0,20.30546623794212,65.44971788914702,37.27182210421507,15.632260205774974,27.215399933620976,31806.0,0.5032,18227.0,56.478008864643705,12.466042861454875,46.34201077199282,57.16312056737589,21.027827648114894,96.80851063829788,35.4802513464991,0.0,4.269609018949389,5.8888888888888875,31.158551211321658,26.984888462461022,30.091148956584316,17.522187574958018,3.406092588150636,5.988888888888888,5.608500707510719,-0.3803881813781693,"Turner County, GA",Georgia
1773,195,3.2272848144495767,2.894895496794695,train,6023,135034,50.01184886769258,49.98815113230742,81.3284061791845,1.270791060029326,99.27290913287682,59.81765022697546,39.45525890590137,0.7270908671231823,15.790980672870436,73.12813171080887,11.080887616320686,38.40275935261342,38.98558415141064,22.611656495975947,35.403212452392786,36.60650218027267,27.99028536733455,21.39031745911166,31.070774862721173,26.30498848627301,16.740568220838746,5.0,25.07100177043376,74.67003544762049,31.597405535862432,8.33584734897051,11.914548608492346,42197.0,0.4575,23367.0,60.11564455104071,10.179844433791578,56.41101502048247,63.90736884871261,25.843195266272197,98.58818749682597,22.14155666818389,0.28439388553146105,10.581779403705733,25.11111111111111,26.46148377445681,33.536738895389306,32.147459158434174,14.732585867263058,17.400802760786174,25.211111111111112,18.081611756134798,-7.129499354976314,"Humboldt County, CA",California
1774,737,2.267533454935127,2.367634708149346,train,18093,45814,49.410660496791365,50.589339503208635,96.70624699873402,0.3732483520321299,97.86573535118357,71.35234769111369,26.513387660069853,2.1342646488164534,13.502243184171169,84.96491429886116,1.5328425169676752,19.980217606330367,55.35862271767317,24.66115967599648,55.60589963127305,30.613711643022324,13.780388725704643,13.046096206596642,22.505203869229828,13.015831819361534,16.492767107507586,5.0,33.224287204940914,74.04563642262355,35.979236509138104,5.8883962366172815,12.452687358062072,45875.0,0.4082,23404.0,62.345235701358774,6.045247200847808,68.94362061371311,70.43742566406766,15.405226838937015,98.16307651645302,19.490530024959625,0.0,1.4842624525254289,9.555555555555557,28.94748330204741,24.717335312349935,35.1988475138604,17.536124328807787,2.9205046492338593,9.655555555555557,10.672119729584326,1.016564174028769,"Lawrence County, IN",Indiana
1775,780,2.145281299175379,1.8236403350100476,train,18179,27796,49.320046049791344,50.67995395020867,96.8232839257447,0.6907468700532451,99.60124058484712,73.47511445872102,26.126126126126128,0.3987594151528577,14.086362527445715,83.98145889241279,1.9321785801414981,21.770636420919967,56.81429471599603,21.415068863083984,51.0989010989011,31.334684732742986,17.566414168355912,12.153964927760008,25.23452157598499,10.562887153245354,13.058646395652016,3.0,25.31017369727047,78.66309666697444,32.41621272274028,4.136275505493491,8.955775090019387,51101.0,0.3844,24253.0,67.44379276637339,3.695919994202478,78.48148377892191,63.563032956902504,12.027789839339993,99.42383037566259,13.032690279759322,0.0,2.4607857245646856,8.444444444444445,31.252698229961144,24.438768168081737,34.26032522665132,16.93049359620089,2.485969204202044,8.544444444444444,6.194367026798969,-2.3500774176454753,"Wells County, IN",Indiana
1776,2993,2.4069451083182885,2.520458510057649,train,54017,8201,53.34715278624557,46.65284721375443,96.67113766613829,1.0852335081087672,98.15068493150685,68.49315068493149,29.65753424657534,1.8493150684931507,13.15875081327261,81.89655172413794,4.94469746258946,29.808242701774468,42.787635947338295,27.404121350887237,62.45762711864407,24.05084745762712,13.491525423728815,15.705424310413092,21.50170648464164,17.986577181208055,16.964285714285715,5.0,27.039976044318013,59.16230366492147,50.29917726252805,6.806282722513089,16.379955123410618,39974.0,0.4032,19992.0,48.67544287339509,6.611018363939898,55.429053341766824,66.95035460992908,26.713050811722546,99.43262411347516,23.10773771874341,0.0,0.4267772222899646,11.0,25.59443970247531,26.338251432752102,37.91001097427143,17.19302524082429,2.2436288257529573,11.1,12.434296606791044,1.3342966067910442,"Doddridge County, WV",West Virginia
1777,1402,1.437726534752161,1.8805239135940768,train,28015,10338,50.26117237376669,49.73882762623331,64.82878699941962,33.565486554459284,100.0,64.32354357246028,35.67645642753972,0.0,11.06156323547628,88.50489285271894,0.43354391180478136,27.17251084789492,51.71807200656738,21.109417145537698,58.37202950013658,27.997814804698173,13.630155695165255,20.592300098716684,44.45224719101123,21.948640483383684,17.901477832512317,5.0,23.90119869233564,65.67406605305901,42.60963724959394,7.634001082837032,11.640498105035192,37289.0,0.48100000000000004,20627.0,51.33159915768611,11.196911196911195,58.63040955065495,49.461312438785505,25.61764218205936,97.45347698334965,19.76454982589952,1.9588638589618024,0.4159411878506481,4.111111111111111,26.10756432578836,24.04720448829561,35.60650029019153,20.236022441478042,1.605726446121107,4.21111111111111,6.556939232055271,2.3458281209441605,"Carroll County, MS",Mississippi
1778,197,2.2789752273549118,2.1988222073570443,train,6027,18373,50.14967615522779,49.85032384477221,82.7300930713547,1.066782779077995,99.50352756728508,60.256075254768746,39.24745231251633,0.4964724327149203,21.85729652205092,74.19863750448191,3.944065973467192,29.797416901593127,42.798138071199105,27.404445027207764,43.253248715624046,32.89513448171653,23.85161680265941,11.366963179822092,16.476190476190474,11.911379337727304,12.936322069811533,6.0,32.17528893780957,71.39625486992584,38.24305642830213,6.0701269322609015,9.33769008420259,45955.0,0.4248,27850.0,62.74190118380945,6.790193198508643,69.21965317919076,64.15347464448618,18.46820809248555,97.96082640193184,17.186897880539494,0.0,20.562782343656448,9.666666666666666,26.69678332335492,23.730474065204376,34.4908289337615,20.949218962608175,16.203124149567298,9.766666666666666,9.014390162204181,-0.7522765044624844,"Inyo County, CA",California
1779,2929,2.806050362353744,2.242930474972492,train,51690,13624,45.17762771579565,54.82237228420435,49.61832061068703,45.93364650616559,99.40769990128332,40.44093451793353,58.96676538334978,0.5923000987166831,23.386543923220053,73.78317500734502,2.8302810694349234,31.941431670282,35.0234996384671,33.0350686912509,51.60306948386418,30.610743193524648,17.786187322611166,23.56378538362297,41.018251681075895,28.172715894868574,21.008213397633934,5.0,26.28690386071158,62.95031586136247,42.73518866313813,11.661260030732455,28.308007512378353,29587.0,0.5272,21899.0,55.11141516810007,10.675651711296329,55.82371458551941,54.8696319018405,24.960650577124877,98.38957055214723,23.858866736621195,0.6134969325153374,4.536112742219613,16.444444444444443,27.869935408103352,24.251321197886075,32.99324721080446,20.3904873752202,4.448032883147388,16.544444444444444,9.420898582594946,-7.1235458618494985,"Martinsville city, VA",Virginia
1780,241,1.8440707637960658,2.4457301119320594,train,6115,73437,50.79183517845228,49.208164821547726,70.0872857006686,3.3443631956643105,99.24474979291529,64.47887735711153,34.76587243580373,0.7552502070847342,9.77744144983216,84.83225643712284,5.3903021130449975,30.447441278913995,47.06081986246316,22.491738858622842,44.150868178596745,41.51311126860382,14.336020552799432,21.94430225640884,43.36301802117664,22.955407969639467,17.3250270703548,4.0,38.30213116684328,74.67679700863201,31.564501372369623,9.817415171645653,18.01583197422332,46892.0,0.4233,20471.0,58.74816838937071,14.365162290606357,53.67279585101368,61.54417223459539,29.89627534181989,97.31502103439743,21.206977840641198,0.7176441474882455,26.704522243555694,6.222222222222222,35.187984258616225,31.16548878630663,29.604967523183134,11.10747988071408,26.568351103667087,6.322222222222222,11.53897126468942,5.216749042467199,"Yuba County, CA",California
1781,1884,2.25595925165399,2.336674630940945,train,37001,155258,47.67483801156784,52.32516198843216,70.77960555977792,18.325625732651453,99.4704844087076,59.35617628106351,40.11430812764408,0.5295155912924103,15.47880799881808,80.61737943980464,3.903812561377285,29.613655353519274,46.640671626944645,23.74567301953607,45.32038722504803,33.06855582044031,21.611056954511675,19.206401693009727,41.09725091371365,19.276052620726627,14.69975939244972,4.0,25.34751571248044,74.97278414168494,33.03111544398408,5.092208952798765,16.288894304980097,41814.0,0.4608,23434.0,64.14936708860759,7.535156609705722,66.59267130277429,60.69341976203676,13.9335725031825,97.62036760629452,22.777245899569703,0.9765874877393492,11.871852014066908,9.444444444444443,30.32243105025184,28.019168094397717,33.38829561117624,15.590823017171422,10.894768707570622,9.54444444444444,10.34677245456977,0.8023280101253292,"Alamance County, NC",North Carolina
1782,2853,1.9909138641722421,2.070059911118804,train,51083,35506,47.60885484143525,52.39114515856475,60.49400101391314,36.92615332619839,99.80026631158456,62.5965379494008,37.20372836218375,0.1997336884154461,16.828954620613633,81.03986772000734,2.131177659379019,27.752629250195703,46.03315067560669,26.214220074197605,56.723668101575754,27.79906006871766,15.477271829706568,19.210291535959946,34.31248873670932,21.182790924832393,18.465827441512907,6.0,25.968548963545388,65.79020979020979,43.93006993006993,7.195804195804197,17.447552447552447,35240.0,0.4442,19782.0,55.94854126960856,7.428758598100232,64.28678266939222,58.392140583921396,17.669641521663262,98.82385498823857,22.70030413322032,0.16604400166044,1.8898214386300909,7.222222222222222,27.279896355545546,22.27792485777052,35.37993578550105,21.173886103757113,2.5798456598884703,7.322222222222222,7.925297917091537,0.6030756948693154,"Halifax County, VA",Virginia
1783,590,1.7711787615280343,2.1573448861372233,train,17003,7364,49.3481803367735,50.6518196632265,61.62411732753939,34.424225964149926,98.52857951329938,38.143746462931524,60.38483305036786,1.4714204867006226,17.658276125095345,79.13806254767353,3.203661327231121,33.97129186602871,34.99658236500343,31.03212576896788,58.129670773581104,33.83154918198344,8.038780044435468,34.19382141345747,140.55555555555554,35.79214195183777,22.220662549129706,4.0,29.80167947114525,60.85476550680786,40.809379727685325,10.136157337367626,30.90015128593041,27265.0,0.4588,14729.0,51.54004106776181,13.07497283592901,43.731343283582106,49.58863126402393,35.149253731343286,99.25205684367987,26.14427860696517,0.0,1.6023900054318303,5.777777777777778,29.53557848995111,26.480173818576862,31.192286800651818,18.33242802824552,3.951656708310701,5.877777777777778,8.64814533778239,2.770367560004612,"Alexander County, IL",Illinois
1784,821,1.296248080435107,1.6418164429231255,train,19077,10740,49.51582867783985,50.48417132216015,97.71880819366852,0.7541899441340782,99.21030756442228,72.19451371571074,27.015793848711557,0.7896924355777223,15.772058823529413,81.86274509803921,2.3651960784313726,20.309653916211293,57.377049180327866,22.31329690346084,47.307189542483655,33.464052287581694,19.22875816993464,11.368161562529625,17.37820190858865,11.594399891260025,13.035276362950388,3.0,33.31730769230769,74.72308373947719,37.57199822773593,4.452813469206912,10.434204696499776,51013.0,0.4451,28946.0,66.81307955100048,5.021913805697589,80.86164043082022,69.59740860712633,12.676056338028168,99.6298010180472,10.886495443247721,0.0,2.1229050279329607,3.5555555555555562,28.71508379888268,21.554934823091248,35.018621973929235,21.024208566108005,1.5270018621973929,3.6555555555555563,5.1645420932148465,1.5089865376592901,"Guthrie County, IA",Iowa
1785,722,1.9600947840472698,2.183369534504025,train,18063,153435,49.85563919575065,50.14436080424935,89.2957930068107,5.765959526835468,99.80601840338223,77.91842825167869,21.88759015170356,0.1939815966177568,10.640051443217736,87.29406863322254,2.065879923559726,24.319628933849806,56.32491562900035,19.35545543714984,35.174957611573284,31.43089447016945,33.39414791825727,4.9963760647387785,5.789961594490796,5.068493150684932,10.279753248736695,2.0,27.48281992093184,83.55046475883773,26.268023128156337,3.302715362658274,5.747273658786503,70163.0,0.3752,30364.0,72.29184222687363,5.090120578576621,84.84237536656892,71.78715429609859,7.1545627048473355,97.60917712533363,10.691952734172848,0.4088818217956727,3.435330921888748,7.0,33.58164695147782,27.62342359956985,34.192980741030404,11.9307850229739,4.938247466353832,7.1000000000000005,8.876164468777073,1.7761644687770728,"Hendricks County, IN",Indiana
1786,1267,2.3867219722002453,2.690100294948656,train,26085,11426,51.03273236478208,48.96726763521792,87.4584281463329,7.894276212147733,99.0325865580448,62.27087576374746,36.76171079429735,0.9674134419551934,16.41856875068916,78.81795126254273,4.763479986768112,26.634898104025144,43.3336712967657,30.03143059920917,59.593089338486024,31.029779495339852,9.37713116617413,28.74273255813953,96.9104016477858,32.343954604975984,23.6820689031558,6.0,36.4654899059296,49.873997709049256,53.287514318442156,8.728522336769759,25.79610538373425,30439.0,0.4378,16679.0,41.27542605827378,13.319126265316994,47.94388001935173,65.72218382861091,38.171262699564586,98.13407049067035,18.4163844541203,1.0711817553559089,2.450551374059163,10.777777777777779,22.728863994398733,19.0792928408892,37.93103448275863,25.800805181165764,4.6472956415193405,10.877777777777778,14.733153507218633,3.855375729440855,"Lake County, MI",Michigan
1787,2342,1.8440707637960658,1.7676238573019234,train,45065,9895,54.99747347145024,45.00252652854979,49.701869631126826,48.18595250126327,99.49958298582152,37.86488740617181,61.634695579649716,0.5004170141784821,14.663786119362678,83.66189576019444,1.674318120442884,29.64511754068716,46.9371609403255,23.417721518987346,51.440329218107,30.57737872552687,17.98229205636613,19.51247823563552,57.8042328042328,20.135966332146328,20.554460039438574,6.0,35.99303135888502,56.60754434174369,56.05795653260055,5.795653260054959,17.711716212840372,38712.0,0.4782,22201.0,46.52384801940178,14.190558934260066,69.2591787964371,56.61582121319617,18.83554203780143,97.80063852429943,16.923745383445578,0.24831500532103584,1.1622031328954017,6.222222222222222,16.695300656897427,23.395654370894388,34.45174330469934,29.16624557857504,2.112177867609904,6.322222222222222,5.856919936495115,-0.4653022857271072,"McCormick County, SC",South Carolina
1788,2284,2.3555991282796627,2.300942410833949,train,42093,18508,48.379079317052096,51.620920682947904,94.3537929543981,1.6803544413226714,96.40781827786579,68.25145272054941,28.15636555731643,3.5921817221341787,16.607117336001142,81.02043733028441,2.3724453337144493,29.592901878914407,48.29723382045929,22.109864300626306,50.40077908457562,20.81803880440482,28.781182111019554,9.874661246612467,15.104000000000001,9.947032248013713,14.173976199787695,4.0,31.15045457652608,72.30352303523036,35.86720867208672,5.2981029810298095,10.311653116531165,54648.0,0.4662,30272.0,62.93488273223269,6.631389326728214,79.40442060482752,75.63636363636364,14.390086007583466,93.66666666666669,9.82151114399334,1.0,2.3989626107629136,10.444444444444443,26.880267992219586,25.475470066998053,34.152798789712556,19.424032850659174,3.965852604279232,10.544444444444443,9.98358666303776,-0.560857781406682,"Montour County, PA",Pennsylvania
1789,1349,1.410986973710262,1.3233233761325034,train,27083,25699,49.8774271372427,50.12257286275731,89.67664111444023,2.9261838982061565,99.12905779889151,69.08946951702296,30.03958828186857,0.8709422011084721,16.522553285234345,77.60643278074572,5.871013934019937,33.53793272771913,49.59489319911614,16.867174073164744,42.992366412213755,31.218320610687023,25.789312977099236,14.076246334310849,25.29684041054538,13.635518075277488,10.433070866141733,5.0,22.44887419954555,81.0604539064069,26.491263305884715,3.1833701546495283,10.865635669813216,51600.0,0.4546,28010.0,74.8061203102075,5.274586718968899,80.00508938227622,71.67904903417535,14.568356765697562,97.5631500742942,8.49290667345251,0.08915304606240712,6.253161601618737,4.0,32.19191408226001,30.97007665667925,30.394178761819525,14.008327172263513,7.397174987353594,4.1,3.755882870164414,-0.3441171298355856,"Lyon County, MN",Minnesota
1790,2330,1.8786165133213217,2.119112672569491,train,45041,138330,46.763536470758325,53.236463529241675,54.89553965155787,41.74437938263573,99.4929611071343,54.19052732044858,45.30243378668576,0.5070388928656645,14.10766322753406,82.6976844923998,3.1946522800661583,32.707847743082326,43.731691169135054,23.56046108778263,49.54402979369396,28.796566298614067,21.65940390769197,19.848628473250784,38.96403965720047,20.760192357804467,16.03530736715859,4.0,25.349204072852434,75.1152429263024,33.716512045055644,6.76606168148591,19.98958473971493,42080.0,0.475,22877.0,63.64552839223745,11.680221755155502,63.995905785458405,58.35118332375529,20.05093964604087,98.34909356877905,19.772437842920226,0.27689253435034744,2.3754789272030647,6.4444444444444455,30.682426082556205,27.854406130268195,33.480083857442345,14.386611725583748,3.360080965806405,6.544444444444445,8.323748319658089,1.7793038752136434,"Florence County, SC",South Carolina
1791,2279,2.3555991282796627,2.2554454449924624,train,42083,42884,51.36880887976868,48.63119112023132,94.76028355563848,2.37151385131984,98.19486230039342,56.306410553112705,41.88845174728072,1.8051376996065724,17.203783870450536,79.76911976911977,3.027096360429694,31.03949871321473,43.596844578717686,25.363656708067584,58.468823470975856,24.848504917381373,16.682671611642768,17.22181598124007,33.045839322791885,17.920054200542005,17.136271119939188,5.0,33.28155225980421,71.32183908045977,38.78735632183908,8.5,17.178160919540232,43965.0,0.4491,23554.0,61.637394120577966,8.77582983883191,71.77438683390591,73.42469624187625,21.69050091875049,99.23707261938401,11.612207397938805,0.0,2.0077418151291857,10.444444444444443,27.212946553493147,26.301184590989646,35.53073407331406,17.73155489226751,2.8682025930416937,10.544444444444443,9.539541704946272,-1.0049027394981707,"Mc Kean County, PA",Pennsylvania
1792,1669,1.5846897427449065,1.4848686677246,train,31043,20798,48.56236176555438,51.43763823444562,68.5113953264737,4.135012982017503,99.71723220226214,73.05389221556888,26.66333998669328,0.28276779773785765,9.419837804117279,87.52339363693079,3.056768558951965,27.186686146223717,54.53217302928286,18.281140824493423,61.33364750235627,27.505497957901355,11.160854539742381,17.166212534059948,28.528974739970284,17.737350767481523,8.424837236420172,4.0,21.424199143032038,81.9753086419753,26.72153635116598,2.3731138545953363,13.031550068587105,49786.0,0.4173,20543.0,72.54726093555955,6.790299572039943,71.61582852431988,59.179357021996616,9.554822753503707,99.23857868020306,21.69002473206925,0.0,37.142994518703716,4.777777777777779,36.426579478796036,28.502740648139238,30.195211077988272,12.010770266371765,27.3535916915088,4.877777777777779,4.414385623398467,-0.4633921543793118,"Dakota County, NE",Nebraska
1793,1152,2.6302888397953126,1.9681125395342989,train,22091,10818,48.567202810131256,51.432797189868744,44.56461453133666,52.68071732298022,100.0,47.21099434114794,52.78900565885206,0.0,15.645927188603434,82.01631559722391,2.3377572141726533,34.00800457404231,39.78273299028016,26.209262435677534,65.86611456176674,24.140786749482398,9.993098688750862,26.914371935118822,55.00650195058518,32.324533161622675,22.72302225547036,3.0,20.026366251198464,66.2309368191721,36.020334059549754,14.20963447107238,29.557007988380533,35437.0,0.4785,18620.0,50.92457420924574,13.807931199235544,48.25500232666357,48.61816130851663,25.76392120366061,95.5442752397067,32.123468279820074,0.05640157924421885,0.14790164540580514,13.777777777777779,30.051765575892034,28.064337215751532,32.353484932519876,16.712885930855986,2.7546681456831212,13.877777777777778,7.157154884722897,-6.720622893054881,"St. Helena Parish, LA",Louisiana
1794,2487,3.027984317391179,2.537757318184976,train,47133,22100,49.22171945701358,50.77828054298642,97.6787330316742,0.8099547511312217,99.42231075697212,79.88047808764941,19.54183266932271,0.5776892430278884,13.568618099439608,82.87826397996899,3.5531179205913914,18.931849791376923,59.96105702364394,21.107093184979135,64.7988038744068,21.835792758239613,13.365403367353576,21.455163855310925,42.73799252228933,23.37643255950632,16.92272414583811,5.0,23.1093667623455,65.69211739570449,41.57202293939053,6.1171708085010685,13.977285505453727,35287.0,0.4531,19244.0,53.79803395889186,7.342192691029902,63.9498432601881,59.726708074534166,22.037617554858933,98.53416149068323,18.315047021943574,0.024844720496894408,1.248868778280543,20.555555555555557,28.823529411764714,24.04524886877828,34.520361990950235,18.719457013574658,1.51131221719457,20.65555555555556,12.651266366477296,-8.004289189078262,"Overton County, TN",Tennessee
1795,2566,0.43466426280042675,1.3196680594722443,train,48101,1510,52.05298013245033,47.94701986754967,83.24503311258277,10.463576158940398,100.0,72.84263959390863,27.15736040609137,0.0,16.48745519713262,80.55555555555556,2.956989247311828,15.601023017902813,61.21057118499573,23.18840579710145,55.58712121212122,29.16666666666667,15.24621212121212,22.742474916387962,64.06926406926407,20.779220779220786,19.66887417218543,6.0,19.892473118279568,76.06299212598425,46.771653543307075,7.086614173228346,17.79527559055118,34955.0,0.4263,18926.0,58.51254480286738,7.656967840735067,43.7057991513437,59.41320293398533,13.578500707213578,97.55501222493885,44.27157001414428,0.0,28.07947019867549,1.4444444444444444,30.529801324503307,16.29139072847682,30.529801324503307,27.086092715231786,6.291390728476823,1.5444444444444445,3.742178990203998,2.1977345457595536,"Cottle County, TX",Texas
1796,2979,2.3014733641413554,2.4603507249131615,train,53067,262723,49.02349622986949,50.97650377013052,82.58622199046144,2.8398731744080266,99.22228531117192,68.53008482596053,30.692200485211373,0.7777146888280941,13.469182414998851,80.0256024546478,6.505215130353353,28.330163524827057,49.55342991926312,22.11640655590983,29.26282868835187,37.384799653983066,33.35237165766505,12.391624912180474,19.669597543910946,12.666971944245887,12.530402245088869,3.0,43.595273397133504,77.3362824097982,29.87011721604584,4.152741374438523,14.288080599429026,61677.0,0.4041,29741.0,64.85674082218311,8.303524215372175,75.30714441230444,74.86807739459516,15.969021181300738,97.34555727306645,14.291312867406926,0.5436810404562656,8.059439028939224,9.888888888888893,28.464580565843114,29.743494098346925,33.42988622998367,14.583039931791276,14.573904835130536,9.98888888888889,11.708917428968478,1.7200285400795874,"Thurston County, WA",Washington
1797,2874,1.928295602354331,2.0285156316378483,train,51127,19560,51.35480572597138,48.64519427402863,81.64110429447851,12.254601226993866,99.27755767886272,71.80144488464228,27.476112794220466,0.722442321137264,9.092143681673116,88.06953215182995,2.8383241664969105,22.771233725976444,58.58028518288904,18.64848109113453,42.947003108958135,32.47053719904562,24.58245969199624,6.979802230170419,12.927152317880793,6.031631919482387,10.883280757097793,2.0,38.91402714932128,82.27154404712974,33.42923688176462,4.808877928483353,7.014659542403067,73041.0,0.379,33689.0,70.37137619661891,6.116739025566813,85.55629469482787,79.35627081021087,5.8456677199401295,98.55715871254162,10.086479294861133,0.0,2.4335378323108383,6.777777777777778,28.834355828220858,22.423312883435578,41.61554192229039,14.023517382413086,6.104294478527606,6.877777777777777,7.602792633979871,0.7250148562020939,"New Kent County, VA",Virginia
1798,2290,2.2204104848050292,2.2528741408655417,train,42105,17377,50.043160499510854,49.95683950048914,97.75565402543593,0.5754733268113023,99.73368841544607,73.66178428761653,26.071904127829555,0.2663115845539281,15.025441484585452,80.37264292128106,4.6019155941334935,25.05774480296773,50.18548330650241,24.75677189052985,60.420045410314636,23.88906908855011,15.690885501135256,15.035394605979054,25.628823929299802,15.680856575425265,18.628251487227335,6.0,34.80467887883469,66.77162992952466,45.37411905832959,6.8526015894436965,13.600239916029384,40654.0,0.4412,22318.0,55.402882533044576,6.820326189513412,68.4659090909091,68.995756718529,20.992288961038962,98.33097595473835,15.22930194805195,0.2545968882602546,1.1106635207458129,9.111111111111107,27.84139955113081,21.55147608908327,35.62755366288773,21.079587961098003,1.6688726477527769,9.211111111111105,9.515044150819769,0.3039330397086637,"Potter County, PA",Pennsylvania
1799,2336,1.9756230463738251,1.706841702688367,train,45053,26549,50.26178010471204,49.73821989528796,48.99996233379788,43.9639911107763,99.30708129119486,52.99983099543688,46.30725029575798,0.6929187088051377,11.43014081693798,79.06721262358933,9.502646559472684,36.60279311464761,40.10114601215608,23.296060873196307,58.044992577366685,26.966997830307182,14.98800959232614,23.52623873006088,64.74376925231027,23.308963568225106,15.271335807050093,4.0,27.29002048580626,76.78944474986255,32.39142385926333,3.4854315557998903,21.90214403518417,37141.0,0.4205,17565.0,65.6757569681171,11.502938706968935,56.80546159050373,52.263486039577124,17.165877360231256,97.64163730008131,30.10640260778646,0.13553808620222282,13.9854608459829,7.1111111111111125,28.859844061923233,31.488944969678712,31.98237221740932,14.215224678895627,7.036046555425818,7.211111111111112,5.511526919704051,-1.6995841914070615,"Jasper County, SC",South Carolina
1800,2703,2.4169053500233435,2.3999462024681995,train,48375,122352,51.36164508957762,48.63835491042239,78.49401726167125,9.453870799006149,99.12454526633344,60.28511431191033,38.839430954423115,0.8754547336665582,16.174709835064142,79.36957849725107,4.455711667684789,32.063828194350855,40.25625394380809,27.679917861841048,51.759285844796544,33.38075226436272,14.859961890840747,22.03436759132677,43.63472591575877,22.895769081055178,11.910312197817378,3.0,24.033261681185657,78.97147616073288,26.173456404561964,5.649246998403775,18.19233349526916,38159.0,0.4818,20283.0,67.54083163582693,4.8327674637000655,56.77958746781614,56.704801930111294,12.50470101541933,96.73126313331775,33.597072352243465,1.4475834695307026,36.828985222963254,11.111111111111107,34.135935661043554,31.568752451941943,29.462534327187136,11.309990846083435,12.052111939322613,11.211111111111107,11.022583376910932,-0.188527734200175,"Potter County, TX",Texas
1801,887,2.3234764520254214,2.136493395227828,train,20011,14812,49.446394815014855,50.55360518498515,93.07993518768566,3.5241695922225222,98.42119347069843,63.98180358576398,34.43938988493444,1.578806529301579,14.834287860294811,81.07219979344661,4.093512346258567,24.72668261018107,51.708233686368295,23.56508370345063,41.780750339638416,36.085275368377054,22.13397429198453,19.19782744934197,40.34090909090909,18.87550200803213,18.05488685604237,6.0,27.097300235549927,70.03533568904594,35.95406360424028,8.674911660777385,13.763250883392224,38280.0,0.4562,20783.0,60.618403999259385,3.3139890042761158,73.41255551554434,60.82557668959935,14.800144040331292,98.98826386078512,14.884167566918736,0.28328611898017,2.3224412638401297,10.111111111111107,32.649203348636235,27.605995139076423,29.347826086956523,17.81663516068053,3.3958952200918167,10.211111111111105,8.469685655029183,-1.741425456081922,"Bourbon County, KS",Kansas
1802,288,2.1835512754360096,2.094982814538117,train,8097,17420,53.01377726750861,46.98622273249139,94.44316877152694,1.5269804822043629,98.74913134120918,71.12578179291175,27.623349548297423,1.250868658790827,19.823819102448496,59.49920233058196,20.67697856696955,39.791514507668815,35.88075161011885,24.32773388221233,16.327913279132787,24.59349593495935,59.078590785907856,9.852983568751801,13.18199920350458,10.49904761904762,6.289235731152451,5.0,16.330186729139392,85.08586525759577,23.24966974900925,0.6605019815059445,2.3778071334214,71196.0,0.5527,55519.0,76.64480497065931,7.755359394703658,77.86136939983095,51.1864406779661,4.395604395604397,95.96986817325799,18.512256973795434,2.1845574387947257,9.667049368541909,8.777777777777779,21.366245694603904,28.926521239954077,39.31113662456946,15.241102181400693,4.029850746268657,8.877777777777778,8.125301331956427,-0.7524764458213511,"Pitkin County, CO",Colorado
1803,2954,2.3968846612924475,2.0968586666384796,train,53017,39599,50.190661380337886,49.809338619662114,73.33771054824615,0.3409176999419177,99.54022988505749,65.87164750957854,33.668582375478934,0.4597701149425287,9.472076637395439,86.97719620978098,3.550727152823574,25.290895536900788,56.1306842122322,18.578420250867016,46.88590708136198,35.72093384006825,17.393159078569767,14.820176775373366,31.444794952681388,13.052475402155235,16.43610013175231,4.0,31.511607910576096,79.06698564593302,33.85167464114833,3.278919223191669,16.647903180410918,53636.0,0.3803,23598.0,65.92643757554826,5.9563099167059566,60.9184914841849,65.14564741538979,15.936739659367394,98.18151203906382,26.43812999652416,1.0607846438794408,30.02096012525569,10.888888888888893,33.531149776509515,26.76835273618021,31.361903078360573,15.293315487764843,26.321371751811924,10.988888888888894,8.140557500210045,-2.848331388678849,"Douglas County, WA",Washington
1804,2221,2.6461747973841225,2.8526760252845236,train,41039,357060,49.1430011762729,50.8569988237271,88.36862152019268,1.0846916484624431,99.12407480401173,64.86372063825749,34.260354165754244,0.8759251959882626,15.268168710858276,73.01274990999855,11.719081379143185,33.33987284528624,43.509257288784845,23.15086986592892,33.86001144591803,37.740426484859036,28.39956206922293,20.095234284342364,28.485081070709015,24.384592725466145,16.026888676379592,3.0,29.852833016472157,72.7951584777926,34.28864498922967,4.9345231989605765,22.537012343146305,44103.0,0.4661,24960.0,60.6118800079465,9.62755955769463,67.30509337264813,66.90163517749724,19.13173967986521,98.1496229772092,17.490259056444813,0.25925612132508685,8.056909202935081,14.0,26.067047555032765,31.557441326387725,32.47381392483057,16.723519856606732,10.546686831344873,14.1,17.334106337003632,3.2341063370036327,"Lane County, OR",Oregon
1805,732,2.2902875651836396,2.190000400018003,train,18083,38062,50.61215910882245,49.38784089117755,94.4511586359098,2.9740948977983286,99.14200447649841,68.1049490176573,31.037055458841085,0.8579955235016165,17.136699057499822,79.39650763498209,3.466793307518083,28.92164666178484,46.49941099684804,24.578942341367124,49.82718430994293,34.93288320874528,15.239932481311786,15.901708798192345,30.795790858270305,15.85700417844933,15.259470052887325,5.0,26.213007858217694,74.16604641721362,35.21212531294404,7.327965356248733,14.290547398335473,42725.0,0.4304,21928.0,63.90335846470185,6.0760444039255646,68.93929630106973,67.22005759783161,16.067362632641665,98.6786379806878,18.27984705932895,0.0,1.7602858494036049,9.777777777777779,30.347853502180648,29.58593873154327,32.531133413903625,16.452104461142348,2.57474646629184,9.877777777777778,8.935216688945571,-0.9425610888322069,"Knox County, IN",Indiana
1806,705,2.5640942911418034,2.3172552302011393,train,18029,49679,49.8520501620403,50.14794983795971,97.11749431349264,0.7930916483826165,99.32495941211657,71.59702640348628,27.727933008630266,0.6750405878834487,11.92879132646232,85.07830277071342,2.992905902824254,24.34199036998229,55.19047975450939,20.46752987550832,49.24389526331274,31.28273021476905,19.47337452191821,9.326860045886596,14.496684749849305,9.06467690693404,11.871411702430882,2.0,27.983246404299035,79.31737683803799,31.70011806375443,3.9658688419019,9.783192014596974,58680.0,0.414,27907.0,69.10451750868751,7.825313321986692,79.28933675821642,71.3657013060761,11.552394125008233,97.58659852356615,12.596324836988735,0.19875070982396364,1.1453531673342865,12.888888888888893,30.336762012117802,23.97995128726424,37.855029288029144,14.597717345357196,2.089414038124761,12.98888888888889,10.147782718059904,-2.8411061708289864,"Dearborn County, IN",Indiana
1807,1195,2.4267673628924595,2.1503594281197493,train,24019,32534,47.77156205815454,52.22843794184546,66.86543308538761,28.026065039650828,99.504806291873,54.89367899796097,44.61112729391203,0.4951937081270026,14.604276368278285,81.50231370671774,3.8934099250039886,29.89713858238264,44.89994389377221,25.202917523845148,53.35122965015586,26.41149982680984,20.237270523034294,16.45403786768146,39.78340825500613,15.20328917313842,15.762579841096745,5.0,33.542993319529636,75.71051639653223,36.54730493780626,5.9781379570297775,23.731624575951766,47093.0,0.4683,27870.0,66.95607358071678,10.006513115045298,66.83862227085613,66.96502569202718,24.490646657287268,97.21531576330185,13.125944453129067,0.0,4.34314870596914,11.222222222222221,26.403147476486133,25.428782197086118,34.20729083420421,19.09694473473904,5.108501874961578,11.32222222222222,8.587944591289155,-2.7342776309330645,"Dorchester County, MD",Maryland
1808,2851,1.9120085973796321,2.0121001263688774,train,51079,18938,48.774949836307954,51.225050163692046,88.44650966311121,6.584644629844756,99.65405405405407,78.83243243243244,20.821621621621624,0.3459459459459461,10.490203013369172,85.13828959468063,4.371507391950201,24.1983668591914,57.4055633008033,18.39606984000531,50.16907470027667,26.1297264063941,23.701198893329234,9.87897851468785,10.899903753609241,10.982114841543774,13.434429730884235,4.0,38.666947014297726,82.29503585993531,29.700464069751092,5.034453663338488,7.678244972577697,61550.0,0.3818,28209.0,67.53882152733462,7.4435695538057765,72.29422066549913,65.78456951174059,9.728546409807356,94.44651509504286,20.42907180385289,0.9690644800596347,4.8579575456753625,6.666666666666668,30.203823001372896,25.41979089660999,35.23603337205619,14.922378287041926,4.968845707044038,6.7666666666666675,7.479007727002746,0.7123410603360787,"Greene County, VA",Virginia
1809,1670,2.0780516873907815,1.9783125993944763,train,31045,9136,48.17206654991244,51.82793345008756,89.30604203152365,0.5253940455341506,97.06422018348623,74.49541284403671,22.56880733944955,2.9357798165137616,17.076609744634187,74.16575278082406,8.757637474541752,35.31751122514432,46.28608082103914,18.39640795381655,34.842448388265126,31.926838102136912,33.23071350959797,17.843308759215297,18.43866171003717,22.56214149139579,10.881801125703564,6.0,29.3425975414217,75.46386042647468,33.14871226806979,3.4062586541124347,9.498753807809472,41038.0,0.4501,22176.0,63.21467098166127,2.5597269624573378,74.11504424778761,71.23376623376623,8.713410483321987,98.76623376623377,19.349897889720896,0.0,4.159369527145359,7.8888888888888875,29.969352014010507,38.134851138353746,26.510507880910684,17.34894921190893,10.168563922942203,7.988888888888888,7.230531881671321,-0.7583570072175672,"Dawes County, NE",Nebraska
1810,1277,2.2204104848050292,2.3204622738782072,train,26105,28711,49.75793249973878,50.24206750026122,94.99843265647313,0.996133885967051,98.39986525181068,58.80074111504128,39.599124136769404,1.600134748189321,16.25286220985049,80.73452161810263,3.0126161720468727,23.89254431918193,52.462176773815024,23.64527890700306,42.691539623009106,37.114607179387264,20.193853197603623,17.212563294500903,45.80710148577186,15.673141326188881,17.49568768261344,5.0,32.2441620124016,70.13389941214892,41.70476812540822,5.355976485956892,19.09699542782495,42024.0,0.4511,24244.0,59.68898988548767,10.607644072857571,65.20361179214254,76.993006993007,21.939843329546136,98.42657342657343,17.837708545117504,0.17482517482517482,4.318902162934067,9.111111111111107,26.881682978649287,22.632440528020616,35.94092856396504,20.654104698547595,4.005433457559819,9.211111111111105,10.180379341921974,0.9692682308108687,"Mason County, MI",Michigan
1811,2447,2.3014733641413554,2.2933347163957043,train,47053,49572,47.56112321471799,52.43887678528202,78.91551682401355,18.534656661018317,99.21591284252227,66.40805546384946,32.80785737867283,0.7840871574777154,15.199911884568785,81.74083048793919,3.0592576274920145,24.044904047938108,48.271851533463106,27.683244418598772,54.57926684122828,29.382885027374435,16.037848131397286,18.72937293729373,38.38093044679872,18.710118505013675,17.375981533768886,6.0,29.205669965231344,71.28901228854954,36.397758239498174,8.092961077690369,19.142372358476013,38457.0,0.4403,20704.0,60.404933930386534,9.259596143350919,63.80301054041668,60.44311675379637,20.883420876370433,99.27806821010704,19.353474107237282,0.03734129947722181,2.402565964657468,9.888888888888893,30.811748567739855,25.05648349874929,33.15379649802308,17.340434116033244,2.549826514968127,9.98888888888889,9.907922765148234,-0.08096612374065693,"Gibson County, TN",Tennessee
1812,1360,0.9339123332239747,1.5110329344439244,train,27105,21687,51.5977313598008,48.4022686401992,80.98399963111541,3.983953520542261,99.15936952714537,60.89316987740806,38.266199649737295,0.8406304728546411,13.199536858355849,81.33925125434196,5.461211887302199,31.29929431299294,50.42993536144221,18.270770325564847,55.208034433285505,30.968436154949785,13.823529411764708,15.585391043094544,28.89348976305498,15.137513751375135,10.238796205430159,5.0,22.398997807704355,79.46952308084674,30.06885998469778,5.0879877582249415,12.688089773017087,50625.0,0.4279,23515.0,69.89418663946965,6.4204286365709065,69.01419620905702,66.83988307892173,16.35339836624633,98.05131536213057,18.51851851851852,0.16239038648911985,25.333148891040715,2.4444444444444446,33.87743809655554,28.05367270715175,30.442200396550927,15.170378567805596,15.032046848342324,2.5444444444444447,4.531409026207547,1.9869645817631025,"Nobles County, MN",Minnesota
1813,366,2.5810582263605166,2.5394638873121087,train,12105,626676,48.99134480975816,51.00865519024185,78.76957151701995,15.077488207622439,99.46707828990105,57.76368449358469,41.70339379631636,0.5329217100989712,12.087235248735121,82.58577109804908,5.326993653215803,30.033483022138185,45.484912944142465,24.48160403371937,52.65211921675731,28.47205009610484,18.875830687137853,18.272822449322923,40.19499158665743,17.84591037480719,15.082806676389566,3.0,31.257842881459126,69.18525076677764,40.47230792163736,6.122024925354931,16.68706889931837,43162.0,0.433,21196.0,57.48672357167582,10.332799718016128,59.94216488622486,54.364853257587995,18.96093322290383,96.8763553794212,24.410348554824036,1.2799033906809425,19.22540515354027,13.111111111111107,29.32887169765557,26.61790143551054,31.386234673100613,19.079396689836532,6.152940275357602,13.211111111111109,12.672875060197855,-0.5382360509132535,"Polk County, FL",Florida
1814,1105,3.347562165829524,3.347325959117253,train,21237,7261,48.97397052747555,51.02602947252445,98.8155901390993,0.3580773998071891,98.7081620669407,59.24838520258368,39.45977686435703,1.2918379330593073,17.778187177597644,78.77671333824613,3.445099484156227,23.35967021642048,46.70216420474064,29.93816557883889,71.10492845786962,16.951510333863276,11.943561208267093,42.98566207478211,143.9942112879884,61.30757800891531,29.89069506726457,6.0,15.290077715525033,47.12131596984236,41.569568197395476,26.11377655928718,42.46058944482522,20504.0,0.5142,13901.0,39.11201179071481,8.949599623174754,41.69396350023397,45.92720970537262,41.92793635938232,98.00693240901212,17.992512868507255,0.6932409012131715,0.4820272689712161,28.33333333333333,29.43120782261397,23.21994215672773,35.793967773034026,17.187715190745074,0.8263324610935133,28.433333333333337,28.426617982284483,-0.00671535104885379,"Wolfe County, KY",Kentucky
1815,2449,2.8259978322655077,2.692533451981962,train,47057,22736,49.780084447572136,50.219915552427864,97.29943701618579,0.8312807881773401,99.46303180503924,78.33539859562164,21.1276332094176,0.53696819496076,12.624697063630727,85.32942568900411,2.045877247365158,20.084925690021233,55.955414012738856,23.959660297239914,66.9606512890095,21.90699395584063,11.132354755149873,20.610280746884285,36.10323312535451,23.472937247808538,20.602036299247448,3.0,27.79890392573537,65.61662198391421,43.197050938337796,8.824843610366399,21.190795352993746,35391.0,0.4395,18974.0,54.86251972053189,9.27390366642703,62.35617627903611,54.39043013489437,24.43013242636949,98.80376686179687,17.765395470005068,0.10180707559175364,2.6257916959887404,16.77777777777778,27.678571428571423,23.68490499648135,37.17452498240676,17.791168191414496,1.8692821956368757,16.877777777777776,14.769045230689866,-2.108732547087911,"Grainger County, TN",Tennessee
1816,1732,1.166617017782167,1.2248116376392846,train,31169,5182,49.266692396758,50.733307603242,97.10536472404478,0.05789270551910459,100.0,89.3953488372093,10.604651162790695,0.0,18.28310964801216,80.29880982527222,1.4180805267156242,17.271036727103677,65.15574151557415,17.57322175732217,45.27902671250992,35.38746363395927,19.333509653530808,12.010340027838536,21.882086167800455,11.600338696020325,15.393794749403341,6.0,30.75986361422309,71.08073472874841,41.22170012815036,4.955147372917557,10.337462622810763,45741.0,0.4765,29120.0,64.10321274981028,1.7363851617995265,83.76410629777939,58.457711442786064,10.156534401164908,98.92205638474294,8.445576993083364,0.0,1.1192589733693554,3.111111111111111,26.514859127749904,19.065997684291784,34.542647626399074,25.646468544963327,2.8367425704361247,3.2111111111111112,3.403524926417957,0.19241381530684576,"Thayer County, NE",Nebraska
1817,1768,2.707309185877491,2.4253595068882037,train,34001,275376,48.37640171983034,51.62359828016966,67.14492185230377,15.563810934867234,99.3859449624744,58.016829656584044,41.36911530589038,0.6140550375255857,13.43160474056638,81.68215824076174,4.8862370186718875,34.68460854092527,41.9096975088968,23.40569395017793,48.270673482237186,26.61327328801477,25.116053229748047,15.169613261719258,30.15147614143495,14.739104385728655,12.86321978719734,3.0,21.755945265585666,77.42147753835275,33.249523659863684,5.703313755917421,14.522972362450647,54461.0,0.4572,28005.0,68.20647792478779,11.634811266313,69.30477945722511,65.67898827944151,16.316220242476348,95.80155461877727,18.100346815363512,1.1744925558614976,18.100705943873105,14.888888888888893,29.10674859101737,26.81497298239498,35.4391813375167,15.354279240020919,17.291267212829005,14.988888888888894,11.30629337907487,-3.682595509814025,"Atlantic County, NJ",New Jersey
1818,69,2.6461747973841225,2.4619776359549563,train,2020,299107,51.19305131608422,48.80694868391578,64.94465191386361,5.8544266767411,99.55605919210771,67.28302892947607,32.27303026263165,0.4439408078922811,12.500231623028887,79.95719606426151,7.54257231270962,35.26944407960241,44.51388212165763,20.216673798739954,31.15478077126255,35.649234020073955,33.1959852086635,8.18927729987398,14.205385753019474,7.231162950932625,10.137902998842993,3.0,40.563564571433865,88.47634894223913,17.198954124078917,4.392678868552412,11.009270263845973,78326.0,0.4225,36920.0,75.54025473516003,6.5446378019872204,73.05173211881946,63.16022722694493,13.117388227657509,93.38463397929172,19.137638401906894,1.6639136215301562,8.588899624549075,14.0,31.808015191887854,34.840374849134264,31.486391157679357,8.519693621346207,29.2009214093953,14.1,11.727982300240784,-2.3720176997592155,"Anchorage Borough, AK",Alaska
1819,2474,2.6540241312485775,2.5873472842693968,train,47107,52506,48.590637260503556,51.40936273949643,92.57608654249037,4.049061059688416,99.20893029796959,70.56341742111276,28.645512876856817,0.7910697020304123,14.737525273957214,81.57809340755348,3.684381318489304,23.995540898323192,50.274048957220494,25.73041014445632,60.08707080663711,24.924702918788675,14.98822627457423,19.900303761975234,39.41008799107696,21.29010796262134,18.096859702416662,5.0,29.27829014785536,67.08879767744519,42.041245369906896,6.567223946340975,18.410251276404047,38535.0,0.4554,20215.0,55.66639370703987,9.214104221459456,64.34684684684684,59.3665256535416,22.03024453024453,97.54854105651371,19.433719433719435,0.7267599522724808,3.2929569953910027,14.111111111111107,27.90157315354436,25.05237496667048,34.917914143145545,18.300765626785516,3.374852397821201,14.211111111111109,13.294458367075082,-0.9166527440360266,"McMinn County, TN",Tennessee
1820,2090,1.6072132174119893,1.747730931029525,train,39107,40863,50.22391894868218,49.77608105131782,97.42799109218608,0.4356018892396544,98.90486620321876,79.41148462051233,19.493381582706405,1.0951337967812589,13.815943531930554,84.09661124678018,2.087445221289265,23.56828193832599,57.6565117577713,18.775206303902714,57.524898561416464,26.728144596089997,15.746956842493546,8.433615363620572,11.06085083467959,8.588290669466671,10.933023807171788,5.0,27.359857716882946,76.34273509642566,32.82869526980338,4.843269049563414,9.240530184056787,53099.0,0.3972,24978.0,70.05434963822479,4.930985245121371,81.99371923272791,70.21938696125719,10.146834153793922,99.05087910378091,10.023765065353931,0.0,1.6689915082103617,4.888888888888889,32.64811687834961,24.224848885299654,33.697966375449674,16.379120475736002,2.13640701857426,4.988888888888889,5.741559888724236,0.7526709998353471,"Mercer County, OH",Ohio
1821,1970,2.8835584766621185,2.6653400332689596,train,37173,14163,48.06891195368214,51.93108804631788,64.63319918096448,1.525100614276636,98.52534562211979,58.463901689708145,40.06144393241167,1.4746543778801844,15.79491032021786,80.85266222180486,3.352427457977276,25.125318793421865,47.37490106411046,27.499780142467685,50.66571806077853,33.44852119117797,15.885760748043499,24.482907210571675,82.82138794084186,22.302158273381295,16.40188922284242,6.0,25.630638924691585,70.12455846811675,36.23350065067857,6.0791968767428886,12.158393753485779,33931.0,0.4685,20409.0,55.16629297458893,7.840812870448773,57.94494083554697,56.895127993393885,17.145617000724467,99.71098265895954,29.17169765757064,0.2890173410404624,2.4147426392713407,17.777777777777782,28.63800042363906,25.524253336157603,33.213302266468965,17.99759937866271,33.84170020475888,17.877777777777784,14.372835957573292,-3.5049418202044915,"Swain County, NC",North Carolina
1822,2617,1.8440707637960658,2.051192126243527,train,48203,66417,49.07478507008748,50.92521492991252,72.92711203456946,21.66463405453424,99.23399162178335,65.66128067025733,33.572710951526034,0.7660083782166367,11.702171664943124,85.16235780765255,3.1354705274043435,26.314281347902497,51.49575915030182,22.189959501795677,50.177911434540064,30.676522577534953,19.145565987924982,17.176789537731636,34.126726238830216,16.763953881036233,12.66611927135602,5.0,26.86675541570858,74.66661003992185,32.83784931623205,5.177100144398199,13.50123163169965,45974.0,0.4726,24114.0,62.522423352902784,7.440253007727168,65.15727093146938,57.168234064785786,13.685863343970015,97.41901776384536,24.76067466950312,0.4806687565308255,12.120390863784875,6.222222222222222,31.79607630576509,27.541141575199124,32.279386301699866,14.850113675715553,5.408253910896307,6.322222222222222,7.777166947001296,1.4549447247790743,"Harrison County, TX",Texas
1823,162,2.0059743897979634,1.760809127407687,train,5107,20391,46.73140110833211,53.26859889166789,36.741699769506155,61.522240204011574,99.71145175834086,40.73940486925158,58.97204688908927,0.2885482416591524,17.862261961640844,78.6362705617364,3.5014674766227563,36.36018237082067,34.131205673758856,29.508611955420466,56.253388058545646,32.95128939828081,10.795322543173548,34.1436793014487,110.05351681957188,37.558641396134355,24.067108779570425,5.0,22.450491714940053,69.26859250153657,33.3620159803319,14.578979717271054,34.81253841425938,26844.0,0.4979,16700.0,57.26075983902872,17.462775461584275,44.765374273571,47.733077905491704,31.798074421025238,97.89272030651341,28.03365426316246,0.031928480204342274,1.5742239223186698,7.333333333333332,34.6623510372223,25.619145701534986,31.361875337158555,15.825609337452795,1.7360600264822716,7.433333333333334,5.817142299981205,-1.6161910333521288,"Phillips County, AR",Arkansas
1824,3088,1.5380612495918724,2.0337975356052294,train,55095,43572,50.34655283209401,49.653447167905995,96.29119618103368,0.3878637657211053,98.80214787277984,69.02106567534075,29.78108219743908,1.197852127220157,14.047654728008391,83.12902742394725,2.8233178480443577,23.135669362084457,56.00572776280324,20.85860287511231,46.80361598030004,33.69082720409552,19.50555681560445,10.261007241146476,16.982059474072248,9.949348769898695,12.482900929725721,6.0,30.904901178764515,75.78637323552296,35.62298543959098,4.418139379793264,12.615316216516616,50714.0,0.4121,26450.0,65.99658978731043,6.744628773456622,72.66294943280137,68.81734913793103,17.873485868102286,97.97952586206895,12.88982887906172,0.3636853448275862,1.6868631231065818,4.5555555555555545,28.509134306435328,22.71871844303681,37.14770953823557,17.818782704489124,3.3209400532452027,4.655555555555554,7.643056094815727,2.9875005392601732,"Polk County, WI",Wisconsin
1825,1838,1.5380612495918724,2.2094186648858924,train,36033,51280,55.0955538221529,44.904446177847106,82.97971918876755,5.569422776911077,99.38858695652172,58.51125776397515,40.877329192546576,0.6114130434782609,16.076746849942726,80.66437571592209,3.2588774341351665,35.07137842265387,41.507137842265394,23.421483735080727,51.275595837529366,31.045093431800375,17.67931073067025,20.255029130482573,42.72984441301273,21.20402712143004,14.57943120411634,5.0,28.34067547723935,70.54522665552538,33.66409024441195,7.180906622101525,17.693753916858157,47923.0,0.4402,22488.0,60.425661463522644,8.816928502725233,67.03426272714664,71.06633771929825,25.15952281869885,98.94462719298248,12.50173394368151,0.21929824561403508,3.2663806552262096,4.5555555555555545,26.626365054602186,29.918096723868953,35.3100624024961,14.485179407176284,11.450858034321374,4.655555555555554,9.11041864704287,4.454863091487316,"Franklin County, NY",New York
1826,233,2.69237238838298,2.550472042911748,train,6099,527367,49.49968428058639,50.500315719413614,75.29481366865959,2.71822089740162,99.20633278859215,64.52700606110756,34.67932672748461,0.7936672114078457,9.260621056012914,85.74523270353428,4.994146240452797,33.97961640712148,44.58566956761033,21.434714025268182,51.094877141138866,32.42594735187181,16.479175506989325,20.312685768636307,39.22686450605232,20.99643900803219,13.415630164224732,3.0,19.005492432183143,77.93505756637272,28.19806614813589,8.426322135275067,17.294144069599753,50125.0,0.4483,21922.0,64.24137612377721,14.822593306508956,57.6325494606294,53.957060800185396,24.376598164192327,96.17453774974756,20.926448321574195,1.2795682905431132,43.62938902130775,14.666666666666664,35.28832862124479,30.33238712319884,30.30128923501091,11.765241283584293,21.9869654339388,14.766666666666666,12.813150712316515,-1.9535159543501504,"Stanislaus County, CA",California
1827,435,2.9783600238295205,2.751835553764985,train,13111,23742,48.56793867407968,51.43206132592032,96.84525313789908,0.2695644848791172,98.14553990610328,68.38028169014085,29.765258215962444,1.8544600938967133,14.235355106272682,81.28045619491965,4.484188698807672,18.92786561264822,52.37648221343874,28.69565217391305,57.87868707030383,25.97028165890441,16.151031270791748,23.11970565585693,54.441479222264576,25.907343454746858,21.494296739176523,6.0,32.92269787496151,61.90325972660357,50.34700315457414,4.395373291272345,14.26919032597266,37049.0,0.4408,20534.0,49.86803291414378,11.332503113325028,56.26747094306312,53.936114505149234,19.79549801382963,98.77814627334614,28.394880094159195,0.4887414906615466,1.958554460449836,19.555555555555557,22.807682587819052,20.280515542077328,37.2967736500716,24.479824783084837,2.8851823772218013,19.655555555555562,15.671371144196756,-3.9841844113588056,"Fannin County, GA",Georgia
1828,1848,1.8440707637960658,1.9952002809367537,train,36053,72427,49.217833128529406,50.782166871470565,94.83617987766992,2.048959642122413,98.8647813528582,70.37012158258885,28.494659770269365,1.1352186471418015,13.871350399877553,81.57693337925228,4.551716220870164,34.58896741199252,45.34847155790205,20.062561030105428,43.3042090229354,30.45030664538352,26.24548433168109,12.185493601871025,21.74668874172185,11.847916533316267,11.368195241544548,3.0,28.287387167601853,75.56679853925745,33.35362142422398,4.351795496043821,13.975958612294585,54145.0,0.4263,25984.0,60.560951576576564,4.889883200650822,76.55337170159628,70.1863354037267,18.61657074600934,97.82145174747382,8.144206754262134,0.12978585334198572,2.008919325665843,6.222222222222222,29.747193726096626,28.534938627859773,35.42739586065971,15.385146423295181,3.1148604802076574,6.322222222222222,7.353675681467722,1.0314534592455002,"Madison County, NY",New York
1829,908,2.132192107065365,1.8658232134649213,train,20053,6410,56.63026521060843,43.36973478939157,90.28081123244932,3.8377535101404057,96.21993127147766,68.90034364261169,27.319587628865985,3.7800687285223367,20.625147999052807,78.19085957849869,1.1839924224484963,27.08447865127359,48.286604361370706,24.62891698735569,42.57954302797352,36.23745462310485,21.18300234892164,9.028166386868122,8.422071636011616,10.327783558792923,16.391924430450082,6.0,33.44205679201842,76.2862669245648,38.027079303675045,2.8626692456479685,6.769825918762089,47736.0,0.4179,24102.0,65.59622195985833,4.499640028797696,83.81107491856676,70.90128755364806,9.73941368078176,95.87982832618029,9.96742671009772,0.0,5.78783151326053,8.333333333333334,23.30733229329173,26.69266770670827,35.46021840873635,19.251170046801874,5.881435257410296,8.433333333333334,6.4612526874722676,-1.972080645861066,"Ellsworth County, KS",Kansas
1830,2205,2.8259978322655077,2.626158722330321,train,41007,37382,49.55861109624954,50.441388903750465,90.60510406077793,0.7650740998341448,99.6731581097644,68.9636388397113,30.70951927005311,0.32684189023559856,17.448238036473327,76.50829562594271,6.043466337583983,25.32341009997764,48.67282077490657,26.00376912511579,35.138553096522216,41.27580435186907,23.5856425516087,15.778861611400234,28.72849796063132,16.505084879901858,20.24804676828936,5.0,39.16587420187474,72.18618847768029,38.94187968968587,6.14905252448175,19.02581711814829,46408.0,0.4273,26294.0,61.30610290093049,7.175938842698512,62.17424344016808,69.43594228246612,21.88994680613294,99.59189622504007,20.848419829243213,0.043725404459991256,8.062703975175218,16.77777777777778,25.750361136375798,26.11417259643679,35.53581937831042,18.54903429458028,8.62982183938794,16.877777777777776,13.820579125286564,-3.0571986524912127,"Clatsop County, OR",Oregon
1831,2906,2.806050362353744,2.5706598636805236,train,51197,29190,49.16752312435765,50.83247687564235,94.99486125385404,3.6005481329222326,99.27019687712152,68.32993890020367,30.940257976917852,0.7298031228784794,15.269630209012293,82.02754964585235,2.702820145135358,21.89745063426249,52.17783981280021,25.924709552937315,55.21133412042504,28.831168831168828,15.957497048406134,15.077359731404245,21.637426900584803,16.812680407150456,18.843586817443022,6.0,27.651971758222828,68.55770041304898,41.094158307342155,4.847003287532665,15.30810081766838,41360.0,0.4523,23770.0,59.6699239956569,9.520343547565325,66.5648163865784,57.1188340807175,16.550670514343913,99.45814648729448,20.273864086459568,0.0,1.0825625214114425,16.444444444444443,25.88900308324769,24.107571085988354,36.66324083590271,18.9482699554642,1.4045906132237067,16.544444444444444,13.074448949126147,-3.4699954953182974,"Wythe County, VA",Virginia
1832,2538,1.62924053973028,1.529299920629697,train,48045,1670,52.15568862275449,47.84431137724551,89.82035928143713,4.311377245508982,96.82151589242054,63.814180929095365,33.007334963325185,3.1784841075794623,13.164155432196667,83.26724821570183,3.5685963521015065,24.262536873156343,56.858407079646035,18.87905604719764,49.77738201246661,28.406055209260913,21.816562778272484,18.58353510895884,37.676056338028175,18.85014137606032,10.778443113772457,6.0,17.367168913560665,76.8888888888889,36.888888888888886,4.4444444444444455,13.185185185185185,38603.0,0.4446,22323.0,62.96590007930214,4.659949622166248,55.02762430939226,62.921348314606746,10.165745856353592,99.43820224719101,35.80110497237569,0.0,32.5748502994012,5.0,32.455089820359284,22.395209580838323,31.79640718562875,21.317365269461078,5.868263473053893,5.1,4.614944863423947,-0.4850551365760527,"Briscoe County, TX",Texas
1833,539,1.895451927785184,1.9953410354953462,train,13321,21156,48.25108716203441,51.74891283796559,69.21440726035168,29.684250330875397,100.0,55.30703538023586,44.69296461976414,0.0,13.489644878412838,83.99154176254741,2.518813359039741,26.569991813822945,46.94187814290726,26.488130043269788,66.44065427093528,24.171676219767928,9.387669509296801,21.197958891697265,43.191800878477295,22.656190403539554,16.244283536585368,4.0,28.663832932914435,71.37809187279152,36.59767794043413,10.87834427057042,24.54568399798082,37974.0,0.4432,18762.0,57.23528679855667,9.695652173913043,53.35844318895168,44.26426426426426,16.925612052730695,95.76576576576576,32.964532328939114,0.0,2.0939686141047456,6.5555555555555545,29.87332198903384,26.290414066931373,34.20306296086216,16.260162601626014,1.1013424087729249,6.655555555555554,7.354710817690662,0.6991552621351076,"Worth County, GA",Georgia
1834,439,2.7578980068297776,2.5993767768760723,train,13119,22110,48.96879240162823,51.03120759837177,85.45906829488918,9.60651289009498,99.36095650381365,69.01669758812615,30.34425891568749,0.6390434961863534,13.162970106075218,83.16055930568949,3.6764705882352944,23.24719163300316,49.5600686182281,27.192739748768744,63.72484110169492,23.669226694915253,12.60593220338983,23.858766536239987,43.705250596658715,28.143758657842078,21.289321097566546,6.0,21.531682996115716,64.02229337127949,41.55104944859481,8.300723348748964,24.17882129728448,33816.0,0.4433,17743.0,50.815153647665966,7.916907097518753,56.18785375554536,51.533433886375065,23.038090867370357,98.24032176973353,26.96955790117791,0.5279034690799397,4.224332881049299,15.666666666666664,28.462234283129806,27.07824513794663,32.460425146992314,18.49389416553596,4.93441881501583,15.766666666666667,13.455349736286143,-2.3113169303805243,"Franklin County, GA",Georgia
1835,406,1.7711787615280343,1.8712007268000728,train,13053,11914,66.64428403558838,33.35571596441161,69.92613731744166,15.796541883498405,98.41324594687825,84.5119006553984,13.901345291479824,1.5867540531217659,7.082050353196885,83.64426734287267,9.273682303930448,44.689314125994414,37.669318426144905,17.641367447860674,35.216138328530256,39.05859750240154,25.725264169068197,11.484627347768875,11.42520612485277,13.788128606760099,16.51680730391479,3.0,52.76719695272239,85.10965756060023,14.659484417083494,4.8095421315890725,8.580223162754908,43378.0,0.3493,19487.0,59.030023094688225,16.823161189358373,76.75895351790703,69.21119592875317,10.43942087884176,97.70992366412213,17.881635763271532,0.0,14.948799731408426,5.777777777777778,38.324660063790496,58.72922612053047,13.639415813328858,3.2986402551619936,14.277320799059927,5.877777777777778,6.496091749766693,0.6183139719889148,"Chattahoochee County, GA",Georgia
1836,1958,2.6848194823870495,2.386025558084741,train,37149,20327,48.251094603237064,51.74890539676292,91.42519801249573,5.086830324199341,100.0,64.06513194834362,35.934868051656366,0.0,15.42724891893538,80.79663804129362,3.776113039770997,23.286492687123605,54.3217665615142,22.391740751362203,39.02565431458928,29.651464109873015,31.32288157553771,13.916600159616918,33.86243386243386,12.961949082945525,16.119060677070348,6.0,33.78894592336159,63.291575680956214,47.54625905068383,3.804160441328583,11.159636823353637,46528.0,0.4571,27164.0,53.94361927856927,8.934592043155765,69.93684959530374,71.9154607768469,14.408965578582228,98.85757806549887,20.03024103886863,0.05712109672505712,5.662419442121316,14.555555555555555,22.600482117380825,18.527082205932995,37.03940571653466,26.910021154129982,3.487971663304964,14.655555555555555,10.870204976996757,-3.7853505785587984,"Polk County, NC",North Carolina
1837,1099,2.943854012785326,2.3739332647599483,train,21225,15138,51.52596115735236,48.47403884264765,84.5620293301625,12.940943321442726,96.31147540983606,62.232030264817155,34.07944514501892,3.6885245901639343,15.700483091787438,81.47826086956522,2.8212560386473435,30.432688448262024,45.51657702496589,24.05073452677209,56.998225654942075,31.65640329819434,11.345371046863587,27.720558341238647,47.98641436196022,36.04462003253544,20.38977507842221,6.0,24.87853911878037,70.90974469615247,36.96512046026609,8.25242718446602,21.05357784969436,40120.0,0.4418,20164.0,55.55461257744207,7.791017415215397,61.89689017460481,69.72433460076046,23.783448703378447,98.81178707224336,19.69211695423081,0.0,1.8034086405073328,18.88888888888889,29.71330426740652,31.79416039106884,32.55383802351697,14.513145725987586,2.4970273483947683,18.988888888888894,10.739550816188396,-8.249338072700498,"Union County, KY",Kentucky
1838,795,0.9766538816012459,1.5254487111208104,train,19025,9914,51.0893685696994,48.910631430300576,96.15694976800484,1.3516239661085334,98.71858058156728,67.22523410547068,31.4933464760966,1.2814194184327254,18.624759813340653,79.09689816085644,2.278342025802909,22.495136186770424,54.267996108949404,23.23686770428016,44.61971830985915,37.0,18.380281690140844,14.794227685729554,27.83835792174471,14.815970056144725,13.868457520520199,6.0,32.054376826324486,74.51302511147618,37.5498709223187,3.8019244308847684,12.978174137526402,44921.0,0.4591,26524.0,64.47619047619048,3.7560666807343326,78.79591063990912,75.29013539651838,17.51230594471791,98.25918762088976,9.068534645967436,0.33849129593810445,1.6945733306435344,2.5555555555555562,26.175105910833164,23.219689328222717,33.75025216865039,22.543877345168447,2.491426265886625,2.6555555555555563,4.597205923994095,1.9416503684385389,"Calhoun County, IA",Iowa
1839,1984,0.2793138227812645,0.4395072689615722,train,38001,2341,50.57667663391713,49.42332336608287,93.25074754378471,1.3242204186245194,100.0,82.09302325581395,17.906976744186046,0.0,14.139233675121426,82.9465731246627,2.914193200215866,19.1904047976012,65.11744127936032,15.692153923038482,39.107763615295475,36.095017381228274,24.797219003476247,9.632224168126092,19.8300283286119,8.766803039158388,12.789175032736795,6.0,33.594976452119305,80.41237113402062,39.456419868790995,1.218369259606373,3.280224929709466,52118.0,0.4329,34005.0,68.13541106931757,1.2618296529968454,81.37472283813746,73.62204724409449,10.273466371027348,97.0472440944882,12.12121212121212,0.0,1.1106364801366937,1.2222222222222223,24.263135412217,20.717642033319095,37.07817172148655,23.835967535241352,5.425032037590773,1.3222222222222224,1.5519423399263694,0.22972011770414702,"Adams County, ND",North Dakota
1840,1557,2.376454941560501,2.2481282814933836,train,29161,45029,52.31517466521575,47.68482533478425,90.9502764884852,2.505052299629128,98.37562373925043,65.33602293237074,33.03960080687971,1.6243762607495489,14.894073642579027,74.50715884354784,10.598767513873133,32.74788915349643,45.120697120588865,22.131413725914697,46.01238033542072,26.182250053984017,27.805369610595264,19.375193466199967,29.37141257174857,22.60358573193098,16.1704056197598,5.0,35.393544733861845,74.9940019193858,30.188339731285982,4.846449136276392,13.327735124760075,41618.0,0.4562,21611.0,59.04794836330106,6.5586570368924475,75.79604432599244,61.7808661926309,13.238182073222053,96.75177763413058,15.086267358675833,0.7918552036199095,2.351817717470963,10.666666666666666,29.212285416065196,34.21794843323192,29.909613804437146,14.575051633391814,6.544671211885674,10.766666666666664,9.469994074579262,-1.2966725920874023,"Phelps County, MO",Missouri
1841,1294,2.0208114572284313,1.9531022831766764,train,26139,273136,49.24835979145921,50.75164020854081,90.0756399742253,1.6350828891101867,99.6194490793595,78.48716372471532,21.132285354644186,0.3805509206404965,10.105192136657774,84.04994837509328,5.844859488248942,29.908377265733648,55.38578114965047,14.705841584615884,37.554629535521904,31.323125855688357,31.12224460878975,10.37651413444983,13.262657587810962,11.013113809332783,9.927267242299047,2.0,20.571076176119345,81.43909101295141,28.354953626289173,3.384813518481975,9.374448241122524,58989.0,0.4137,26519.0,69.61747934250569,5.7577365163572045,83.63637439776507,71.40093786635404,9.820424494241037,98.26787807737396,9.557631071179138,0.3370457209847597,9.227637513912484,7.444444444444445,33.981240114814604,30.88864155585496,31.121492589772124,12.809735809267178,8.289277136664518,7.544444444444446,7.05052641743771,-0.49391802700673626,"Ottawa County, MI",Michigan
1842,954,1.895451927785184,1.7956717923786016,train,20145,6911,57.38677470698887,42.61322529301114,90.65258283895241,4.847344812617567,100.0,69.93865030674846,30.061349693251532,0.0,20.58504875406284,71.48429035752979,7.930660888407368,28.86702849389416,39.280868385346,31.85210312075984,38.968078699056406,39.309375627384064,21.722545673559527,7.818028643639427,4.99194847020934,9.505793331756916,16.796610169491526,6.0,34.759746146872175,73.78526645768025,36.55956112852665,3.4874608150470223,12.225705329153605,43250.0,0.4287,24125.0,64.33855526544822,1.1498140006763609,73.82137628111273,74.42845046570703,10.366032210834554,98.98391193903471,17.276720351390928,0.6773920406435224,7.582115468094343,6.5555555555555545,25.944147012009847,25.741571407900448,36.47807842569817,18.087107509767037,4.500072348430039,6.655555555555554,6.023519917662283,-0.6320356378932708,"Pawnee County, KS",Kansas
1843,1478,1.410986973710262,1.9017084882479838,train,29003,17328,49.54986149584488,50.45013850415513,96.51431209602957,1.3273314866112649,98.81790744466801,76.88631790744466,21.93158953722334,1.1820925553319919,11.720831113478956,85.71428571428571,2.56488317223533,20.73984663447884,60.2172678216416,19.042885543879574,49.97086004495878,26.708850220631085,23.320289734410125,9.012774474598222,7.414661443760491,10.654771923918533,12.621245763702232,4.0,29.032258064516128,77.32079905992948,32.770270270270274,3.804347826086957,8.401880141010576,55613.0,0.4215,26778.0,67.81145293938471,5.030881527231894,81.64986428848391,66.86789772727273,8.782473827064754,97.86931818181816,12.30127956572315,0.2840909090909091,2.141043397968606,4.0,29.334025854108962,24.284395198522624,35.66481994459834,17.070637119113574,2.1583564173591867,4.1,6.697326977756518,2.597326977756518,"Andrew County, MO",Missouri
1844,1000,2.465270675271141,2.470859661921402,train,21027,20061,49.57379991027366,50.42620008972634,95.5585464333782,2.3229151089178006,98.87425658453695,74.06542056074767,24.80883602378929,1.1257434154630417,11.452105752623885,85.82436561711172,2.7235286302643806,23.43315838221673,54.547699907378814,22.019141710404448,65.83285135916714,24.624060150375943,9.543088490456913,17.43161326473435,26.070146368406515,19.68541468064824,19.613790314427256,6.0,29.737837485326718,68.43908455529669,42.67507194737564,10.127449636837056,18.41852816225846,43479.0,0.4069,19185.0,56.68701074698157,11.047396138092454,63.569183725473536,66.07088760981522,23.05274781279198,99.18206604059375,18.72080183470653,0.5149954559224478,1.1963511290563782,11.666666666666664,29.824036688101287,23.92203778475649,35.726035591446085,16.883505308808132,2.1185384577040027,11.766666666666662,11.832614528778775,0.06594786211211279,"Breckinridge County, KY",Kentucky
1845,2725,2.1959892467282267,2.0956754325181493,train,48419,25725,48.84353741496599,51.15646258503403,79.3508260447036,17.636540330417887,99.11478740386008,67.55187926280655,31.56290814105355,0.8852125961398927,16.019756267783325,80.93090674826864,3.0493369839480327,26.98205873509071,45.84043299589055,27.17750826901874,58.608282002805396,26.59022992010734,14.801488077087267,21.838990049946904,52.466367713004466,20.84468664850136,16.50812292033666,6.0,26.043325899968142,70.40229885057471,33.09919114516816,7.513835674755215,17.039165602383992,37756.0,0.4716,20753.0,58.97394660662593,7.808381056267612,51.86919058280752,52.362707535121324,15.265621819662115,97.06257982120053,34.75812470316845,2.3754789272030647,17.624878522837705,8.888888888888891,33.243926141885325,26.82993197278911,30.58892128279883,15.793974732750245,3.012633624878523,8.988888888888889,8.130931011135576,-0.8579578777533126,"Shelby County, TX",Texas
1846,1936,2.2902875651836396,2.120442999625798,train,37105,59418,48.95822814635296,51.04177185364704,69.20293513750042,19.068295802618735,98.82835771496656,62.57364135831072,36.25471635665585,1.1716422850334285,12.949773378965867,83.50985107760614,3.5403755434279898,30.39087738816029,46.20782610556043,23.401296506279287,45.75001278576178,33.79532552549481,20.454661688743414,18.094518218206183,35.63659628918746,18.05808857555053,14.51405001288992,5.0,29.635019897669128,77.30830896915967,31.18457040460247,5.158917287560125,16.91502404979723,45608.0,0.4294,21743.0,64.940433338752,9.880560720926908,61.851457512014036,69.87966305655836,13.162211159391095,97.4127557160048,27.60208339328364,0.5535499398315282,19.243326937964927,9.777777777777779,32.03574674341109,27.084385203137103,32.850314719445294,14.596586892860751,11.728769059880845,9.877777777777778,8.334828996085257,-1.5429487816925214,"Lee County, NC",North Carolina
1847,1243,1.8082887711792655,1.906708698001369,train,26037,76905,49.349197061309404,50.6508029386906,93.60379689226968,1.5681685196021065,99.42119323241316,75.80142475512022,23.61976847729297,0.578806767586821,11.777449193631579,81.3005054846807,6.922045321687701,29.085560895632742,53.373089225724534,17.541349878642727,34.69181411627455,35.574567373128524,29.73361851059693,11.758434139342643,14.840345971255774,12.874315247478757,11.446438638121586,3.0,23.943278811167414,76.16176317704544,31.88134594725717,3.0807083203382195,9.359947326471914,60909.0,0.4249,29766.0,65.35333081648764,6.125932149984245,81.87208809826346,84.27718472950968,12.164337145277425,98.39876967613532,9.938585345192717,0.0995114890537362,4.30921266497627,6.0,30.327026851310052,26.85521097457903,34.891099408360965,14.77927312918536,4.82803458812821,6.1,6.73089888076343,0.6308988807634304,"Clinton County, MI",Michigan
1848,1467,1.4891517465595983,2.2668610912592637,train,28145,27811,48.6318363237568,51.368163676243206,81.84890870518859,14.332458379777785,97.41415854175501,65.42320192171826,31.990956620036737,2.585841458245019,12.616182369631147,84.22365717640152,3.1601604539673223,25.83679620073976,50.08447874332161,24.07872505593863,57.08231458842707,29.133387666395002,13.78429774517794,22.531405200116854,49.77267806884608,23.32630310334438,17.659659441600407,6.0,21.934986013311466,71.88980183663605,36.01739971000483,10.024166263895602,15.253745770903821,35865.0,0.4525,18889.0,59.41561614384834,10.583881578947368,60.05891739290536,60.043144774688386,20.400147293482267,98.56184084372005,24.450718055726036,0.0,4.519794325986121,4.333333333333333,31.79317536226673,27.309338031714073,31.8219409586135,15.421955341411671,3.81863291503362,4.433333333333333,9.649065692748218,5.215732359414885,"Union County, MS",Mississippi
1849,2042,1.9443215863701753,1.8133765248426708,train,39011,45873,49.5825431081464,50.4174568918536,97.3928018660214,0.4512458308809104,98.55859062194143,78.20090755405286,20.3576830678886,1.4414093780585462,14.042391017560318,83.07584063791738,2.881768344522295,22.96577531343039,56.868154379831196,20.166070306738405,51.378753632547635,31.16887310300291,17.452373264449466,8.878163260787742,13.2253434488415,8.66159284144827,12.045324280234555,5.0,26.78293006871861,76.58989721321387,31.7814544055406,4.578684109272797,10.141263123179243,54274.0,0.3907,25727.0,68.7395598276822,4.638472032742155,81.67309976247031,70.37191809444212,12.210510688836106,98.55133026883968,9.449228028503565,0.0,1.3777167396943737,6.8888888888888875,31.050945000326987,24.41305343012229,34.56717459071785,16.519521287031587,2.1559523030976826,6.988888888888887,6.1311143813838065,-0.8577745075050807,"Auglaize County, OH",Ohio
1850,1061,2.511404317020102,2.2484047903957753,train,21149,9500,49.46315789473685,50.536842105263155,97.77894736842106,0.4421052631578947,99.55357142857143,65.53571428571429,34.017857142857146,0.4464285714285714,12.890189520624304,85.38182831661094,1.7279821627647716,19.65454069615284,58.21774404606124,22.127715257785926,58.250950570342205,30.82889733840305,10.920152091254751,21.10697179350718,59.64028776978417,19.16306874792428,17.576465590484286,4.0,26.198347107438018,70.52407555200851,41.58020750199521,5.826017557861133,16.36073423782921,40770.0,0.4126,20910.0,59.169453734671144,8.3843617522374,70.01997457781006,64.52965847813061,20.755402215362267,98.681845416417,15.344107499546034,0.0,1.3263157894736841,12.222222222222221,29.368421052631568,24.62105263157895,33.48421052631579,18.315789473684205,1.7789473684210526,12.322222222222221,9.472612974304337,-2.8496092479178845,"McLean County, KY",Kentucky
1851,1262,1.8263398028248343,2.355496591011055,train,26075,159759,51.18021519914372,48.81978480085628,87.54624152629899,8.525341295326085,98.85886893774124,63.067069418806284,35.791799518934944,1.1411310622587685,15.250421077434616,81.36437815808077,3.385200764484628,30.1703069815903,45.710148702587176,24.11954431582253,44.973288448168624,35.021405832632,20.005305719199384,16.987891524066846,38.1364642631246,15.955010843798867,15.435738162293053,4.0,28.72544031785256,71.28286379165223,36.29581951114852,6.54222574309716,18.842732419006122,46326.0,0.4370000000000001,23377.0,61.55918142544878,9.796876965875887,68.93408817830506,76.58368666302842,21.747978480423466,98.55589605809999,14.034271116355095,0.1259392972587213,3.272429096326342,6.1111111111111125,29.20962199312715,27.015692386657406,35.129789245050354,15.444513298155346,3.928417178374928,6.211111111111112,10.5433633013418,4.3322521902306885,"Jackson County, MI",Michigan
1852,2193,2.9081146522293335,2.513720170105792,train,40137,44806,48.672052850064716,51.327947149935284,84.04454760523144,2.073383029058608,98.97177042437842,71.13479154982241,27.83697887455599,1.028229575621611,15.466316606002744,81.84855898323289,2.6851244107643653,21.09129358078967,52.93970338629345,25.969003032916888,53.253564989346025,29.43451893132273,17.311916079331258,15.306354180860245,26.61514309865959,15.634370799296867,19.276536060085057,5.0,33.894718278811396,73.10275352585627,36.39467203940004,5.35034698903067,14.226550257443476,43781.0,0.4621,24291.0,59.65656263998805,6.2625150180216265,65.89916940312922,61.77631578947368,15.441375313888352,99.23684210526315,22.700405640332235,0.0,6.8361380172298345,18.222222222222214,30.42003303129045,25.84921662277374,32.50457528009642,17.72307280274963,13.882069365709945,18.322222222222216,12.35079174722081,-5.971430475001405,"Stephens County, OK",Oklahoma
1853,2950,2.972691074407293,2.764270185142914,train,53009,72397,49.63603464231943,50.363965357680556,88.08928546762988,0.9171650759009352,97.06271912738606,62.32177639267628,34.740942734709776,2.9372808726139463,17.569811837622208,75.14167822350059,7.2885099388771915,25.21621272750742,48.18316767781077,26.600619594681806,35.600125352554066,39.651962320496985,24.747912326948967,15.011664183928726,28.829015544041447,15.543225907999842,20.36515870682292,5.0,46.3351712276797,60.26946776922833,46.09686791609464,6.1460362057405575,16.532039206921873,47253.0,0.4334,27000.0,52.07949190739602,9.897062680304222,63.98076971229687,68.77917896431445,21.421238450559628,97.7515427958143,19.78866715076245,0.4829621679635095,5.6894622705360725,19.444444444444443,23.060347804467035,21.782670552647208,34.24727543959004,26.19998066218213,10.99354945646919,19.54444444444444,15.867455459108195,-3.676988985336246,"Clallam County, WA",Washington
1854,632,1.9120085973796321,2.187454153663766,train,17087,12829,56.64510094317562,43.35489905682438,88.79881518434796,8.862732870839508,98.03837953091684,76.28997867803838,21.748400852878465,1.961620469083156,15.303983228511527,81.29513160959702,3.400885161891451,28.70607613469985,44.71083455344071,26.583089311859442,47.30365931949497,35.994008131821104,16.70233254868393,14.610150790731888,21.64179104477612,15.962758062339766,18.127799616052656,6.0,35.74017550553224,62.96800544588154,42.43249375992739,5.854322668481961,11.86748354889948,42287.0,0.4453,20014.0,53.863160344426355,10.002160293799957,68.79614767255218,64.34010152284263,22.76083467094703,97.80033840947546,15.184590690208669,0.0,2.9698339699119183,6.666666666666668,23.852209837087845,26.697326369943102,36.394107101099074,18.629667160339853,2.3384519448125345,6.7666666666666675,8.912494366618652,2.145827699951985,"Johnson County, IL",Illinois
1855,2183,3.080379747614276,2.427582759278083,train,40117,16499,50.08788411418874,49.91211588581126,79.81695860355173,1.1091581307958058,98.89696665831036,67.63599899724242,31.26096766106793,1.1030333416896465,11.793871413476387,83.79257091766236,4.413557668861253,22.449133953558725,54.095756750624005,23.455109295817266,55.115100879921776,28.388587681095014,16.496311438983202,13.828936850519586,23.924050632911392,13.755297586143358,18.356482897876766,3.0,35.247540590258346,72.4434533290857,38.59509397897419,5.081236062440269,12.854412233195289,45765.0,0.423,22603.0,59.02648416619422,6.078485181119647,62.57597987843221,64.77718360071303,17.753091595053448,97.96791443850269,24.607000628799,0.7130124777183601,2.739559973331717,21.66666666666667,30.910964300866727,24.049942420752767,34.080853385053636,17.649554518455666,19.073883265652466,21.766666666666673,11.331458086232793,-10.43520858043388,"Pawnee County, OK",Oklahoma
1856,2485,2.9081146522293335,2.599955471364378,train,47129,21794,55.74928879508121,44.25071120491879,94.1543544094705,4.313113701018629,99.39605110336821,72.49709639953542,26.89895470383275,0.6039488966318235,11.914953336607955,85.54487404392674,2.540172619465301,24.91396733489922,46.74714590047522,28.338886764625553,71.26724414501123,22.290664100096244,6.442091754892527,22.66081871345029,50.46494992846924,24.149038043005127,22.453267252060552,3.0,34.450171821305844,67.25915875169606,44.47761194029851,8.914518317503395,24.84396200814111,39049.0,0.4461,17646.0,51.8975797965626,8.380643417139767,64.16289592760181,57.34789391575664,24.542986425339368,97.90951638065522,16.5972850678733,0.374414976599064,1.1287510323942371,18.222222222222214,25.672203358722587,29.19152060200055,35.6933100853446,15.256492612645685,1.5325318895108746,18.322222222222216,13.46313852646437,-4.859083695757846,"Morgan County, TN",Tennessee
1857,1807,2.9496883350525844,3.0499022940259666,train,35033,4660,47.76824034334764,52.231759656652365,63.6480686695279,0.12875536480686695,100.0,69.31711880261929,30.682881197380727,0.0,18.446059250978198,80.49189491335942,1.0620458356623812,32.07202505219207,37.81315240083507,30.114822546972857,51.98863636363637,34.122474747474755,13.888888888888893,23.433476394849787,28.177458033573146,31.346013167520127,26.738197424892697,6.0,28.15371762740184,48.42805320435309,45.04232164449819,4.655380894800484,20.979443772672308,23822.0,0.4826,15591.0,34.33583959899749,5.4339010543390085,35.6420233463035,36.23898139079334,39.10505836575876,96.18021547502451,28.44357976653697,3.721841332027424,82.36051502145922,19.0,31.609442060085836,23.71244635193133,31.437768240343342,21.909871244635195,36.22317596566523,19.100000000000005,21.11328142803184,2.013281428031835,"Mora County, NM",New Mexico
1858,2866,2.0059743897979634,2.144116386392354,train,51109,33986,49.29088448184547,50.70911551815453,78.38815983051846,16.674513034779025,100.0,74.99301480860575,25.006985191394246,0.0,10.451564549372307,85.16020236087691,4.3882330897507975,26.24642857142857,53.771428571428565,19.982142857142858,54.22216740667653,25.201447130406184,20.576385462917283,10.003841948163252,14.830371567043619,10.168164207402524,14.615793201133144,6.0,33.199105145413874,77.15332449918155,35.10016369163614,3.5622417959310932,10.031958843245773,57829.0,0.4263,28323.0,64.89206479853344,7.685211876621505,70.44916137591207,71.8121998932954,11.645977447171422,97.74141917126087,21.354117312612527,0.3378979192601814,2.4980874477726123,7.333333333333332,26.758076855175663,24.280586123697987,37.91266992290944,16.721591243453187,4.9373271347025245,7.433333333333334,8.534496707135384,1.1011633738020503,"Louisa County, VA",Virginia
1859,2610,1.7711787615280343,1.833035109959648,train,48189,35504,51.647701667417756,48.352298332582244,84.05531771068048,4.906489409643983,98.7346856798554,62.90419763004621,35.830488049809205,1.2653143201446069,11.385124831162045,85.50825672084004,3.1066184479979086,29.057244024786076,46.91649454116258,24.026261434051342,59.89309827456864,25.412603150787696,14.694298574643659,23.000975134080928,53.23110624315444,21.963235683636174,11.022373773630054,5.0,18.63835788154184,82.15929818466083,28.08998523408321,4.9943542082862855,19.325979327716496,43375.0,0.42100000000000004,17910.0,65.24759226114378,7.739533668604272,60.326678765880224,49.65319301602489,10.318900700025926,97.943075819182,31.03966813585689,0.3109303994259747,57.91741775574584,5.777777777777778,36.11424064894096,31.038756196484904,28.39680036052276,12.466200991437585,11.03819287967553,5.877777777777778,6.2528359320271365,0.3750581542493583,"Hale County, TX",Texas
1860,2553,2.4069451083182885,2.116504832592491,train,48075,7059,57.37356566085848,42.62643433914153,80.76214761297634,9.633092506020683,100.0,71.37758743754459,28.62241256245539,0.0,16.12392582541836,78.19990954319312,5.676164631388513,32.80396174863388,45.901639344262286,21.294398907103826,53.183520599250926,30.066583437369953,16.74989596337911,20.212948651897648,40.521564694082244,21.183885996163333,16.245921346385025,6.0,30.830670926517573,73.02383939774153,34.92262651610205,7.193642827268926,13.592639063153491,36633.0,0.4526,19861.0,61.32971506105834,5.272861356932153,66.07814761215629,68.66597724922441,18.900144717800288,100.0,21.24457308248915,0.0,20.498654200311663,11.0,26.32100864145064,39.113188836945746,26.25017707890636,14.449638759031027,9.604759881002977,11.1,8.302069595639276,-2.7979304043607236,"Childress County, TX",Texas
1861,106,2.0780516873907815,1.9780121877168944,train,4023,47073,47.93830858453891,52.0616914154611,79.75484885178341,0.3505194060289338,99.90386037568408,63.710989498594884,36.192870877089184,0.0961396243159296,9.798904208561623,87.69642964657714,2.50466614486122,28.025796408517266,48.804692277756146,23.169511313726574,52.10928360057808,25.865391232537327,22.025325166884603,23.48986103081305,42.38691866638352,26.519211036369857,10.233412347577252,5.0,18.78690284487386,76.88000520867244,32.64535451526792,5.5797903509343065,24.916986782993693,40140.0,0.4613,17795.0,58.246741546038805,11.332817736530034,53.17196283124928,45.76745487617182,28.840197315590228,94.06744088428712,24.25528660471875,3.204141597873233,82.77568882374185,7.8888888888888875,36.42427718649757,24.682939264546558,31.304569498438603,15.250780702313433,19.894631742187663,7.988888888888888,7.228360071693811,-0.7605288171950768,"Santa Cruz County, AZ",Arizona
1862,1473,1.296248080435107,1.2130262288134928,train,28157,9345,52.63777421080793,47.362225789192074,28.871054039593364,70.65810593900481,100.0,31.50289017341041,68.49710982658961,0.0,16.634738186462325,81.14623243933589,2.219029374201788,46.712256706996314,31.81220410310363,21.47553918990005,65.28537920250197,20.20328381548084,14.5113369820172,32.26852407829952,110.08146639511203,34.47831687419493,25.51558752997602,6.0,8.70821295914156,58.61639139918978,40.63571205983173,18.10532876285448,28.63820504830165,29931.0,0.4734,15307.0,51.53256704980843,9.727385377942998,51.74924165824065,41.77407126611069,23.559150657229523,98.55951478392721,27.219413549039434,0.6823351023502654,0.08560727661851257,3.5555555555555562,27.27661851257357,31.118245050829326,31.77100053504548,14.895666131621187,0.4708400214018192,3.6555555555555563,3.3636484356400844,-0.2919071199154719,"Wilkinson County, MS",Mississippi
1863,459,2.232401036136941,2.2100333535771792,train,13159,13593,48.98109320974032,51.018906790259685,73.88361656735084,21.26829986022217,99.3355481727575,66.53578979160375,32.79975838115373,0.6644518272425249,12.296208996267927,84.54134747593794,3.1624435277941467,25.299428782015852,52.69025244149622,22.010318776487928,61.52000872314906,26.57289281430597,11.90709846254498,20.71093924295382,41.771602257924435,21.808828807273606,15.193063069739866,2.0,24.508850418206574,79.32971716388997,37.21425803951957,7.206509104998063,20.6896551724138,42368.0,0.434,20570.0,61.14712237281476,12.769033087054286,59.087066779374474,53.813782219884274,17.413355874894336,98.6322987901105,27.11025238497767,0.0,3.9799897005811817,9.222222222222221,31.229309203266393,25.777973957183853,35.518281468402854,14.345619068638268,4.848083572426986,9.32222222222222,9.116020439861062,-0.20620178236115727,"Jasper County, GA",Georgia
1864,232,2.366081404553173,2.6121955614913404,train,6097,495078,49.046210900100604,50.953789099899396,77.2573210685993,1.5615721159090081,99.24462071038622,69.32035257498036,29.924268135405857,0.7553792896137772,13.870532299039946,78.13597424536356,7.993493455596488,31.98264269379925,44.36314647545646,23.65421083074429,32.752579017156854,34.3550218252306,32.89239915761254,11.700871543956795,17.157770087720305,12.265139486753766,11.663047154166785,3.0,23.38076269277245,78.09907232855119,32.30341566284308,4.8210158588150085,7.756867005357276,64240.0,0.4565,34235.0,66.73315511333139,7.894747017767724,71.45244439856245,68.07199401768908,15.003839031660721,96.31907377323948,16.510417002716355,0.6588277764884867,25.808862441877853,10.555555555555557,27.27731791758067,27.99760845765717,35.098105753032854,15.960313324365051,21.1811068154917,10.655555555555555,13.628941205247267,2.9733856496917124,"Sonoma County, CA",California
1865,594,2.3555991282796627,1.9854825412105261,train,17011,34115,49.03414920123114,50.965850798768884,94.86149787483512,0.595046167375055,98.58950698655417,66.59636171895598,31.993145267598205,1.4104930134458211,15.653140207686707,82.46924933900449,1.8776104533088087,23.990243202525292,53.82739077408709,22.182366023387623,49.341007674341014,32.736903570236905,17.922088755422088,12.487336869078126,25.92592592592593,11.347668724717904,13.171628513818051,5.0,30.408540495680715,74.91977465592241,35.18505312700563,4.157455608642944,12.529415959495115,50423.0,0.4370000000000001,27304.0,65.75342465753424,7.472067039106145,73.3306455677065,69.63916706405978,16.48944212064708,98.63296773168018,13.16837171798619,0.15895724050230484,8.444965557672576,10.444444444444443,28.357027700425032,23.7109775758464,34.668034588890514,19.372709951634175,4.5434559577898295,10.544444444444443,7.282560673375198,-3.261883771069244,"Bureau County, IL",Illinois
1866,252,3.168284038752141,3.068477408305519,train,8023,3581,52.10834962301034,47.891650376989666,92.96285953644234,0.0,100.0,60.317460317460316,39.68253968253968,0.0,19.52908587257617,75.41551246537395,5.055401662049862,23.166666666666664,45.26666666666666,31.566666666666666,51.49225538345297,30.60068001511145,17.90706460143559,23.736386484222287,67.79661016949152,24.590163934426236,30.298799218095517,6.0,50.69252077562327,57.789979409746046,43.17089910775566,17.433081674673986,25.46328071379548,31321.0,0.5138,21809.0,49.411357340720215,14.155571128241064,42.00799200799201,44.5823927765237,37.46253746253746,93.11512415349888,26.72327672327672,1.4672686230248306,64.39542027366657,23.66666666666667,25.52359676068137,20.161965931304103,35.744205529181784,24.74169226473052,7.037140463557667,23.766666666666676,21.509128110377812,-2.257538556288864,"Costilla County, CO",Colorado
1867,882,2.455782938066032,2.1418406098733094,train,20001,13081,49.23935478938919,50.76064521061081,93.46380246158552,1.7047626328262364,99.609375,69.56380208333334,30.04557291666667,0.390625,18.05324459234609,77.33985024958403,4.606905158069884,25.645176649842874,49.36672697838301,24.98809637177412,42.798866855524075,39.02549575070822,18.1756373937677,17.954021159812264,29.015317286652078,19.853032756258568,19.1829760795278,6.0,34.52654734526547,72.72898605352431,36.29852996607615,8.537504711647193,14.248021108179419,38698.0,0.431,20671.0,63.52509179926562,7.01669877970456,68.95446655094139,74.34125269978401,16.717852850847912,99.09287257019436,17.29202830818534,0.0,3.0731595443773414,11.555555555555555,30.402874397981805,25.02866753306322,32.688632367555996,18.798257013989762,4.8314349055882575,11.655555555555555,8.515096183928206,-3.1404593716273492,"Allen County, KS",Kansas
1868,1204,2.118929313186954,2.042152517367442,train,24037,109614,49.867717627310384,50.132282372689616,79.12401700512706,14.253653730362911,99.19003341566177,74.93825366845851,24.25177974720325,0.8099665843382247,10.63078513959999,84.55194330247927,4.817271557920755,29.54692258004983,51.71403524960783,18.739042170342344,39.99440128770383,29.450626355938137,30.554972356358036,7.851657613785353,11.768793688427422,7.445930775161294,10.463691383777816,4.0,43.934274992831575,83.75388960071123,23.10226708155741,3.728786967549617,11.453076379991105,86987.0,0.3972,36668.0,70.38830055471506,4.4956297463820025,80.92482976545463,80.39956350205658,14.221074962540984,95.45874255015528,8.292907264824128,0.4113153697641233,4.505811301476089,8.222222222222221,32.28054810516905,29.24443957888591,34.151659459558076,11.440144507088508,6.622329264510008,8.322222222222221,7.707181198105238,-0.6150410241169828,"St. Mary's County, MD",Maryland
1869,1836,1.6072132174119893,2.4341662917356723,train,36029,921584,48.369003802149344,51.630996197850656,78.65414330109898,13.309475858955883,99.33487399122556,61.28236294491713,38.052511046308425,0.6651260087744466,18.208091249941216,76.91831938904492,4.873589361013852,36.44014942214633,42.44658498221134,21.11326559564233,37.91564527189463,30.504063246340714,31.58029148176465,15.04440788922652,29.98497767229375,14.798252218469438,13.111552869838322,1.0,24.654686181271742,73.56117081019522,33.147793107411324,6.242457802876352,16.834967584877468,51247.0,0.4604,28879.0,64.99919214655019,6.764410291795151,75.15016010101363,70.2989679311585,20.599314949039744,97.68614592844692,8.175964617327185,0.2524833291829225,4.966123543811523,4.888888888888889,27.601065122658376,28.64025417107936,34.22498654490529,16.248220455216234,8.036380839945139,4.988888888888889,11.406305217252752,6.417416328363863,"Erie County, NY",New York
1870,1181,2.366081404553173,2.6691021195287874,train,23021,17156,49.84844952203311,50.15155047796689,96.57262765213335,0.37304733038004206,98.54744996772108,55.55196901226598,42.99548095545513,1.4525500322788896,15.524749600812893,80.19306140223544,4.282188996951662,21.623093681917204,50.946350762527246,27.430555555555557,51.8441995714723,30.716253443526174,17.439546985001527,20.910062967803253,50.27295285359802,22.18780423046288,25.168908994771165,6.0,41.670817619013725,63.18236153539648,45.875946340815524,10.678708991897997,23.960685349980068,37495.0,0.4477,22856.0,52.761617467499825,10.291315001361284,55.18434318473856,62.29637414608513,30.839181575565878,98.31844456121914,18.730849065928634,0.3152916447714136,1.229890417346701,10.555555555555557,23.560270459314534,20.10375378876195,39.04173467008627,22.767544882256928,3.054325017486594,10.655555555555555,14.427009645392674,3.7714540898371194,"Piscataquis County, ME",Maine
1871,1763,2.5292778938193967,2.4736115470726476,train,33011,403972,49.558137692711384,50.441862307288616,90.78351964987672,2.388531878447021,99.50886950281445,71.1444013365926,28.36446816622189,0.4911304971855307,12.614197540938125,82.69974573809392,4.686056720967958,30.21427191032949,49.632210841627206,20.15351724804329,35.957147005991246,28.187173502278533,35.85567949173022,8.764224396087043,13.30928324753187,8.587362301641962,10.971481996260259,3.0,27.71753134175476,82.25091490129375,28.060409257254786,4.8869903613215815,9.266274934281737,71244.0,0.4292,35242.0,72.30159802804754,5.624813626309066,79.73855453269803,68.88849943529229,10.251191192117314,95.88737001986212,12.625094447271435,0.5393932312964911,5.8533759765528295,12.444444444444445,28.811897854306732,27.684344459517003,36.79537195647222,13.366767993821357,6.8279484716762555,12.54444444444444,11.865221369564145,-0.6792230748802961,"Hillsborough County, NH",New Hampshire
1872,2555,2.3014733641413554,1.7531327006948987,train,48079,2993,50.751754092883395,49.24824590711661,85.73337788172401,3.942532576010692,100.0,65.77992744860943,34.220072551390565,0.0,13.958028306490972,83.74816983894583,2.2938018545632017,30.539710399297928,48.39842035980693,21.061869240895128,63.86600768808347,23.94288852278968,12.191103789126851,20.047489823609226,31.11111111111111,22.872032426172552,16.480162767039673,6.0,12.37693389592124,73.49514563106796,37.57281553398058,8.058252427184467,17.76699029126214,39113.0,0.4965,18968.0,59.61357210179077,8.142292490118578,47.90313053750738,54.77855477855479,14.412285883047845,96.73659673659674,40.22445363260484,1.1655011655011656,56.231206147677916,9.888888888888893,38.12228533244237,26.42833277647845,30.5045105245573,14.333444704310054,10.324089542265282,9.98888888888889,5.77265839061629,-4.2162304982726,"Cochran County, TX",Texas
1873,344,1.7326383462202575,2.1868756090456944,train,12063,48900,55.46830265848672,44.53169734151329,69.19836400817996,26.74437627811861,99.25893153412231,57.33878995686318,41.92014157725915,0.7410684658776684,16.102989308313333,79.65774134222748,4.239269349459182,33.23729511173523,36.58572016560541,30.176984722659373,57.24155505847042,29.107795112835174,13.650649828694398,22.135099595772658,53.515089163237285,22.831242350061196,21.097056618376183,6.0,36.08709896922805,64.42455086148752,43.350297381813725,8.289901281501013,18.879146483536697,35098.0,0.4565,17196.0,55.10204081632652,12.830888551677628,60.874196059153654,66.04060913705584,24.747040268731308,98.81979695431473,20.642333374298467,0.12690355329949238,4.705521472392638,5.5555555555555545,24.713701431492854,29.95092024539877,33.94274028629857,17.267893660531698,4.057259713701432,5.655555555555554,8.90733958224941,3.251784026693856,"Jackson County, FL",Florida
1874,2630,0.09531017980432493,1.357056013580271,train,48229,3330,49.39939939939939,50.60060060060061,90.69069069069069,1.2612612612612613,100.0,60.02304147465438,39.976958525345616,0.0,10.616929698708752,87.23098995695841,2.152080344332856,31.05022831050228,41.210045662100455,27.73972602739726,73.23503127792672,18.543342269883823,8.221626452189454,40.283879689084145,176.43312101910828,43.90915347556779,25.31260561000338,3.0,19.861900893582455,69.52479338842976,44.42148760330578,6.714876033057853,24.586776859504127,26384.0,0.4948,15990.0,56.00191296030608,5.8923996584116125,45.17374517374518,35.56797020484172,16.28056628056628,93.1098696461825,39.31788931788932,1.86219739292365,78.43843843843844,1.0,33.873873873873876,24.53453453453453,33.27327327327328,16.126126126126124,8.048048048048049,1.1,3.884739829332108,2.784739829332108,"Hudspeth County, TX",Texas
1875,1292,2.6059764591510066,2.70583525820268,train,26135,8444,51.468498342018,48.531501657982,96.68403600189484,0.4381809568924681,100.0,69.54377311960542,30.456226880394567,0.0,18.024289099526065,79.10248815165876,2.8732227488151656,20.765790944661823,54.20626048071549,25.027948574622695,56.92209654293453,33.35988529552334,9.71801816154214,19.796772265391517,43.140794223826724,21.03195857882521,22.806808713248426,6.0,39.533861037818816,55.53445469343462,51.166576234400424,8.49158979924037,21.975040694519805,33021.0,0.4189,19520.0,46.481781973742436,12.599174865122185,55.18129156833298,77.85646836638337,27.011370950439826,98.91406987724268,24.67281699206179,0.9915014164305948,1.2553292278540975,13.444444444444445,25.27238275698721,19.31549028896258,35.91899573661772,25.556608242539077,2.8777830412126955,13.544444444444446,14.966812624146328,1.4223681797018823,"Oscoda County, MI",Michigan
1876,183,2.2902875651836396,2.362266696613915,train,5149,21835,49.48019235172889,50.51980764827111,81.9647355163728,2.729562628806961,99.76238347651251,64.39407786510692,35.3683056114056,0.23761652348747944,12.716041679665565,84.0019966306857,3.281961689648718,24.593578247034998,50.639282614984104,24.76713913798091,64.80998765262724,22.581972835779943,12.60803951159281,18.63784286378429,37.43059061080263,18.657212497230226,21.859039836567927,5.0,24.63892288861689,68.18004423051907,36.50318719916743,6.16625471575387,15.389618836997533,37804.0,0.4271,18288.0,57.54746342981637,7.777176852352621,61.26793881091311,56.81347916050844,20.29648320454187,99.49748743718591,22.74877779530043,0.2660360626662725,18.987863521868558,9.777777777777779,31.664758415388132,26.37508587130753,32.095259903824136,16.363636363636367,15.305701854820242,9.877777777777778,10.614985154494434,0.7372073767166558,"Yell County, AR",Arkansas
1877,1245,1.6925528191446069,2.355780852863716,train,26041,36712,49.49880148180432,50.501198518195686,94.16267160601437,0.2533231640880366,98.66238630283571,70.51899411449973,28.14339218833601,1.3376136971642592,17.070019207263837,79.79745067225424,3.132530120481928,24.238059383900215,52.16551543523096,23.596425180868827,43.194664255030524,37.93428291506519,18.87105282990429,17.238801838214936,32.39717340097844,18.210534952412207,18.189080491432986,5.0,40.111793148383114,66.33726490277336,41.829773669110615,6.464775262990117,17.462543831686325,42031.0,0.4268,23061.0,58.5594337658733,8.863609432397203,67.63624517149904,71.58827539195637,22.325126820868434,99.20927062031357,16.27961092753758,0.0,1.0432556112442797,5.333333333333333,26.19034648071475,22.35508825452169,36.590215733275215,20.600893440836785,5.584005229897581,5.433333333333333,10.54636080334467,5.113027470011338,"Delta County, MI",Michigan
1878,98,2.5640942911418034,2.4109756554680795,train,4009,37407,53.596920362499,46.403079637501,77.04440345389901,2.090517817520785,99.03605166763063,65.48101021785232,33.55504144977829,0.963948332369385,12.341549295774648,83.16461267605635,4.493838028169014,34.66648070016388,41.07186443041947,24.261654869416642,48.134819626086205,38.659703326604046,13.205477047309751,22.61503416856492,40.982923781757606,24.58962573867367,13.486340105927765,5.0,26.64641825320394,73.92097819144081,33.196459530979105,5.721324938406791,22.39255406515193,45964.0,0.4271,17481.0,59.30010420284822,13.940547664372527,60.12121862261317,53.23609845031904,27.24200815275692,99.15679124886051,16.369877708646214,0.1823154056517776,31.764108321971825,12.888888888888893,35.30889940385489,32.603523404710344,27.553666426069984,12.032507284732802,20.86507872858022,12.98888888888889,11.144829356090506,-1.8440595327983846,"Graham County, AZ",Arizona
1879,683,1.9909138641722421,1.8050649930463945,train,17189,14457,50.09338036937125,49.90661963062876,97.12941827488415,0.7401258905720411,99.04353562005275,73.05408970976255,25.989445910290236,0.9564643799472295,15.204154727793696,80.04118911174784,4.7546561604584525,24.76572958500669,53.304886211512716,21.92938420348059,43.66842002727449,35.408143385934146,20.92343658679135,12.916402563560816,20.387565603552684,13.440533980582526,12.394722066254909,6.0,31.974343203584922,74.1388263804743,33.68530379089493,2.8388436904967973,8.447290981478275,53202.0,0.4336,28683.0,67.23430813124108,5.41042302081952,76.92395785616125,63.32528180354268,15.139715987173613,96.61835748792272,10.158039395327533,1.6505636070853462,1.6047589403057343,7.222222222222222,27.51608217472505,25.23345092342809,35.42228678148994,18.074289271633123,2.13045583454382,7.322222222222222,6.080366617228239,-1.241855604993983,"Washington County, IL",Illinois
1880,1286,2.3014733641413554,2.4417407558386017,train,26123,48029,50.29461367090715,49.70538632909285,94.27637469029129,1.3762518478419288,99.49530724278378,71.17938728528421,28.315919957499556,0.504692757216221,12.243876671578304,83.93616725513638,3.819956073285329,23.89170809613353,54.16398341104042,21.944308492826046,55.12921860747948,31.003344481605353,13.86743691091517,18.202394550915933,35.677466863033864,18.66911306968972,17.874507987960175,6.0,32.04454488523429,68.18256175363977,40.26937128523911,8.01570423687224,22.803860624897762,43693.0,0.4239,21230.0,56.3747825366581,9.772226304188095,63.52719650406792,67.69154475576494,25.675915728141536,99.11976196379864,15.45457775251359,0.0,5.746528139249206,9.888888888888893,30.21507839013929,23.79395781715213,35.44525182702118,17.24166649316038,4.3473734618667885,9.98888888888889,11.493029898526498,1.5041410096376069,"Newaygo County, MI",Michigan
1881,898,1.410986973710262,1.3036479744938363,train,20033,2010,50.746268656716424,49.253731343283576,97.96019900497512,0.0,100.0,80.27888446215141,19.721115537848608,0.0,16.435506241331485,83.35644937586684,0.20804438280166435,20.42079207920792,57.24009900990099,22.33910891089109,36.68341708542713,39.33955491744436,23.977027997128506,7.231404958677684,10.51454138702461,6.893995552260934,14.204545454545455,6.0,27.6,79.08163265306123,40.81632653061224,3.571428571428571,5.612244897959183,45288.0,0.3968,23661.0,69.87447698744771,4.890219560878244,76.47058823529412,79.91071428571429,5.983772819472617,98.21428571428572,20.081135902636927,0.4464285714285714,4.27860696517413,4.0,31.243781094527364,19.104477611940297,31.044776119402982,24.875621890547265,2.039800995024876,4.1,3.6827066129710304,-0.41729338702896923,"Comanche County, KS",Kansas
1882,1617,1.3552622518721622,2.0402048176411354,train,30051,2369,48.96580835795695,51.03419164204307,96.20092866188264,0.0,100.0,87.14285714285714,12.857142857142856,0.0,17.37841043890866,81.19810201660734,1.4234875444839856,23.18766066838047,52.853470437018004,23.958868894601544,43.15600717274358,35.20621637776449,21.63777644949193,17.838765008576328,15.571776155717762,23.388704318936878,15.210907541542394,6.0,22.990952634379987,66.31944444444444,42.129629629629626,2.430555555555556,2.662037037037037,47768.0,0.474,23587.0,53.04254173397954,4.568527918781727,72.56637168141594,71.45708582834331,10.84070796460177,99.6007984031936,21.238938053097343,0.3992015968063872,0.8020261713803293,3.7777777777777777,26.551287463064586,25.158294639088226,32.08104685521317,22.07682566483749,3.7990713381173484,3.877777777777778,7.692184532636571,3.814406754858793,"Liberty County, MT",Montana
1883,2956,2.0059743897979634,2.087678865380113,train,53021,86443,52.11758037088022,47.88241962911978,69.82983006142777,2.0580035399049086,99.48746363762292,65.32068153483863,34.166782102784325,0.5125363623770606,8.090005611773863,87.02051012834671,4.8894842598794375,34.298639599176305,45.06347996692232,20.637880433901387,53.67351518984759,30.45518535898639,15.871299451166019,18.329783816583184,38.169814957594454,15.629241402351171,8.869771581133195,3.0,19.704673678345056,85.45197168857432,20.141557128412536,5.156723963599597,20.61071789686552,56980.0,0.4043,20412.0,69.9945770065076,6.8954830712016735,58.72040632424019,55.7147258163894,16.089129188170723,92.45224892174984,28.545097075448517,5.961182994454713,51.49751859606908,7.333333333333332,41.138090996379105,33.447474058049806,25.297594946959272,7.7542426801476125,28.112166398667327,7.433333333333334,8.066170750388096,0.6328374170547626,"Franklin County, WA",Washington
1884,360,2.89591193827178,2.2406899575182937,train,12093,39255,53.944720417781184,46.05527958221883,85.4286078206598,9.007769710864858,98.8063506779465,52.94935682002549,45.85699385792096,1.1936493220535405,11.758922068463221,83.78004369992716,4.461034231609613,31.21452538492897,41.17720844178243,27.608266173288587,66.66416960071916,22.702075061802386,10.633755337478462,27.74915763972042,71.06995884773663,30.878307882007018,15.027322404371589,5.0,26.13527368943277,65.5909857427564,41.09305534263376,7.1976084623639425,20.941284684960905,35405.0,0.4601,16931.0,53.94484108288335,11.703056768558953,45.04478749761768,56.654049962149884,23.89937106918239,97.32021196063587,34.60072422336573,0.5450416351249053,24.96242516876831,18.0,29.570755317793907,27.196535473188128,32.439179722328355,17.396509998726273,5.563622468475354,18.1,9.39981452330785,-8.700185476692152,"Okeechobee County, FL",Florida
1885,2648,2.465270675271141,2.5454103437328834,train,48265,50149,48.24423218807952,51.75576781192047,92.43055694031786,1.6351273205846582,98.43831337844871,64.16449765747006,34.27381572097865,1.5616866215512752,16.439560439560438,79.16224951519071,4.398190045248869,24.268901991428102,47.18808458241576,28.54301342615614,40.24025686448184,31.70117360496015,28.058569530558014,15.9081540110479,30.656934306569344,16.375942988341233,18.870531813286192,5.0,42.18180917222071,65.11124237054538,46.13605040362276,4.705650718645402,11.51801535735381,43810.0,0.4725,26265.0,55.844844566782,7.814054445147871,58.437129300118634,68.99310781906046,15.32473309608541,97.66299611819694,29.618920521945434,0.7050621880693971,25.32253883427387,11.666666666666664,25.71536820275579,22.52886398532374,31.82516102015992,26.144090609982253,5.934315739097488,11.766666666666662,12.74845826285909,0.9817915961924282,"Kerr County, TX",Texas
1886,668,2.1835512754360096,2.0600723534672225,train,17159,16127,49.69926210702548,50.30073789297451,97.35846716686302,0.4340546908910523,98.23545629997244,68.01764543700027,30.217810862972154,1.764543700027571,16.95695037791653,78.77916529740388,4.2638843246795926,22.881161635460447,50.110813909056176,27.008024455483376,44.96130925909454,34.14569065196122,20.893000088944234,15.078812432740396,26.888326707625588,15.383170548459804,16.76195262926431,6.0,30.465749039692703,70.62894048900506,39.304936183300015,5.5051514685529765,14.178071659234199,44127.0,0.4268,23498.0,61.93228064463617,5.151793928242872,70.13978494623656,65.20428667113195,22.021505376344084,98.62692565304756,13.096774193548384,0.0,1.4633843864326903,8.777777777777779,28.03993303156198,24.127240032244057,33.74465182613009,19.61307124697712,2.207478142245923,8.877777777777778,7.846537513975365,-1.0312402638024132,"Richland County, IL",Illinois
1887,537,2.1054882506179364,1.9007722937823057,train,13317,9991,47.33259933940546,52.66740066059453,53.19787809028125,42.35812231007907,99.90766389658356,54.93998153277931,44.96768236380424,0.09233610341643582,18.100967826314413,78.05388438399163,3.8451477896939577,29.31746417294146,40.551372358513476,30.13116346854505,63.72674336031814,20.6078682005397,15.665388439142165,28.517498214467913,98.69767441860463,29.23621648963076,18.170706864941945,6.0,26.696542893726,64.00399400898652,44.75786320519222,5.666500249625562,20.544183724413386,32727.0,0.4459,18392.0,53.60083649196184,7.851743477200682,60.649883949294775,63.3170731707317,16.586323870737367,98.1951219512195,25.60257096946974,0.0,3.933540186167552,8.11111111111111,28.205384846361728,23.961565408867983,33.50015013512161,20.848763887498745,4.443999599639676,8.211111111111109,6.691059911359281,-1.520051199751828,"Wilkes County, GA",Georgia
1888,290,2.8583840824027678,2.695919889888727,train,8101,161519,49.241884855651655,50.758115144348345,78.76225088070134,2.238745906054396,99.33636507852572,59.87520490719687,39.46116017132886,0.6636349214742743,15.68169011715432,79.23433386878379,5.083976014061883,30.62577385392714,44.12563158016166,25.248594565911198,41.0597984239748,37.31927905623251,21.620922519792696,19.770028491481238,38.19523897398044,20.923899288295857,18.279447119196686,4.0,36.0625015211624,70.73527541025315,33.39587838697366,7.874316244752578,20.096043760335835,41286.0,0.4471,22191.0,60.21055619562858,10.25665913282214,60.75075170794421,65.5793288904478,28.5107151584696,96.99910362835651,16.37288963971143,0.3039869051794692,42.293476309288685,17.333333333333332,30.236071298113536,27.855546406305145,32.10396300125681,16.526848234573027,18.999003213244265,17.433333333333337,14.819144466403259,-2.6141888669300783,"Pueblo County, CO",Colorado
1889,2086,2.6540241312485775,2.557858558899351,train,39099,234550,48.620763163504584,51.37923683649541,80.24642933276486,15.50245150287785,98.25537086242764,54.396589013161964,43.85878184926569,1.7446291375723495,18.073375990318137,79.36552404217888,2.5610999675029977,31.85522125527561,43.02542038245957,25.11935836226481,48.66235799834344,29.15606125644637,22.181580745210184,17.99773491448641,43.060658996446,17.36263736263736,15.61802805586724,3.0,29.662572888455767,70.99703446160139,36.67246139687085,7.4097555987319765,19.994887002761022,41375.0,0.4603,24056.0,61.965906697848645,9.010418995662477,68.13520233505099,59.49725360389533,21.573997333429432,98.00676404979492,13.682389823790135,0.4581324506488211,5.17245789810275,14.111111111111107,27.03432104028992,25.1438925602217,35.393732679599225,18.71413344702622,4.25111916435728,14.211111111111109,12.908145663853865,-1.3029654472572432,"Mahoning County, OH",Ohio
1890,2314,2.049841071903545,1.7619668143885174,train,45009,15432,47.68662519440125,52.313374805598755,35.82814930015552,62.305598755832044,100.0,50.68922305764411,49.31077694235589,0.0,19.54397394136808,78.31161780673182,2.1444082519001086,41.34869957950474,35.46176608004984,23.18953434044541,48.74443094370191,33.009315512353176,18.24625354394492,28.19697074486479,73.63433667781494,32.09129017233349,22.572195664985923,6.0,24.80575774924348,63.519675730450935,39.503462252997814,7.279175814896133,23.982435399425768,31314.0,0.5012,18215.0,51.134481616429284,10.979757085020244,51.22907395634668,54.66262319939347,28.23691460055097,100.0,27.67535494808222,0.0,1.2506480041472263,7.666666666666668,29.594349403836194,28.61586314152411,33.11301192327631,17.560912389839302,1.8662519440124417,7.766666666666667,5.82388062957317,-1.9427860370934962,"Bamberg County, SC",South Carolina
1891,2685,2.4069451083182885,2.4539339770747146,train,48339,502586,49.527643030247575,50.472356969752425,86.40590864051127,3.54347315683286,99.76506918638584,75.62851380403222,24.136555382353592,0.2349308136141668,10.335661606040862,85.42121944313874,4.243118950820393,25.587642713230355,53.63659200549578,20.77576528127387,38.013474328974105,29.80403491886805,32.182490752157825,12.002959831714715,20.43286242822205,11.322709601701753,10.516149049673217,2.0,26.48702001597788,83.51285514725407,26.01219132061095,3.7203154042415636,7.586095429409252,68838.0,0.4717,34215.0,66.56409946454426,5.88395532552438,71.56495401225905,60.048955783552934,8.08294112655278,95.44988976268593,22.600902129992882,1.3454160373591657,22.1669525215585,11.0,34.00910490940853,27.919997771525672,33.44243572244352,11.661287819398071,10.050618202655864,11.1,11.63402479889964,0.5340247988996403,"Montgomery County, TX",Texas
1892,2371,2.2082744135228043,2.171757479900897,train,46033,8394,49.97617345723136,50.02382654276865,93.41196092446987,0.2740052418394091,99.0015360983103,72.04301075268819,26.95852534562212,0.9984639016897079,14.885954381752699,83.49339735894358,1.6206482593037217,15.54546705186408,60.806163158618794,23.64836978951713,37.904209884075655,36.1195851128737,25.97620500305064,10.543289506325976,15.412186379928315,11.122047244094489,16.184470820969338,4.0,44.37201216862234,70.41766427241288,40.728917265230116,4.921521681298216,8.193668528864059,52218.0,0.4321,29934.0,58.48806366047746,4.938271604938271,75.80241767403083,67.6559356136821,15.027094622759481,99.59758551307849,15.90245935806586,0.3018108651911469,2.906838217774601,9.0,23.80271622587563,16.726233023588275,40.81486776268763,24.76769120800572,6.314033833690732,9.1,8.77369008284803,-0.3263099171519688,"Custer County, SD",South Dakota
1893,1870,1.62924053973028,2.1539293948411595,train,36097,18410,50.3096143400326,49.690385659967404,96.64856056491035,1.1189570885388376,96.7123287671233,70.35616438356165,26.35616438356164,3.287671232876712,15.312934631432546,80.75799721835884,3.929068150208623,26.90568475452197,47.855297157622736,25.239018087855296,48.97237069939021,31.566664157193397,19.4609651434164,14.482643152137516,22.666666666666664,15.625751623506774,14.876444247885455,6.0,34.323499491353004,70.04944054124383,41.72521467603435,6.765547749154306,13.47905282331512,47680.0,0.4136,25189.0,59.484728859339285,6.287111421585751,65.8477321814255,62.278328824767065,22.921166306695465,98.887886985272,14.713822894168466,0.3306281935677788,1.7273221075502443,5.0,26.029331884845192,22.715915263443783,38.66376969038566,18.756110809342747,2.232482346550788,5.1,8.618658058093175,3.518658058093175,"Schuyler County, NY",New York
1894,2149,2.792527505843612,2.5194314180912283,train,40049,27455,49.22964851575305,50.77035148424695,81.93407393917319,2.429429976324895,99.28078673124908,71.45163657713195,27.82915015411713,0.7192132687509173,15.696527229676402,81.10201262825572,3.2014601420678765,23.40631036703155,51.416613007083065,25.177076625885377,58.90843727871889,25.87831581240809,15.213246908873035,18.593836501199483,29.20200462606014,20.884462623747694,14.510380304978876,6.0,27.70394800659618,68.07520653309278,35.68512012154591,8.232836387807426,13.483999620169024,40524.0,0.4758,21644.0,54.03482953151828,4.094416704493872,64.656912209889,59.593729300066244,15.407416750756813,97.52704791344671,24.77295660948537,0.1324795760653566,7.393917319249681,16.22222222222222,31.20378801675469,25.85321435075578,32.132580586414136,17.137133491167365,15.63649608450191,16.32222222222222,12.421531996974348,-3.900690225247871,"Garvin County, OK",Oklahoma
1895,2082,2.366081404553173,2.4418373079535343,train,39091,45484,49.252484390115214,50.747515609884786,95.1257585084865,1.9633277636091813,98.30046350995184,64.33699900027266,33.963464509679184,1.6995364900481689,13.9337048987973,83.8691698445292,2.197125256673512,23.14974890919569,52.48483850607831,24.365412584725995,60.954257656027906,23.352500323039152,15.693242020932937,14.46183342250758,27.777113476025352,13.877224555088985,14.516271861855216,5.0,28.57890148212729,76.71137339055794,33.7392703862661,5.380901287553649,14.40450643776824,49783.0,0.4302,25428.0,64.45107852606317,7.306661822805502,71.22376588826485,67.70378713219768,15.862400236476502,98.54990848937071,16.70115282293822,0.8869491764043361,1.3455280977926305,10.555555555555557,31.05707501539003,24.978014246768087,34.596781285726856,16.08477706446223,2.9109137279043185,10.655555555555555,11.494139628442706,0.8385840728871514,"Logan County, OH",Ohio
1896,2043,2.3555991282796627,2.399205801235241,train,39013,69560,51.00488786659,48.99511213341,93.48907418056356,3.834100057504313,98.71639070332677,69.71745404830625,28.998936655020515,1.2836092966732493,16.51193887297039,80.83476599808978,2.653295128939828,26.620602801272998,48.1968719685495,25.182525230177504,53.95932496754652,30.952755595767282,15.087919436686207,14.5762763587537,27.43362831858407,14.761540980028375,16.632456020313526,4.0,31.18933333333333,71.56613567209592,37.186325398245934,6.3755145874351165,14.412027921961696,43833.0,0.4379,23684.0,60.82391874928678,8.223889931207005,69.75952645209027,74.66134795977727,19.726230114687386,98.17169450677305,14.095449500554938,0.09141527466134797,0.8280621046578494,10.444444444444443,24.669350201265093,26.322599194939624,36.13283496262221,18.41000575043128,2.676825761932145,10.544444444444443,11.01442526309973,0.4699808186552872,"Belmont County, OH",Ohio
1897,481,1.8440707637960658,1.8453706493947923,train,13205,22982,52.1712644678444,47.8287355321556,49.25158819946045,47.47193455747977,97.25354674427065,56.511458712259,40.742088032011644,2.746453255729356,17.285002621919247,78.77556371263765,3.939433665443105,37.790349779687745,36.97981831039547,25.22983190991677,65.66911716869429,22.958818554420663,11.372064276885045,28.663657104024075,68.0327868852459,32.514751822283934,18.304366665061867,6.0,26.32362200217504,67.92383292383293,37.45700245700246,10.466830466830467,31.96560196560196,31915.0,0.4508,15297.0,59.34778338026325,13.4282246496745,51.232423490488,47.06067274442,20.810587262200166,97.45363093366863,30.71960297766749,1.1945928953159384,4.355582629884259,6.222222222222222,31.18527543294752,28.874771560351572,32.79087981898877,14.354712383604562,3.276477243059786,6.322222222222222,6.330445731493533,0.008223509271311435,"Mitchell County, GA",Georgia
1898,2864,2.88975428334737,2.9007839668716917,train,51105,25206,52.459731809886534,47.54026819011346,93.93398397207017,3.8244862334364833,99.6493399339934,71.80280528052805,27.84653465346535,0.35066006600660066,14.846308228583501,83.7435301573888,1.4101616140276751,26.49165802620417,46.75747007257989,26.750871901215948,59.10589761608736,28.84480242175253,12.049299962160115,25.393949608157072,66.39916259595255,27.78788491341553,25.78949581598755,6.0,25.710912132244417,59.10005293806246,53.89094759131816,13.170989941768134,25.431445209105352,31086.0,0.4601,17899.0,47.24555009771299,11.771939631078816,53.45803423522916,61.349831271091105,29.94892324682496,99.19010123734532,23.302043070127002,0.7199100112485939,1.7614853606284218,17.88888888888889,24.38308339284297,27.25144806792033,35.41220344362453,18.102832658890737,2.2415297944933745,17.988888888888887,18.1883988837455,0.19950999485661214,"Lee County, VA",Virginia
1899,387,2.465270675271141,2.3473606203296447,train,13013,72012,50.07082152974505,49.92917847025497,80.50602677331554,11.578625784591456,99.41627328562002,68.92035937262068,30.49591391299933,0.5837267143799807,8.698576177391772,86.91658820590666,4.384835616701574,27.8427761528184,49.60820423933846,22.549019607843146,53.08267114585352,30.408941146068873,16.50838770807761,15.22689498163331,25.636387130120173,15.33494039852268,13.244101507005766,2.0,26.977198322899323,81.73599320882853,27.436332767402376,6.095076400679117,15.42020373514431,52012.0,0.3943,21411.0,67.66049761941329,9.783503106999973,66.96269581877607,57.90495921274115,12.248394004282654,94.91130389744914,23.40809196438634,2.2271138158746604,9.466477809254012,11.666666666666664,33.99572293506637,30.38382491806921,31.369771704715877,10.86763317224907,7.915347442092984,11.766666666666662,10.457930815996077,-1.308735850670585,"Barrow County, GA",Georgia
1900,1694,1.4637696732881809,1.36391783016909,train,31093,6347,50.95320623916811,49.04679376083189,98.06207657160864,0.11028832519300456,98.93404397068623,84.41039307128581,14.523650899400401,1.0659560293137909,16.038126813095733,81.12308329879819,2.838789888106092,21.446725317693065,58.00586510263929,20.547409579667644,49.67349696014411,31.16415221796893,19.16235082188696,10.41468819246597,14.857582755966128,10.66269204310938,14.382803856488064,4.0,32.56293850598432,75.5859375,39.5703125,3.2421875000000004,7.460937500000001,50030.0,0.4334,26658.0,69.41566514711977,3.2537313432835817,84.15453527435609,61.562998405103656,10.638297872340424,98.40510366826156,8.706606942889136,0.0,2.2687884039703796,4.2222222222222205,30.02993540255239,23.050259965337965,33.338585158342525,19.962186859933823,1.8276351031983613,4.322222222222221,3.9114878666478763,-0.4107343555743448,"Howard County, NE",Nebraska
1901,2692,2.1959892467282267,2.09746892958412,train,48353,15061,50.58097071907576,49.41902928092424,87.9224487085851,4.176349511984596,98.69611495476316,56.30654603512507,42.3895689196381,1.3038850452368278,15.29077233535131,77.89396441019997,6.815263254448725,26.09978088656666,46.24978931400641,27.650429799426927,56.09506248719525,31.7660315509117,12.138905961893055,21.21212121212121,43.619489559164734,22.103148024112524,19.17983193277311,5.0,25.43813064259161,73.6738703339882,34.220396499374885,7.233434541882478,17.378103232720132,37102.0,0.46299999999999997,20444.0,61.64506839452844,7.751824817518247,56.71830177854274,55.778055903212355,17.464142283419392,98.41468502294536,29.65002868617327,0.3337505214851898,35.5022906845495,8.888888888888891,32.20237700019919,27.14295199521944,31.073633888852008,16.798353362990508,7.901201779430318,8.988888888888889,8.145526896974406,-0.8433619919144828,"Nolan County, TX",Texas
1902,2008,0.2793138227812645,1.282191058630022,train,38049,5817,52.36376138903214,47.63623861096786,97.30101426852328,0.17190991920233795,99.77064220183485,71.78899082568806,27.981651376146782,0.2293577981651377,18.37057097720605,80.29790115098172,1.331527871812232,22.45762711864407,58.32627118644068,19.216101694915253,47.27807748896518,33.96272682687592,18.759195684158907,12.884078212290506,27.83300198807157,11.495983935742972,12.478215406064832,5.0,33.422638981915604,77.87576687116564,33.358895705521476,2.8757668711656432,8.243865030674847,57386.0,0.4809,34169.0,65.34988713318285,3.03972366148532,78.96314054540005,77.49313815187556,10.338627509739286,99.26806953339434,13.035660773149536,0.0,2.406738868832732,1.2222222222222223,28.072889805741788,24.13615265600825,33.78029912325942,19.597730789066528,2.5270758122743686,1.3222222222222224,3.6045288136502114,2.282306591427989,"McHenry County, ND",North Dakota
1903,1631,2.049841071903545,1.9499015802614887,train,30079,1372,53.42565597667639,46.57434402332362,96.86588921282801,0.0,100.0,88.99676375404529,11.003236245954692,0.0,15.495668912415786,78.055822906641,6.4485081809432145,19.625334522747547,58.429973238180196,21.944692239072257,56.03960396039604,28.217821782178216,15.742574257425742,17.75631500742942,35.874439461883405,17.986425339366516,17.294900221729492,6.0,35.875706214689274,67.27605118829982,46.43510054844607,4.570383912248629,0.0,42383.0,0.4042,23285.0,55.22531160115053,7.291666666666668,68.35260115606935,52.136752136752136,14.739884393063585,99.14529914529915,25.0,0.0,0.8017492711370262,7.666666666666668,27.98833819241983,14.431486880466476,36.078717201166185,26.895043731778426,3.1341107871720117,7.766666666666667,7.0279958530359155,-0.7386708136307512,"Prairie County, MT",Montana
1904,581,2.1054882506179364,2.005691753814931,train,16073,11364,51.59274903203097,48.40725096796903,88.51636747624077,0.07919746568109821,99.86919555264879,64.19228253760629,35.67691301504251,0.13080444735120994,12.380368098159508,82.88343558282209,4.736196319018405,27.013251783893992,48.17080077018914,24.815947445916862,62.258726899384,28.85694729637235,8.88432580424367,27.55147517604065,61.22015915119363,31.026749959955147,15.511404133998575,3.0,29.134335596508244,74.93000763553067,31.81471112242301,7.5591753626877045,18.22346653092389,33440.0,0.4497,16854.0,58.90998162890386,11.642411642411645,50.93304061470912,57.82997762863534,13.564371961737494,91.83445190156601,39.124980398306406,5.648769574944072,26.003167898627247,8.11111111111111,35.383667722632886,26.50475184794087,30.15663498768039,16.050686378035902,11.404435058078144,8.211111111111109,7.431232702730341,-0.7798784083807675,"Owyhee County, ID",Idaho
1905,446,1.8263398028248343,1.9262277446084186,train,13133,16331,48.81513685628559,51.18486314371441,59.1941705957994,36.34192639764864,100.0,47.4319306930693,52.5680693069307,0.0,13.507642175498487,82.62859802932735,3.8637597951741793,27.69423558897244,50.68553737284387,21.62022703818369,53.71324140222629,21.631500249210834,24.65525834856289,24.927374992273933,80.96304591265397,24.97104247104247,13.024637860591804,6.0,32.01009637448371,60.891605785000756,46.33964514686149,7.439988072163413,15.506187565230356,42408.0,0.5421,28209.0,49.24934220708869,6.835323695788811,57.05961452263559,63.20660330165082,16.069027341999107,99.19959979989996,30.109816225907664,0.12506253126563285,6.196803625007652,6.1111111111111125,23.874839262751824,22.791010960749496,32.63731553487233,24.781091176290488,4.4639030065519565,6.211111111111112,6.863570206406265,0.6524590952951526,"Greene County, GA",Georgia
1906,2863,1.9756230463738251,2.107407099935627,train,51103,11129,47.08419444694042,52.91580555305957,69.77266600772755,28.016892802587837,100.0,48.64864864864865,51.35135135135135,0.0,20.540598519789764,77.15327684221816,2.306124637992063,20.594283364178487,48.48858729179518,30.91712934402632,42.852276598160564,29.21539684342001,27.932326558419447,11.278059377262853,15.0,12.304734438836816,15.548311147333152,6.0,43.08002547229888,58.65608055770721,51.56855151045701,3.6018590240123936,7.920216886134777,50374.0,0.4507,31062.0,53.463226635263894,7.549058870644772,71.23458995890654,74.97329059829059,9.14775772735394,97.08867521367522,21.2077898874397,0.4273504273504274,1.563482792703747,7.1111111111111125,19.615419175128046,15.22149339563303,35.573726300655935,33.91140264174679,2.210441189684608,7.211111111111112,8.226882122322149,1.0157710112110365,"Lancaster County, VA",Virginia
1907,1623,2.5292778938193967,2.429411693342993,train,30063,111966,50.30812925352339,49.69187074647661,92.21995963060215,0.4563885465230517,98.77719258071905,69.21456377375773,29.562628806961303,1.222807419280971,16.508167052829357,73.12192366658597,10.36990928058466,36.6432938560862,43.599555346530416,19.75715079738339,27.33962238392333,31.93763737388906,40.72274024218761,15.998897514814644,16.176550230165176,19.772222679056,11.993639328356199,4.0,28.112177384381013,81.71757035003431,26.473490048043928,3.6933768016472213,13.656056966369247,46164.0,0.4586,26779.0,71.07996020434399,8.04894159091624,72.62064476707889,65.03457034005926,10.29316047447631,97.98222096796951,19.78534330459732,0.3739240863552985,3.0080560170051625,12.444444444444445,26.1373988532233,36.845113695228896,30.643230980833458,12.949466802422164,7.323651822874801,12.54444444444444,11.35220153935358,-1.1922429050908612,"Missoula County, MT",Montana
1908,155,2.0640458562018624,2.1522656125113553,train,5093,44864,48.624732524964344,51.37526747503567,61.72878031383738,34.64470399429387,99.4799834915394,50.29302517540239,49.18695831613703,0.520016508460586,15.113034208133447,81.47869438434766,3.408271407518891,29.470474875600427,43.57868093306871,26.95084419133086,56.94449314492093,29.892352466776533,13.163154388302535,26.77256613035179,69.31706633010798,27.25171369360753,21.278673631614808,5.0,24.2414974308784,73.39711802111896,37.73992182486436,11.463741905373082,23.77340878595181,34612.0,0.4732,19073.0,59.92225217881999,11.3790938579052,54.86341296148132,54.556715625553,24.974282775174302,96.99168288798442,24.779974854269057,0.5839674393912582,3.8338088445078458,7.777777777777778,34.13650142653352,27.63017118402282,32.277549928673324,13.041636947218262,3.6265156918687587,7.877777777777777,8.604330409458923,0.7265526316811455,"Mississippi County, AR",Arkansas
1909,656,2.145281299175379,2.139239400229777,train,17135,29348,52.07169142701377,47.92830857298623,89.23265639907318,8.753577756576258,99.60651046324448,63.67376140225362,35.93274906099088,0.3934895367554999,16.11832855294978,83.24616163320398,0.6355098138462404,25.928050479390315,47.824305498647874,26.247644021961808,56.14287082256057,30.90586996073925,12.951259216700182,14.758795028439016,24.58218743389041,15.09835536923573,13.84306172012394,6.0,34.874742621825675,69.4492489758762,37.096040054619934,6.2630860263996375,13.800637232589894,46966.0,0.4321,19866.0,56.06858679816206,5.3367979212472525,70.79990653477684,77.29179149191133,23.33515071267233,97.30377471539845,9.845003504945867,0.03994407829039345,1.6457680250783695,8.444444444444445,26.669619735586753,27.201172141202125,33.981872700013625,18.24996592612785,2.0137658443505515,8.544444444444444,8.492975416468749,-0.051469027975695525,"Montgomery County, IL",Illinois
1910,684,1.67189092708065,2.0173530595249334,train,17191,16555,49.53790395650861,50.462096043491385,97.19118091211115,0.6523708849290244,99.734395750332,75.98937583001329,23.745019920318732,0.2656042496679947,16.299386116795215,82.2997009286951,1.4009129545096806,20.338354233137935,58.573866587519476,21.087779179342586,47.805004762317076,38.410251969867524,13.784743267815394,14.510829885616939,31.517094017094017,13.341634794983545,16.71513389070641,6.0,29.394745073506414,69.98438165554451,36.575323015760326,4.429930427374699,13.758341615788725,44993.0,0.4206,23869.0,61.69060513303508,5.114503816793894,72.71961238677059,67.13889744379428,18.864546029070986,97.5669849091469,12.302506846429324,0.0,0.5859257022047719,5.222222222222221,29.145273331319853,23.781334944125643,33.663545756569015,19.81274539414074,2.156448202959831,5.322222222222221,7.518397820856126,2.1961755986339053,"Wayne County, IL",Illinois
1911,3114,2.158201375540483,2.1530919795503154,train,56005,48013,51.89011309437027,48.10988690562972,93.57257409451609,0.7914523149980214,99.91060786650776,72.23629320619786,27.674314660309893,0.08939213349225268,11.996363849627588,81.39112075538092,6.612515394991496,27.315042987788182,54.43842067794754,18.24653633426428,43.0744250778713,37.59361123997614,19.33196368215256,7.18633501126814,9.219044497254773,7.177378860155661,8.694374475230898,5.0,23.8783490224475,90.83952027412909,16.459166190748146,2.609937178754997,2.9525985151342087,80060.0,0.371,33925.0,78.46787864616823,3.8514545386821615,79.27702333943304,55.85644371941273,7.322867507785162,95.69331158238172,16.12892869755048,0.0,8.195696998729511,8.555555555555555,34.66769416616333,32.53493845416866,32.82236061066794,6.606544060983484,5.63597359048591,8.655555555555555,8.611443683184302,-0.04411187237125347,"Campbell County, WY",Wyoming
1912,426,1.561647248597752,1.6615583194643329,train,13093,14293,53.99146435317986,46.00853564682011,44.126495487301476,50.17840901140418,99.37565036420395,58.133888310787384,41.24176205341658,0.6243496357960457,15.961380443714054,80.46425636811833,3.574363188167625,36.014809828340624,37.57152473914507,26.413665432514303,68.49824208940231,22.330487192365645,9.171270718232043,29.197138314785377,65.92765460910151,35.353816210204364,16.887233536730328,6.0,27.18667835232252,68.72501998401279,41.84652278177458,10.111910471622704,30.29576338928857,28696.0,0.4588,14295.0,56.94330320460148,11.742424242424242,52.879581151832454,48.61641221374045,17.264397905759164,97.47137404580153,32.65706806282723,0.0,7.185335478905758,4.666666666666667,26.579444483313512,28.59441684740782,36.199538235499894,15.035331980689847,5.6950955012943405,4.766666666666667,5.2675129199719475,0.5008462533052809,"Dooly County, GA",Georgia
1913,937,1.6507930981160142,1.8682691473921789,train,20111,33462,48.59841013687168,51.40158986312833,88.18659972506127,2.5372063833602296,99.8674443266172,62.18186638388124,37.685577942735954,0.1325556733828208,16.570038516115954,75.67403202919117,7.755929454692883,35.13035141413769,43.86223680814189,21.007411777720414,45.47197416881087,28.913778315927548,25.61424751526159,21.50962166195169,33.68155619596542,25.63464662875711,13.561681140125268,5.0,22.08425205988163,79.68655816757085,27.34327908378541,5.236588306208558,13.969258589511757,40021.0,0.4405,20943.0,69.57068227345928,6.667795844625112,71.61818695283819,70.09257061476383,11.47980796385202,97.86375504391172,19.250682481408266,0.8544979824353193,20.414201183431953,5.111111111111111,30.7154384077461,35.06664275895045,29.017990556452087,13.232920925228619,9.276193891578508,5.21111111111111,6.4770758279225555,1.2659647168114452,"Lyon County, KS",Kansas
1914,2352,1.5380612495918724,1.9362200607236562,train,45085,107777,47.99910927192258,52.00089072807742,48.898187925067504,46.32342707627786,99.62420142803455,57.46335963923337,42.1608417888012,0.37579857196542654,14.027172324390275,82.17022736804647,3.80260030756326,33.118518952486966,42.39029820141778,24.49118284609526,47.489059317994716,33.268339182806876,19.242601499198404,18.00579820350743,35.80907314062339,17.930260401077522,19.114364874745068,4.0,46.42299043335748,74.24761529171083,32.035197554903746,7.658179487811491,19.97732370412364,41332.0,0.4367,20806.0,61.17149289651425,12.17293821519978,62.595980396852,60.97111247695144,21.06061331673132,98.47025882674316,22.17965295404116,0.4780441166427645,3.72064540671943,4.5555555555555545,31.42507213969585,30.086196498325247,31.12816278055615,14.025255852361822,4.778384998654629,4.655555555555554,6.932496965062114,2.27694140950656,"Sumter County, SC",South Carolina
1915,1342,1.166617017782167,1.26056722864157,train,27069,4480,50.245535714285715,49.75446428571429,98.10267857142857,0.6026785714285715,99.7944501541624,63.61767728674204,36.176772867420354,0.2055498458376156,19.11242603550296,78.04733727810651,2.8402366863905324,24.94594594594595,52.567567567567565,22.486486486486488,44.77379095163806,34.35257410296412,20.873634945397814,10.886541111621497,20.698254364089774,10.00649772579597,14.361091993576508,6.0,27.23379960034256,74.32008368200836,40.690376569037646,3.9225941422594137,6.589958158995818,52326.0,0.4296,29279.0,64.26461901949203,2.7113970588235294,77.81402936378467,71.94860813704497,14.804241435562803,97.4304068522484,10.399673735725939,0.10706638115631692,1.9419642857142856,3.111111111111111,28.30357142857143,18.772321428571427,36.25,23.169642857142854,1.2946428571428572,3.2111111111111112,3.5274217746631127,0.31631066355200144,"Kittson County, MN",Minnesota
1916,913,0.5690945318899665,1.0280457241840135,train,20063,2735,50.639853747714795,49.360146252285176,96.89213893967093,0.9872029250457038,100.0,84.60291734197732,15.39708265802269,0.0,15.395823215152989,84.21563865954347,0.38853812530354537,14.25329096686337,67.68043576940535,18.066273263731283,44.641051567239636,33.923154701718914,21.435793731041453,8.180799402316026,10.752688172043008,8.368421052631579,13.129429317418873,6.0,28.50356294536817,79.07563025210084,37.563025210084035,2.26890756302521,4.705882352941177,46364.0,0.4193,25484.0,66.73142302088392,1.9650655021834065,80.9027777777778,70.75928917609045,6.1111111111111125,99.03069466882069,15.694444444444445,0.4846526655896608,2.120658135283364,1.6666666666666667,27.458866544789768,20.767824497257774,32.10237659963437,24.09506398537477,2.120658135283364,1.7666666666666668,2.795597124903495,1.0289304582368282,"Gove County, KS",Kansas
1917,1920,1.6925528191446069,1.8293245170038566,train,37073,11724,49.394404640054596,50.605595359945404,64.16751961787786,33.606277720914356,99.30822444273636,70.09992313604917,29.208301306687158,0.6917755572636434,11.367398741860724,85.25549056395542,3.377110694183865,28.81973355537053,53.111990008326394,18.06827643630308,52.93183483997068,33.82604446616174,13.242120693867578,14.155877561519336,34.470284237726105,12.18274111675127,17.968346808876657,2.0,33.05448541552009,73.30758746024534,36.89232167196729,6.724216265333939,16.447069513857336,49258.0,0.3867,22035.0,61.03723404255319,11.98257080610022,70.77857849371203,66.974833076528,16.645471244877776,94.40164355418594,16.659601526070368,0.0,1.8594336403957687,5.333333333333333,28.198567041965198,24.027635619242577,36.796315250767655,16.982258614807233,2.2262026612077794,5.433333333333333,6.229677195957249,0.7963438626239165,"Gates County, NC",North Carolina
1918,2799,2.158201375540483,2.1277410620895116,train,50001,36943,49.684649324635245,50.31535067536476,94.88401050266629,0.9609398262187696,99.56389010030529,71.72554150312546,27.838348597179824,0.43610989969472297,14.113185316101475,81.74085938362973,4.1459553002687874,31.82006040375139,49.13686218407248,19.043077412176125,39.86644938193092,24.611471044159146,35.522079573909934,9.154847028484351,14.854827819041187,8.948795661189983,13.681429427466366,6.0,22.719552402837444,80.45479910714286,33.726283482142854,4.917689732142857,12.220982142857142,59688.0,0.4175,29561.0,68.15314408428964,5.647186253754122,73.09323796057556,67.4774148714385,21.878898777343426,98.08895066018069,8.442152540963153,0.01737317581653926,2.0545164171832284,8.555555555555555,27.27715670086349,27.78063503234713,37.4522913677828,16.057169152478146,4.155049671114962,8.655555555555555,8.395879603324165,-0.2596759522313903,"Addison County, VT",Vermont
1919,970,2.4169053500233435,2.316952871269513,train,20177,178792,48.5385252136561,51.461474786343906,82.79565081211688,7.873954091905677,99.1562154186647,65.12126521578753,34.03495020287718,0.8437845813353005,16.98863549457777,77.66178742409642,5.349577081325808,28.895088579841318,47.45082606587445,23.65408535428423,40.28361563980646,30.76151718490169,28.954867175291852,15.165852315738766,26.61104207349547,15.290592224587964,14.59115483874643,4.0,34.529334143846285,75.66416321040242,32.78360049321825,5.218024885102566,12.749411500952807,50378.0,0.4429,26691.0,67.16074429590154,6.481210126468135,73.9528932278091,75.88087090587749,13.742476659873939,97.75880870905875,16.493057201080518,0.2669875531154816,11.508904201530273,11.111111111111107,30.89288111324892,26.89941384401986,33.111660476978834,15.545997583784509,9.33039509597745,11.211111111111107,10.144714909131984,-1.0663962019791224,"Shawnee County, KS",Kansas
1920,1240,2.3555991282796627,2.5736727088733105,train,26031,25690,49.789801479174784,50.210198520825216,93.18801089918257,0.6734137796808096,99.13264226782314,66.53268457795643,32.59995768986672,0.8673577321768563,15.173382409918638,82.15807826423867,2.6685393258426964,21.683010262257696,56.2782212086659,22.0387685290764,50.29166666666667,31.56770833333333,18.140625,18.172111049592658,43.00405110626364,18.390344354192887,20.53413164217907,6.0,35.03901201474319,65.08954824913124,45.95919094716208,7.252962665953845,18.444266238973533,40219.0,0.4491,23631.0,55.16339869281046,13.384237317886608,58.889343703097275,74.98749374687344,25.35134397598581,97.88227447056862,21.21026060854141,0.050025012506253116,1.261191124951343,10.444444444444443,24.091086025690927,20.19852082522382,37.49708057609965,23.88478007006617,6.13857532113663,10.544444444444443,13.11389963936014,2.5694551949156974,"Cheboygan County, MI",Michigan
1921,2204,2.232401036136941,2.5825624599777814,train,41005,389438,49.20911672718122,50.79088327281878,89.27146297998655,0.9128539074255724,99.10978212488159,74.03074675584062,25.079035369040962,0.8902178751184104,12.22588783233068,82.25740613101173,5.516706036657588,25.712644075140425,52.5455498795907,21.74180604526887,30.428802259928784,36.51973925036328,33.051458489707926,9.547271856845263,13.617784341130244,9.706283179697405,11.838865613922012,2.0,30.054733629668945,78.50015382351759,31.349232888805666,3.447653188159601,13.674241917577346,65965.0,0.446,34047.0,66.48441898974149,7.915929580499831,77.85064373398983,69.2687995441519,12.033001763199046,96.4571217885334,13.665208423433914,0.3184233018820493,8.183844411690693,9.222222222222221,29.22519117292098,25.683420724223108,36.23452256841911,15.522881691052234,9.815683112587882,9.32222222222222,13.23099866257761,3.908776440355391,"Clackamas County, OR",Oregon
1922,1743,2.6461747973841225,2.4165257476497546,train,32005,47259,50.265557883154536,49.734442116845464,89.15127277343998,0.5543917560676274,99.62229598260271,69.17706306512534,30.445232917477394,0.377704017397276,12.532042898247447,82.44572325398902,5.0222338477635375,20.74978204010462,56.36069248972475,22.889525470170625,31.889786008695157,42.93094686917735,25.17926712212749,10.625506331812561,19.617622610141314,10.281235592438913,15.581286250426473,5.0,40.32804839887347,69.59401385307649,41.255877445775816,3.8020122351989483,8.903382375246474,58535.0,0.4415,33057.0,57.47307178237283,8.317373461012313,71.68845516479469,71.56880567169604,14.667648683483705,97.27322305035447,19.020438225004607,0.9452826758771132,11.864406779661017,14.0,23.9552254597008,20.51249497450221,37.39605154573732,23.479125669184707,10.294335470492392,14.1,11.206856154369694,-2.8931438456303056,"Douglas County, NV",Nevada
1923,1550,1.410986973710262,1.5782789148646479,train,29147,23186,49.814543258863104,50.185456741136896,94.11282670577071,2.859484171482792,99.26931106471815,65.44885177453028,33.82045929018789,0.7306889352818371,15.93848085373509,68.22975517890772,15.831763967357187,43.40274301731906,40.124136550205215,16.473120432475724,49.75590236094438,26.31452581032413,23.92957182873149,28.55993968333752,40.65731166912851,39.81747066492829,13.184347513911328,5.0,18.55960006249024,78.46171613350272,26.76983485390923,3.7417715671555607,13.51195288139508,35854.0,0.4522,18307.0,65.01936398843614,6.9379194630872485,78.97479320002607,67.98657718120805,10.558197095030287,98.82550335570473,13.319872337653878,0.4697986577181208,1.475028034158544,4.0,29.68170447683947,44.337099974122324,24.82963857500216,13.792806003622875,3.027689122746485,4.1,4.846607205349476,0.7466072053494761,"Nodaway County, MO",Missouri
1924,1191,2.48398029492787,2.1233931298931106,train,24011,32661,48.48290009491442,51.51709990508557,81.0109917026423,13.80239429288754,99.83403549087194,61.20260436614325,38.63143112472872,0.165964509128048,11.802954854109222,84.30799621383595,3.889048932054817,28.93455507418625,47.55587930836177,23.509565617451983,57.87987796548428,26.642684759346114,15.477437275169619,15.839795695910805,33.079056865464636,14.951776052693482,14.431807617217762,6.0,29.68150809348888,80.80536912751678,30.981543624161077,5.494966442953019,18.187919463087248,52465.0,0.4248,24943.0,67.41853610610774,8.427955552856883,66.3276664642785,66.25214408233275,23.14308844363489,97.94168096054888,16.352964986844768,0.7718696397941681,6.077584887174307,11.888888888888893,30.482838859802214,25.633017972505435,35.37246257003765,14.858699978567712,5.186614004470163,11.988888888888894,8.359454133200725,-3.6294347556881696,"Caroline County, MD",Maryland
1925,542,2.0208114572284313,1.920987751599388,train,15005,85,49.411764705882355,50.58823529411765,37.647058823529406,0.0,3.0,3.0,3.0,3.0,44.59459459459461,55.405405405405396,0.0,30.952380952380953,25.0,44.04761904761904,41.02564102564102,24.35897435897436,34.615384615384606,15.18987341772152,3.0,17.910447761194032,12.0,4.0,26.58227848101265,87.03703703703705,25.92592592592593,3.7037037037037033,9.25925925925926,66250.0,0.4008,46769.0,86.4864864864865,0.0,86.20689655172413,18.75,3.4482758620689653,87.5,10.344827586206897,12.5,4.705882352941177,7.444444444444445,3.5294117647058822,31.764705882352942,42.352941176470594,24.70588235294117,62.352941176470594,7.544444444444446,6.8276992104690395,-0.7167452339754066,"Kalawao County, HI",Hawaii
1926,917,1.4637696732881809,0.8951929486811052,train,20071,1224,49.91830065359477,50.08169934640523,87.17320261437908,0.8986928104575163,100.0,69.77611940298507,30.223880597014922,0.0,12.715517241379313,86.3146551724138,0.9698275862068966,19.46107784431138,64.97005988023953,15.568862275449105,42.17002237136465,32.32662192393736,25.50335570469799,8.110367892976589,16.017316017316016,6.912442396313366,15.050167224080267,6.0,25.41841004184101,80.08213552361394,35.728952772073924,1.6427104722792611,2.6694045174537986,47750.0,0.3859,25994.0,64.33189655172413,2.177554438860972,85.77777777777777,75.09881422924902,5.925925925925927,100.0,10.666666666666668,0.0,22.7124183006536,4.2222222222222205,26.22549019607843,19.852941176470583,35.94771241830065,22.30392156862745,11.928104575163404,4.322222222222221,2.4478080452342086,-1.8744141769880125,"Greeley County, KS",Kansas
1927,1598,2.4462043207689623,2.4457783552850145,train,30013,82090,50.064563284200275,49.935436715799725,88.6514800828359,1.2425386770617617,99.30217461863032,65.05463594071189,34.24753867791843,0.6978253813696852,17.563972013270703,77.74529448477483,4.6907335019544725,26.958407372827764,49.5075746167515,23.534018010420752,40.480838756326825,34.05459146782357,25.464569775849604,15.290803230451383,30.075671045117076,14.910988908565571,14.404807569364527,4.0,47.32843258177513,74.98224011366327,33.93026284631778,4.3630120767227085,12.147762254321576,45205.0,0.4515,25870.0,64.49532678972228,4.947409427347098,69.19036445439475,67.05411729187108,15.785848061481495,97.91682391123858,20.424945643984238,0.4830553249301834,3.948105737605068,11.444444444444445,28.39931782190279,29.43233036910708,31.382628822024607,16.57449141186503,10.105981240102327,11.544444444444444,11.539527956781122,-0.004916487663322755,"Cascade County, MT",Montana
1928,3059,1.9443215863701753,1.885943821902724,train,55039,101920,48.973704866562,51.026295133438,93.58516483516485,1.1646389324960753,98.82963159994681,72.20375049873654,26.62588110121027,1.1703684000531984,15.295511386073446,81.72963011715152,2.9748584967750427,27.65970213736244,53.32965305363208,19.010644809005484,47.16425972253809,31.31538549010689,21.520354787355014,9.188800421402377,14.104010667760795,9.010819826369584,11.512068621583884,4.0,27.08498808578237,78.17575300104703,32.12155153522121,4.387737709708054,11.022912659183326,55473.0,0.4056,27474.0,70.342102553542,5.216548039448886,80.25193798449612,67.96399594320486,14.291020671834623,98.4787018255578,9.14405684754522,0.2535496957403651,4.757653061224491,6.8888888888888875,28.67935635792779,26.587519623233913,35.2089874411303,16.05769230769231,5.250196232339089,6.988888888888887,6.592573722081241,-0.39631516680764634,"Fond du Lac County, WI",Wisconsin
1929,1646,1.296248080435107,1.1961974950671979,train,30109,986,49.18864097363083,50.81135902636918,100.0,0.0,98.4375,64.0625,34.375,1.5625,19.220779220779214,78.18181818181819,2.5974025974025974,19.9288256227758,54.685646500593116,25.38552787663108,52.016689847009744,27.95549374130737,20.02781641168289,15.327695560253696,21.379310344827584,17.378048780487802,15.280665280665286,6.0,36.649874055415616,72.32142857142857,39.955357142857146,4.464285714285714,6.919642857142858,38553.0,0.4268,23875.0,60.12987012987014,3.0237580993520514,65.53030303030303,79.33884297520662,13.068181818181818,97.5206611570248,26.32575757575757,0.0,1.3184584178498986,3.5555555555555562,25.86206896551724,16.93711967545639,36.612576064908716,26.97768762677485,0.0,3.6555555555555563,3.307516134223543,-0.34803942133201327,"Wibaux County, MT",Montana
1930,1650,0.09531017980432493,0.45664916437586567,train,31005,448,49.776785714285715,50.22321428571429,98.88392857142857,0.0,100.0,90.51094890510949,9.48905109489051,0.0,20.578778135048235,75.2411575562701,4.180064308681672,22.12121212121212,57.27272727272727,20.60606060606061,27.55102040816326,39.795918367346935,32.6530612244898,8.035714285714286,0.7352941176470588,12.681159420289855,11.383928571428573,6.0,27.97427652733119,71.66666666666667,41.111111111111114,3.888888888888889,2.7777777777777777,39375.0,0.4832,22035.0,64.30868167202573,4.0,76.65198237885463,70.23809523809523,10.572687224669604,100.0,17.621145374449338,0.0,0.0,1.0,35.491071428571416,19.642857142857142,31.026785714285715,18.75,1.1160714285714284,1.1,1.5787748965996056,0.4787748965996055,"Arthur County, NE",Nebraska
1931,1406,2.1709566505156093,2.046901768881174,train,28023,16362,47.304730473047314,52.695269526952686,64.18530741963086,35.026280405818355,100.0,58.20506130967911,41.7949386903209,0.0,15.016435500681473,84.4464042331436,0.5371602661749378,27.502083491173572,47.253579816652774,25.244336692173647,54.67084639498433,31.401701746529326,13.927451858486345,21.275287462337825,46.38856701429122,22.11670256510672,22.899546179320488,5.0,24.708419875379448,67.00585877274129,43.64785692260253,9.589885908109776,21.214924452667283,35993.0,0.4508,20071.0,57.42002725887917,11.742530019547612,63.045069538847635,51.75257731958765,22.064205793161143,99.45017182130584,20.05646763567918,0.0,0.782300452267449,8.666666666666666,29.39738418286273,24.09240924092409,34.61679501283462,17.797335289084465,0.7884121745507884,8.766666666666667,7.7438715970795515,-1.022795069587116,"Clarke County, MS",Mississippi
1932,1860,1.7520942128356236,2.009963418025105,train,36077,61399,48.653886871121685,51.346113128878315,94.03084740793824,1.9185980227691004,99.383429672447,67.495183044316,31.888246628131018,0.6165703275529866,14.429294040026393,78.67824939520564,6.892456564767977,35.62389029503986,44.01609308299649,20.36001662196366,44.53393845693483,27.724303027280435,27.74175851578475,16.467517710349235,24.18111753371869,18.756452612017345,12.740982203124744,5.0,28.529290307356497,74.64460991707564,39.25368082585886,5.1996953799289205,11.558639363682518,48588.0,0.4365,24625.0,60.01232898504614,6.812684316909111,74.40739151288719,70.34192037470726,18.73122459798551,97.4519906323185,10.302173528892027,0.3747072599531616,3.430023290281601,5.666666666666668,26.9092330493982,31.10962719262529,33.72530497239369,18.00680792846789,4.050554569292658,5.766666666666667,7.46304432942516,1.6963776627584934,"Otsego County, NY",New York
1933,289,2.3014733641413554,1.9904110301902513,train,8099,12235,50.15937883122189,49.84062116877809,95.17776869636292,0.6620351450756028,99.47514665020068,63.754245137388104,35.7209015128126,0.5248533497993207,15.078534031413612,83.81617219313554,1.1052937754508436,26.526977475117864,52.75013095861708,20.722891566265066,46.47308235898754,39.98458178080432,13.542335860208144,19.047619047619047,36.51804670912951,19.32021466905188,18.473029045643152,6.0,32.67359946326736,78.21252059308073,28.850906095551892,7.145799011532126,18.78088962108732,40179.0,0.4326,20087.0,67.86363636363636,9.645010046885464,63.20080091533181,55.80752212389381,21.10983981693364,98.11946902654869,18.006292906178487,0.05530973451327434,35.94605639558643,9.888888888888893,34.57294646505925,25.94196975888844,32.09644462607274,15.398447078054762,4.1601961585615035,9.98888888888889,7.31854128559277,-2.670347603296121,"Prowers County, CO",Colorado
1934,1158,2.943854012785326,2.5466920003435725,train,22103,242960,48.555317747777394,51.44468225222258,83.73394797497531,11.747612775765555,99.47853524869221,68.89811508760275,30.580420161089428,0.5214647513078137,10.85861667313772,85.74629763159355,3.395085695268734,26.07044305956035,52.19979536787275,21.72976157256689,38.53694542215933,30.910566030830044,30.55248854701064,11.44139418313225,17.921154036162434,11.358266866529725,14.725309463596432,2.0,30.77606927661256,79.51390448807223,30.79877802237297,4.565568983332584,10.631654611617774,62137.0,0.4577,31022.0,65.5284760419384,7.192830885466957,73.01577520335223,57.721956795732325,11.944375975679893,96.25992906762023,18.327718894640263,0.7884632294750418,5.1790418175831405,18.88888888888889,31.55457688508397,25.492262100757323,35.373724069805725,14.318406322028318,4.518439249259137,18.988888888888894,12.764807883729562,-6.2240810051593325,"St. Tammany Parish, LA",Louisiana
1935,897,2.0918640616783932,1.9496424820967946,train,20031,8458,50.200993142586896,49.799006857413104,96.16930716481436,0.7803263182785528,99.32677369238735,70.79233557742104,28.53443811496634,0.6732263076126359,15.492957746478872,82.8169014084507,1.6901408450704225,18.30273239843863,57.221338730663575,24.475928870897786,43.96435776731675,35.02017484868863,21.015467383994626,9.998799663905896,16.575258988421695,9.578282397131636,13.71914689671699,6.0,30.763335377069286,77.75287195292798,36.48080694872513,4.5390865788736345,9.63855421686747,57433.0,0.4056,29382.0,67.63834762275916,4.90896519935469,77.7097366809553,69.1952506596306,11.655439885690956,98.54881266490764,14.329454990814453,0.32981530343007914,2.435563963111847,8.0,29.676046346654054,22.523055095767322,35.58760936391582,19.058879167651924,3.0503665169070704,8.100000000000001,7.026175148089756,-1.0738248519102456,"Coffey County, KS",Kansas
1936,3122,2.4169053500233435,2.2500825534356723,train,56021,95431,50.20486005595666,49.79513994404334,87.8592910060672,2.9099558843562363,99.09993792675355,69.10525849073335,29.994679436020217,0.9000620732464307,14.050925273920514,80.40165619806777,5.5474185280117165,26.01567414552317,51.03795344936046,22.946372405116378,33.21231828011302,38.948431802755984,27.839249917131,10.053761710073076,16.042611538867206,9.755157420827038,12.230636088273474,4.0,48.07967270204843,81.23290609749557,28.731163189789253,3.861210918646431,8.304284871561109,60706.0,0.405,30047.0,68.56917901367117,4.770454498006222,75.79135555789253,73.71299117256464,12.16566761313843,97.56269041481134,16.67718301959547,0.3202874775408172,14.012218251930713,11.111111111111107,29.754482296109227,30.3926397082709,32.153073948716866,13.757584013580495,9.230753109576552,11.211111111111107,9.48851911387925,-1.7225919972318575,"Laramie County, WY",Wyoming
1937,1004,2.1835512754360096,2.28329291294778,train,21035,38106,48.23124967196767,51.76875032803233,91.31895239594814,3.9075211252821074,98.18128049682093,70.22031642762087,27.960964069200074,1.8187195031790624,18.10298683224494,74.18192199264891,7.7150911751061635,35.241149623781915,42.0223263846059,22.73652399161219,44.20695946826535,28.263608323558802,27.52943220817585,23.117302644861702,29.15114683395413,30.28531663187196,13.54609175870858,5.0,22.87051582085725,70.04179587434272,33.160307401914515,5.27167318322772,12.612916273425915,37034.0,0.4887,20701.0,59.768625036456136,8.973107785729777,73.49844460397226,66.49956784788246,14.604769881151789,97.66637856525496,14.644651830581482,0.17286084701815038,2.503542749173359,8.777777777777779,27.032488322049023,38.02813205269512,28.44958799139243,15.63008450112843,4.773526478769747,8.877777777777778,9.808927230885107,0.931149453107329,"Calloway County, KY",Kentucky
1938,643,1.3835127181580138,1.7982584547943665,train,17109,32009,48.90499547002406,51.09500452997594,90.3370926926802,5.054828329532318,98.97005531184436,68.4913217623498,30.47873354949457,1.0299446881556362,18.5380557648832,69.87898399751761,11.582960237599185,44.227913210417654,39.14224653167675,16.629840257905602,36.871660669501686,28.98811470941009,34.14022462108821,23.04310220556437,24.81734047735021,31.16303339517625,11.980022758882287,5.0,25.88296917090692,70.6488581086652,28.35353285514057,6.175282381070162,14.774507379008984,40314.0,0.4806,21664.0,58.99670367142803,9.203005587309745,77.55539345308652,72.21350078492934,16.599799398194584,96.07535321821035,10.198778152639736,0.04485310607759588,2.674247867787185,3.888888888888889,28.10459558249243,42.06941797619419,26.726858071167477,14.82395576244181,4.608078977787498,3.988888888888889,6.039120898781051,2.050232009892162,"McDonough County, IL",Illinois
1939,702,2.232401036136941,2.005391670486949,train,18023,32835,49.23100350236029,50.768996497639726,92.79731993299832,1.2395309882747068,98.49246231155779,68.98445716956877,29.508005141989013,1.507537688442211,12.419546070460706,84.2479674796748,3.3324864498644984,25.2104114713217,50.60785536159601,24.181733167082296,59.31438671566119,25.554676961719146,15.130936322619656,14.060939060939065,27.034001214329084,13.003820439350527,13.183569475515785,5.0,22.708522399141984,78.45916001030662,33.0241346731942,4.732457270462938,11.844026453663144,48478.0,0.4003,22337.0,67.64295086130274,7.220623201101239,70.29222491824032,71.25722852859285,11.704821183669162,97.10858856286144,20.00210992720752,0.8567144998929107,14.484543931780115,9.222222222222221,32.59022384650525,25.59768539668037,33.059235571798375,15.28247297091518,5.9631490787269685,9.32222222222222,7.429003048247697,-1.893219173974522,"Clinton County, IN",Indiana
1940,2744,2.376454941560501,2.3774362605105397,train,48457,21462,54.184139409188326,45.81586059081168,85.01071661541329,11.126642437797036,97.1265732605082,73.99667537402043,23.129897886487772,2.8734267394918067,14.041950495717273,84.30565859580494,1.652390908477777,24.69919786096257,50.95811051693404,24.34269162210339,57.55529068997484,31.28724672228844,11.157462587736724,16.74618320610687,28.813018506700697,17.946066343170788,23.983611723920585,6.0,32.67309479553903,65.11044176706827,43.87550200803213,7.693273092369478,19.402610441767067,41360.0,0.419,20242.0,54.02306602819181,11.111111111111107,60.21980086417432,64.74527624970104,18.626714258876568,98.3975125568046,27.080593650197248,0.5501076297536475,7.44571801323269,10.666666666666666,24.624918460534897,27.294753517845496,32.662380020501345,20.259062529121238,3.8626409467896736,10.766666666666664,10.777237386470956,0.010570719804292139,"Tyler County, TX",Texas
1941,1681,1.7711787615280343,1.633398594967334,train,31067,21818,49.46832890274086,50.53167109725914,96.66330552754606,0.4262535521129343,98.87265135699371,77.68267223382045,21.18997912317328,1.1273486430062631,17.083991734532635,80.74632308253312,2.169685182934241,23.251660434224487,56.46592621532622,20.282413350449293,45.242718446601934,35.067961165048544,19.689320388349515,9.70964429091588,13.192931493585089,10.091381237262508,15.334602702828214,5.0,30.488163073488806,75.60606060606061,37.35930735930736,5.5844155844155825,8.993506493506494,50010.0,0.4203,26207.0,67.72189702544499,4.286470276944787,78.9750957854406,68.29615567157096,13.298212005108555,97.81680113906029,10.975415070242658,0.2847650688182249,2.030433586946558,5.777777777777778,28.15565129709414,22.096434136951146,35.71363094692456,20.231001925016038,2.910440920341003,5.877777777777778,5.121250230908924,-0.7565275468688544,"Gage County, NE",Nebraska
1942,2445,2.9669898046883367,2.8037876103232735,train,47049,17931,48.982209581172285,51.017790418827715,97.90864982432659,0.1617310802520774,97.69423558897243,66.16541353383458,31.528822055137844,2.305764411027569,14.357262103505844,82.90629309719097,2.7364447993031864,21.64390969311883,51.68311477626065,26.672975530620523,69.51634607773292,19.55196707037125,10.931686851895833,26.008637345152856,55.95918367346939,30.328256550941248,24.983047016274863,6.0,26.94999639223609,60.09036144578314,48.384446878422786,11.418400876232202,32.11938663745892,30259.0,0.46,16539.0,48.215719185579786,10.35265627364916,48.40023269342641,47.093537916789614,32.20864843901493,98.58365299498377,25.092107814620906,0.5016228976099144,1.2548101054040488,19.33333333333333,29.14505604818471,21.816965032625063,36.45641626233896,19.430037365456478,1.9296190954213372,19.433333333333326,16.507050791421694,-2.9262825419116325,"Fentress County, TN",Tennessee
1943,240,2.0780516873907815,2.2951582464158253,train,6113,207320,48.686571483696696,51.313428516303304,66.08576114219565,2.6090102257379897,98.91824791629723,69.52917183897854,29.389076077318677,1.081752083702784,11.434522226043176,71.45814003283134,17.10733774112548,41.64817507077817,40.3903541557532,17.961470773468626,34.203309222572976,26.82259948795705,38.974091289469975,19.907405085196352,22.943304520725746,25.416315687163873,10.118781469313166,2.0,16.89100581467277,80.55613428337291,23.259302470936287,6.347486700834758,9.557342667055572,54989.0,0.4834,28116.0,63.18298222330224,8.9573286786387,74.23622161145667,64.82839278484998,13.812382467814267,96.33394809050422,14.282511210762332,0.4138365345688453,31.12386648659077,7.8888888888888875,31.118560679143357,39.129365232490834,28.011769245610648,10.97675091645765,31.30522863206637,7.988888888888888,9.926006642983443,1.9371177540945554,"Yolo County, CA",California
1944,358,2.743703304335216,2.716059440480774,train,12089,75880,49.400369003690045,50.599630996309955,90.39008961518186,6.425935687928307,97.6680471487735,63.86110226186682,33.806944886906656,2.3319528512265046,11.370012599748005,85.35405291894162,3.2759344813103737,23.177223612915487,51.94397794606927,24.87879844101524,45.958042473247005,31.00031311587129,23.041644410881705,12.887891897665973,23.622303622303622,12.74667170238882,15.991908222204476,2.0,43.36426449480958,70.62106973786476,39.034127040203494,5.143785769801455,12.230622482865822,54116.0,0.4504,28670.0,58.117860807832706,9.717196862245638,67.74264868450143,67.36086681207345,13.979659518019016,96.67206078941814,21.99646252487287,0.0,3.7150764364786495,15.444444444444445,26.57617290458618,23.85213494992093,36.42066420664207,19.03663679493938,3.183974696889826,15.544444444444444,15.120620987060132,-0.42382345738431226,"Nassau County, FL",Florida
1945,1486,2.312535423847214,1.9599957319707622,train,29019,170770,48.32991743280436,51.67008256719564,82.06769338876852,8.444691690577969,99.36565991370688,70.7689230505472,28.5967368631597,0.6343400862931109,15.652469756070545,69.33831266961523,15.00921757431422,41.650888203382614,42.40258128567883,15.946530510938555,26.74785430291134,25.91361128080841,47.33853441628026,19.710633237538396,19.181752602109167,26.10399816953671,10.272605990484172,4.0,20.2588595110924,83.66527321588535,21.625858465213494,3.333830994326665,10.71513884741714,49899.0,0.4826,27150.0,70.56822073648317,4.859521222160092,83.68324500611494,76.17984308992153,8.21782850930833,97.50754375377188,10.312202744938169,0.19312009656004828,3.186742402061252,10.0,29.017977396498214,41.90607249516896,27.3748316449025,10.081981612695438,9.48761492065351,10.1,7.0992967650858105,-3.000703234914189,"Boone County, MO",Missouri
1946,831,1.7711787615280343,1.6205706299513978,train,19097,19572,49.729204986715715,50.27079501328429,97.30226854690372,0.178826895565093,99.27090453406244,70.90453406242881,28.36637047163363,0.7290954659375711,15.435568044961862,81.60042820821624,2.9640037468218923,23.750621581302834,56.588761810044744,19.66061660865241,54.154248746092904,30.55898815148652,15.286763102420585,12.100397665650982,18.03942749122333,12.5779079372231,12.620607811774418,6.0,32.760324046631105,72.84477647337839,34.10411478714574,6.225542511561723,12.427368670698446,49028.0,0.423,25546.0,66.25533617929564,4.157857646229739,78.5846970367094,71.98264171413074,15.373728438743921,98.96935177651207,10.53516143299425,0.6780580417683754,1.3386470468015532,5.777777777777778,29.429797670141014,22.93071735131821,35.08583690987124,19.558553034947888,2.518904557531167,5.877777777777778,5.0559745840920725,-0.8218031936857058,"Jackson County, IA",Iowa
1947,2951,2.502346284073356,2.602449737492609,train,53011,444506,49.454000620914,50.54599937908599,84.72754023567735,1.929332787408944,99.3752098835257,72.05235157920781,27.32285830431785,0.6247901164743103,11.792372156661534,82.68159495712085,5.526032886217597,27.626481312670922,50.493391066545115,21.880127620783963,33.89538264811609,38.90553422458621,27.199083127297712,11.19744598141706,16.81893992636338,11.25248092183786,12.742589689471624,2.0,31.686275932763053,79.37959012810805,29.27955380722847,4.474855485991837,16.729766499836867,60756.0,0.4197,28801.0,66.24433287692074,8.338538987285956,72.86175889510515,69.04675481807968,15.958197160213444,96.31665370322357,15.644675861814287,0.6585429089966295,8.422383499885267,12.111111111111107,32.28302880051113,27.741582790783475,33.60359590196758,13.14155489464709,13.343126976913698,12.211111111111109,13.496761091251344,1.285649980140235,"Clark County, WA",Washington
1948,2097,2.118929313186954,2.219010244246366,train,39121,14508,57.61648745519713,42.38351254480286,92.60408050730629,5.714088778604907,99.08163265306122,77.09183673469387,21.989795918367342,0.9183673469387756,13.723138430784607,84.07796101949026,2.198900549725137,26.87824854307765,46.21987714600724,26.901874310915108,69.07015836503582,21.64911970273379,9.280721932230383,12.72271016311167,34.236111111111114,11.429842116966867,16.830856570379026,6.0,28.794642857142854,60.560785918952114,46.00900532132625,8.55505525992632,13.81498158002456,41708.0,0.42,21788.0,49.660610900379325,6.954773869346732,72.56611450159838,53.79464285714286,19.29671607090962,98.37372448979592,12.539959314152865,1.1479591836734695,0.8960573476702508,8.222222222222221,16.528811690102014,27.37799834574028,36.821064240419076,22.291149710504552,1.6818307140887787,8.322222222222221,9.198222365521023,0.8760001432988016,"Noble County, OH",Ohio
1949,1899,2.902031908413565,2.6976501392838976,train,37031,68228,49.072228410623204,50.927771589376796,88.87553497097966,6.424048777627955,99.08169727675742,61.890436985433816,37.191260291323616,0.9183027232425586,15.953600205568712,80.46363085733165,3.5827689370996465,23.146964304226127,51.591278205881345,25.26175748989253,38.20102899722053,36.452522225945714,25.346448776833768,14.986810533689027,32.41240605483222,14.694512143877635,19.2421141343607,5.0,46.26969585928912,72.1596482327076,39.30323017081008,4.738711314053781,14.307458143074578,48457.0,0.4601,28991.0,59.72266111493207,9.253322543496528,65.19976838448176,73.3873259448707,16.530298834369727,98.96277351520321,23.34029858261373,0.07104290991759023,4.0613824236383875,18.11111111111111,23.842117605675092,23.392155713196924,36.95696781380079,21.08811631588204,4.700416251392389,18.211111111111116,14.84480747745546,-3.366303633655656,"Carteret County, NC",North Carolina
1950,1772,2.5810582263605166,2.480894524150436,train,34009,95805,48.658211993111,51.34178800688899,90.84703303585407,4.7325296174521165,98.9447440134516,70.53400591407201,28.4107380993796,1.0552559865483853,16.54350637354517,80.0638674091473,3.3926262173075403,27.51740989615149,51.38912645082468,21.093463653023825,44.60656665723182,25.47976224172092,29.913671101047267,10.421390374331553,18.94164193867458,10.147696905261343,14.481933630256233,4.0,30.52800616649537,70.54092843709789,42.526972186479256,5.38948827081065,8.30198950806691,57637.0,0.4526,33028.0,61.10463669813668,9.979642130076074,74.47522320200927,70.72220694711757,15.80655214768915,98.03867656493445,13.835774653051493,0.045825313903400236,7.0278169197849785,13.111111111111107,23.93090130995251,22.41532279108606,36.29873179896665,23.256614999217163,4.420437346693807,13.211111111111109,11.951950946223882,-1.259160164887227,"Cape May County, NJ",New Jersey
1951,1434,1.7520942128356236,1.818987448992216,train,28079,23153,50.0496695892541,49.950330410745906,52.222174232280906,41.359651017146795,99.8931623931624,48.61111111111111,51.28205128205128,0.10683760683760683,13.782747603833867,84.31948881789138,1.89776357827476,31.11982082866741,43.56103023516236,25.319148936170212,59.67041301799628,28.525132731159072,11.804454250844653,27.23661641238603,73.44000000000003,26.51576394502829,20.466624628411857,6.0,22.423474008331823,71.43372624488812,36.86552802501805,5.376473418330527,18.811643011787343,33452.0,0.4735,17696.0,59.90415335463258,9.557333333333332,56.22804215905461,48.3365323096609,18.4924944107314,98.65642994241844,29.08815075055893,0.7997440818937941,4.2499892022632055,5.666666666666668,36.58705135403619,28.056839286485552,29.58579881656805,13.894527706992614,6.4181747505722795,5.766666666666667,6.165612291201019,0.39894562453435256,"Leake County, MS",Mississippi
1952,1299,2.158201375540483,2.1721746832182935,train,26149,61022,49.61980924912326,50.38019075087672,92.14873324374815,2.7645767100390017,98.447547905164,65.41084767781747,33.036700227346536,1.5524520948359857,13.40268187285606,82.86853477079342,3.7287833563505135,24.648164652724518,51.90789064605054,23.443944701224947,53.699689639883736,31.59761564609095,14.702694714025323,17.181152181152182,36.44484958979034,16.30342266126744,14.308631154183276,5.0,27.24878755294169,74.62827675118176,34.81306403094113,5.827245380318006,15.938977223893426,44449.0,0.4145,21559.0,62.89703238408097,8.441260542753291,69.39348821529904,71.56302876480541,19.324662190634047,97.94839255499157,15.346798887546706,0.6239424703891711,7.1941267084002485,8.555555555555555,32.17036478647046,25.56455048998722,33.19458555930648,15.981121562715087,5.0866900462128415,8.655555555555555,8.777351259130743,0.12179570357518799,"St. Joseph County, MI",Michigan
1953,770,2.5977391802845275,2.2478108664250263,train,18159,15573,49.93257561163552,50.06742438836448,97.25807487317793,0.1541128876902331,99.20867526377494,64.5369284876905,34.671746776084404,0.7913247362250878,13.932640750670242,83.68800268096514,2.379356568364611,20.84177708495713,54.8012470771629,24.35697583787997,52.08086695200801,28.53109917129588,19.388033876696113,9.95118776439961,24.384869629085568,7.783676774948258,17.371807369857677,6.0,35.37107125226263,74.22583672192681,36.83140444166406,4.113231154207068,10.29089771660932,51613.0,0.386,25868.0,62.874801637016624,6.004250797024442,73.41261182631466,79.01674385464909,12.186340824787257,98.53936587103672,17.46672485271656,0.0,2.5749694984909777,13.333333333333336,28.478777371090988,24.25351570025043,34.84235535863353,18.98157066718037,2.587812239131831,13.433333333333332,9.466988632774227,-3.9663447005591053,"Tipton County, IN",Indiana
1954,1024,2.1959892467282267,2.2948751281596946,train,21075,6422,49.345998131423215,50.654001868576785,72.2049205854874,25.070071628776077,99.32835820895521,59.85074626865672,39.47761194029851,0.6716417910447761,19.66895958727429,77.08512467755806,3.245915735167669,26.702168124762267,45.036135412704446,28.261696462533283,59.4041796353935,27.52334370831481,13.072476656291686,27.427711850242357,56.2206572769953,33.295128939828075,21.194926568758344,5.0,31.759149940968122,63.94080996884736,45.32710280373832,10.163551401869158,29.28348909657321,28359.0,0.4777,18082.0,54.98710232158211,12.157935887412041,53.47776510832383,68.35664335664336,31.556442417331816,99.56293706293707,21.57924743443557,0.4370629370629371,1.4637184677670507,8.888888888888891,26.222360635316104,25.957645593273124,34.693241980691376,18.483338523824354,2.725007785736531,8.988888888888889,9.923196807069031,0.9343079181801421,"Fulton County, KY",Kentucky
1955,2885,1.789905900578732,1.8445026123482655,train,51153,437271,49.8320263635137,50.1679736364863,61.448849797951404,20.465798097747165,99.31968918655308,76.9994798101307,22.3202093764224,0.6803108134469081,7.933473461597979,87.14183473461597,4.924691803786041,30.29781415029553,51.5646413545131,18.13754449519137,32.01369942532072,29.211775120450447,38.77452545422882,6.650283352655463,10.881390835284794,5.719860655653968,6.934639167088141,2.0,40.032778904665314,91.12168662368236,17.330438469523518,2.485489129640189,6.621635451847303,98657.0,0.3752,37215.0,76.43938329187735,5.206872370266479,80.20660564359238,75.48783354884212,5.996638704908447,90.64006112613144,16.672612064622186,3.19736687433878,21.47615551911743,5.8888888888888875,35.05217588177584,31.122118777600164,32.81054540548081,7.8964760983463345,18.08535210430145,5.988888888888888,6.324953054346083,0.336064165457195,"Prince William County, VA",Virginia
1956,692,2.132192107065365,2.37302758966148,train,18003,363453,48.782373511843346,51.217626488156654,79.48675619681225,11.573160766316414,98.9319678127286,63.82171595778034,35.110251854948274,1.0680321872713971,15.577442644971224,80.09898798711706,4.3235693679117135,31.4425950691428,47.587323879053905,20.970081051803287,40.1128538474072,32.87254204148837,27.01460411110444,15.833127982257665,30.73341094295693,15.045487579570427,11.801603005914002,3.0,24.16976516268039,79.16548073091593,27.80070586895885,5.28547845391928,13.337507827175957,49092.0,0.4528,25770.0,69.10792680386207,7.792948089034076,71.4983720771385,61.51403216361097,12.576216388515745,98.05396639488264,18.54875799731336,0.34461011757286364,6.978894107353634,8.333333333333334,33.424679394584714,29.026311517582744,31.79695861638231,12.754056232855413,8.940083036871341,8.433333333333334,10.729828675660277,2.296495342326944,"Allen County, IN",Indiana
1957,3022,2.995176563620268,2.39362988776816,train,54075,8697,51.19006553984132,48.80993446015868,96.757502587099,1.483270093135564,99.35316946959897,74.83829236739975,24.514877102199225,0.646830530401035,16.51537335285505,81.85944363103954,1.6251830161054173,19.787033292896613,54.346947027901344,25.86601967920205,62.685887708649474,20.576631259484067,16.737481031866462,16.487711763302315,51.181102362204726,14.405080213903744,22.89084842707341,6.0,32.135365683121236,69.52100615466952,43.323521541343325,7.679957184907678,13.59379181161359,36827.0,0.4246,21847.0,56.61700262927256,5.288957688338495,59.70238095238096,71.1517165005537,22.67857142857143,99.3355481727575,20.496031746031747,0.0,0.6783948487984363,19.88888888888889,21.950097734851102,22.639990801425782,38.059100839369904,21.524663677130047,1.7592273197654364,19.98888888888889,10.953180686850349,-9.035708202038542,"Pocahontas County, WV",West Virginia
1958,1861,1.9600947840472698,2.078464094105973,train,36079,99488,49.85224348665165,50.14775651334834,90.12443711804436,2.2967594081698293,99.69717825189264,84.54232622161047,15.154852030282175,0.3028217481073641,9.280051082849996,87.58181237694885,3.1381365402011383,28.20013153728108,54.376050471341934,17.423817991377,34.97634012685719,27.15491823320437,37.868741639938435,5.306022722645273,5.092211626893848,5.7492709758558265,10.25093595062228,2.0,18.425190760981646,83.78996773247287,30.968025814021697,3.414491053094748,4.8107949545321205,96148.0,0.4145,41173.0,70.47786001817946,6.483648088438508,82.61880655571727,72.2858385273228,9.146997405555906,96.20959559356429,10.839713978358539,0.9421655312364112,12.68293663557414,7.0,29.01254422643937,24.17879543261499,39.74449179800579,14.089136378256676,7.578803473785785,7.1000000000000005,7.992184239779298,0.8921842397792972,"Putnam County, NY",New York
1959,2426,2.47466924069478,2.608334867189747,train,47011,102062,48.66061805569164,51.33938194430836,91.70700162646234,4.630518704316983,99.38578149503401,68.07370622059592,31.31207527443805,0.6142185049660219,13.522804807641842,82.55261638587098,3.924578806487168,25.315131104161647,49.54534520086601,25.13952369497233,49.6098268011654,30.515497123113192,19.874676075721414,19.617918313570488,40.92057077913879,20.285151634501773,18.038622408116048,4.0,26.746201434662147,73.58966359902251,34.86195601310248,6.650028596682786,18.413664014974266,42114.0,0.4819,23336.0,62.14335064868599,11.015029853819227,66.24789287872524,62.05158418434144,17.892242613148433,98.48127782141924,19.85464838904615,0.16365540717465304,5.371244929552625,11.777777777777779,29.461503791812817,28.398424487076483,33.736356332425395,15.350473241755012,3.66247966922067,11.877777777777776,13.576425468431085,1.6986476906533081,"Bradley County, TN",Tennessee
1960,2530,2.3014733641413554,2.514057439889367,train,48029,1825502,49.174966666703185,50.82503333329682,77.71456837626035,7.479148201426238,99.42761686155744,61.75176734749989,37.675849514057546,0.5723831384425679,12.495636971654415,81.69623872662065,5.80812430172494,34.98191964521037,41.673372855922935,23.344707498866683,41.890335833306416,31.434884445720957,26.674779720972623,17.425611664720794,33.15014824820505,17.271674816920086,13.468350986428726,1.0,34.642584587912005,81.83009577736088,25.97801338329851,6.310931417462926,15.388854145962306,51150.0,0.46299999999999997,24735.0,66.90969104450217,7.222021765433687,65.08510076485516,57.818946852404096,14.287440532400053,95.7831202254994,24.839129792652198,1.5150741451856693,59.145922601016046,9.888888888888893,33.734063287797,32.870684337787644,29.77257762522309,10.980212566187275,14.806283422313426,9.98888888888889,12.354957998616237,2.3660691097273467,"Bexar County, TX",Texas
1961,2674,1.3261904370501851,1.4262194345776857,train,48317,5252,49.96191926884996,50.03808073115004,84.27265803503428,2.3229246001523234,100.0,71.0044219835755,28.995578016424517,0.0,10.849056603773585,85.96004439511654,3.190899001109878,29.877425944841672,47.752808988764045,22.369765066394287,56.01539942252165,26.53192171960218,17.452678857876165,13.341044919992287,20.56359482102057,13.262099308610935,11.355311355311356,4.0,16.35322976287817,82.33128834355828,28.159509202453986,4.0490797546012285,4.7239263803680975,55682.0,0.4934,26130.0,65.4550499445061,3.6456125476896992,61.67444963308872,61.88118811881189,6.37091394262842,88.44884488448845,33.18879252835224,6.765676567656766,45.56359482102057,3.6666666666666665,38.67098248286367,28.44630616907845,29.303122619954305,12.109672505712108,13.404417364813405,3.7666666666666666,4.162931171045858,0.39626450437919125,"Martin County, TX",Texas
1962,1871,1.62924053973028,2.052643421341978,train,36099,35144,52.71739130434783,47.28260869565217,92.0726155246984,4.484407011154109,98.28603540320314,69.16268614779433,29.123349255408826,1.7139645967968529,16.211132898475327,79.58701828804674,4.20184881347793,31.06806068060681,44.36244362443625,24.569495694956952,49.31985072830143,30.444203683640303,20.235945588058268,12.697178059176753,18.84879725085911,13.417266187050359,15.829354689665795,5.0,30.065476403449136,73.45328515596195,37.80694639038419,6.172111201238848,12.609689550918072,49292.0,0.4277,24666.0,63.130276966779746,5.405912130491843,72.80457559346056,72.37430667382358,19.162828364630254,97.87081767758093,12.886571847952625,0.8051529790660225,3.0929888458911905,5.0,26.18085590712497,26.83246073298429,36.023218757113575,16.736854086045984,3.442977464147507,5.1,7.788462105592921,2.6884621055929214,"Seneca County, NY",New York
1963,1276,2.4069451083182885,2.1101653906183833,train,26103,67582,50.53120653428428,49.46879346571572,93.3739753188719,1.6912787428605252,99.23400049419321,71.59212585454246,27.64187463965077,0.7659995058067705,16.62164027528544,75.18289917374929,8.195460550965274,35.618036211699156,44.620473537604454,19.76149025069638,38.59094982078853,32.641129032258064,28.767921146953405,16.98284080076263,21.52763614113808,20.20968311933089,13.248777506112473,5.0,33.617360720825246,69.65642363079714,34.69403182522584,5.216010885587935,14.483879502589106,45409.0,0.4512,23785.0,59.802244487471114,7.921290038663439,73.30633712676581,78.58818928431755,17.170518280620914,98.44544387954636,14.947985757173774,0.21509581540868208,1.3923825870793998,11.0,25.669556982628514,32.672901068331804,33.130123405640546,16.008700541564323,4.934745938267587,11.1,8.249605579170948,-2.8503944208290513,"Marquette County, MI",Michigan
1964,1513,2.4169053500233435,2.229882531505443,train,29073,14948,49.53839978592454,50.46160021407546,97.75220765319777,0.4415306395504416,98.89264841587205,71.02430021531836,27.86834820055368,1.1073515841279606,15.826330532212884,82.31792717086834,1.855742296918768,22.140881730925656,54.766552789978846,23.092565479095487,58.689726478052464,26.346461133565178,14.963812388382369,15.880416895227649,34.06873143826898,15.265866209262436,19.62521294718909,6.0,35.03462426263144,70.82933077169389,41.64265129682997,6.372078130003202,11.511367275056035,42826.0,0.433,22845.0,59.138655462184865,5.965068087625814,75.42213883677297,63.19060773480663,13.309099437148216,99.03314917127071,14.282363977485929,0.0,1.2978324859512975,11.111111111111107,27.7027027027027,22.277227722772274,34.934439389884936,21.03960396039604,1.806261707251806,11.211111111111107,9.29877370237685,-1.9123374087342562,"Gasconade County, MO",Missouri
1965,1680,1.6072132174119893,1.6826562333921038,train,31065,4887,48.61878453038674,51.38121546961326,96.95109474115,0.12277470841006753,100.0,79.46428571428571,20.535714285714285,0.0,23.39673913043478,75.89673913043478,0.7065217391304348,18.202303455182776,58.41261892839259,23.385077616424642,45.75635103926097,36.922632794457286,17.321016166281755,17.197986577181208,45.36912751677853,15.048392132375898,17.377731529656607,6.0,28.431112290947706,75.57117750439367,40.86115992970123,3.3391915641476277,9.797891036906854,39934.0,0.4169,22769.0,64.17910447761193,3.4249471458773786,74.914350970689,71.9281663516068,11.11534069280548,98.20415879017014,16.634944803958884,0.0,3.2535297728667896,4.888888888888889,29.69101698383466,18.57990587272355,35.42050337630448,23.081645181092693,2.926130550439943,4.988888888888889,5.37982708537387,0.3909381964849814,"Furnas County, NE",Nebraska
1966,1482,2.118929313186954,2.250381416282919,train,29011,12166,49.32599046523097,50.67400953476903,94.27091895446327,0.27124773960217,99.70355731225295,71.93675889328063,27.76679841897233,0.2964426877470355,13.440800444691494,83.49082823790995,3.0683713173985545,19.28181911719313,62.75336968823954,17.964811194567343,52.59376522162689,30.711154408183145,16.695080370189967,24.22174130181455,56.55352480417755,25.413826679649464,18.639004149377595,6.0,28.736010533245555,68.36407377706496,39.03368083400161,8.039294306335204,13.612670408981554,37467.0,0.4521,20780.0,58.61992456179277,6.169568508705527,67.81844802342607,65.10989010989012,17.379209370424594,97.84798534798534,18.91654465592972,0.641025641025641,2.3754726286371857,8.222222222222221,32.336018411967785,23.33552523425941,33.166200887719874,18.428407036001975,5.457833305934572,8.322222222222221,9.491355303512524,1.169133081290303,"Barton County, MO",Missouri
1967,119,2.1054882506179364,2.505128328393649,train,5021,15400,49.27272727272727,50.72727272727274,96.37012987012987,0.3636363636363637,98.71873093349606,60.0366076876144,38.682123245881634,1.2812690665039659,16.87520854187521,79.65465465465465,3.4701368034701363,21.420747926772023,50.37552808637146,28.203723986856517,65.18036989562351,23.850943050723313,10.968687053653175,21.83538067398016,45.91790708164186,23.817393100599052,22.763002751211843,6.0,29.252598581092233,69.00620178490395,44.32007260626229,8.500983209801845,17.970049916805326,32552.0,0.4427,19166.0,57.13213213213213,9.548839246605343,56.54734934299953,63.386075949367104,21.975532396918894,99.0506329113924,25.57770729497055,0.0,1.7402597402597402,8.11111111111111,27.688311688311693,23.097402597402603,34.83116883116883,20.785714285714285,3.266233766233766,8.211111111111109,12.245130262874516,4.034019151763408,"Clay County, AR",Arkansas
1968,1635,1.9909138641722421,2.1754325911201926,train,30087,9352,48.8130881094953,51.1869118905047,61.01368691189051,0.2031650983746792,98.41445427728615,65.15486725663717,33.259587020648965,1.5855457227138643,14.054631466503892,83.30535632534716,2.6400122081489394,28.45022624434389,50.0,21.54977375565611,45.262799795883645,34.93791461132846,19.79928559278789,20.60744611365121,39.681697612732094,21.17233727810651,15.147265077138849,6.0,34.2482280199065,80.57663125948406,31.866464339908948,6.858877086494688,13.353566009104705,51159.0,0.4245,23238.0,66.61071265069434,10.675830469644902,62.762986408490036,58.46023688663282,11.711040774529884,97.20812182741116,29.361385216905607,0.1692047377326565,4.180923866552608,7.222222222222222,36.47348160821215,24.593669803250645,33.30838323353293,13.002566295979472,38.78314798973482,7.322222222222222,8.805993693027327,1.483771470805105,"Rosebud County, MT",Montana
1969,419,2.232401036136941,2.1349105320468844,train,13079,12539,51.088603556902456,48.911396443097544,73.801738575644,22.93643831246511,99.81725146198828,58.442982456140356,41.37426900584796,0.18274853801169588,11.449350649350649,84.34285714285714,4.207792207792208,27.854908095424324,46.76378568635118,25.381306218224484,57.33029092983457,29.880205362236172,12.789503707929265,17.207265650340574,29.200968523002423,18.649478207489256,16.624969736098784,4.0,29.2526036348785,71.94799471132656,37.2190392243279,12.141912736888495,21.044513001322173,41825.0,0.4283,20904.0,55.83635422061109,11.148209979595624,58.978007761966374,56.883116883116884,21.642949547218628,98.1818181818182,23.10478654592497,0.0,0.5183826461440306,9.222222222222221,27.099449716883324,22.95238854773108,39.444931812744244,15.782757795677488,3.2618231118909002,9.32222222222222,8.456289906067449,-0.8659323161547707,"Crawford County, GA",Georgia
1970,2436,2.6461747973841225,2.6290288630234695,train,47031,53448,48.645412363418636,51.354587636581364,90.7985331537195,1.9233647657536297,99.8831957638997,65.67512848465971,34.208067279240005,0.1168042361002959,14.562936625184667,82.70526078573754,2.7318025890777973,21.86610683461628,52.07371121996734,26.06018194541637,54.87720655266721,26.78527031133457,18.337523135998236,18.59117591365272,33.030682529743274,19.9131996408261,19.561927820231517,5.0,33.287296224134955,72.04534718941899,37.41615493623052,5.753424657534247,19.603212092583846,41590.0,0.4454,21680.0,59.0066456803078,8.413074773477856,65.12411403871214,62.886838724746,21.183612497218963,98.71540348008877,19.19715221053301,0.0,3.9346654692411316,14.0,30.472608890884594,26.34710372698698,33.1817841640473,16.43279449184254,7.2781020805268675,14.1,13.86030311128173,-0.2396968887182691,"Coffee County, TN",Tennessee
1971,2023,2.0640458562018624,2.163969194505155,train,38079,14498,49.11022209959993,50.88977790040007,20.06483652917644,0.538005242102359,98.68339847767948,37.89343756428718,60.78996091339233,1.31660152232051,12.557992408266553,84.58456347532687,2.85744411640658,42.645061129439156,36.32835241606831,21.02658645449253,39.10389451837383,40.0317421560249,20.86436332560127,35.528998242530754,95.81607290803646,40.56533964777268,14.101850563517466,6.0,18.52968701258189,68.09803100125681,26.39296187683284,11.52073732718894,31.294511939673228,33277.0,0.5145,16706.0,53.55864392503685,4.501670925889521,40.57488280286208,38.2183908045977,20.429311621021466,95.33045977011494,40.19245003700964,1.5086206896551724,0.4552352048558422,7.777777777777778,41.40571113257001,27.907297558283897,28.348737756931985,10.077252034763417,79.3971582287212,7.877777777777777,8.705623485613101,0.8278457078353236,"Rolette County, ND",North Dakota
1972,1636,2.1959892467282267,2.7102527356748753,train,30089,11346,51.52476643751103,48.475233562488974,91.54768200246784,0.14983254010223868,100.0,74.75035663338089,25.249643366619118,0.0,16.594612570668442,80.8336104644718,2.5717769648597715,17.82761471682514,58.60892930963208,23.56345597354279,53.53334114613853,30.048048751904375,16.418610101957107,22.390602582496413,64.2570281124498,22.90148448043185,19.982158786797505,6.0,47.89313640312772,61.969035331480754,46.90353314807464,8.277094084954346,16.315998412068282,32257.0,0.4255,20169.0,48.77566706928736,8.937415578568213,54.56132000634618,60.235378031383725,17.658257972394093,99.2154065620542,32.36554021894336,0.21398002853067047,2.5295258240789704,8.888888888888891,25.30407191961925,18.323638286620834,37.80186849991187,25.030847875903397,8.302485457429931,8.988888888888889,15.033074429005884,6.044185540116995,"Sanders County, MT",Montana
1973,2646,0.09531017980432493,0.1954690373965169,train,48261,565,52.21238938053098,47.78761061946904,98.05309734513271,0.0,100.0,91.62303664921468,8.37696335078534,0.0,9.433962264150944,88.40970350404312,2.1563342318059298,25.83120204603581,46.80306905370844,27.365728900255753,65.66265060240963,19.27710843373494,15.060240963855419,26.72566371681416,64.65517241379311,25.50335570469799,13.097345132743365,5.0,16.844919786096256,82.06896551724137,33.793103448275865,0.0,13.79310344827586,36438.0,0.3863,14251.0,49.46524064171122,0.0,54.57516339869281,25.0,2.2875816993464047,100.0,43.4640522875817,0.0,66.19469026548673,1.0,39.115044247787615,28.14159292035398,26.017699115044245,12.035398230088498,1.9469026548672568,1.1,1.2158811464935215,0.11588114649352144,"Kenedy County, TX",Texas
1974,1250,2.638263363714082,2.600881362895599,train,26051,25501,50.26469550213717,49.73530449786283,97.57656562487743,0.3607701658758479,99.2570281124498,69.31726907630522,29.939759036144576,0.7429718875502008,15.700232339710315,82.0010875475802,2.2986801127094765,21.08470161402856,55.551420996325405,23.363877389646028,55.19183760229568,32.49548304814539,12.312679349558936,20.698284080076267,52.5211399937363,21.07083233961364,20.609297725024728,6.0,35.23470283985557,57.956204379562045,48.001824817518255,8.403284671532846,21.094890510948908,38021.0,0.4377,21234.0,47.71528565090945,11.084710743801653,61.036305956996834,79.20353982300884,28.69228057807543,98.83644706653557,17.448008459640466,0.13110455588331696,1.2979883141837576,13.888888888888893,25.277440100388215,20.234500607819303,35.88878867495392,24.316693463001453,2.062664209246696,13.98888888888889,13.475609704998035,-0.5132791838908553,"Gladwin County, MI",Michigan
1975,1947,2.158201375540483,2.1658312770696364,train,37127,94722,48.05747344861806,51.94252655138194,54.399189206308975,38.19915120035472,98.94167667991495,56.70117386080046,42.24050281911453,1.0583233200850355,15.466757065977369,80.386174555419,4.147068378603613,31.587506016729762,42.745450051386115,25.667043931884127,49.900848980603584,30.90568259279916,19.19346842659726,18.532814358309007,35.50284629981025,19.362098792388178,15.958679281714616,4.0,28.35775879796553,73.79532020375365,36.866334341205636,6.3223556972024735,20.266405164664537,42713.0,0.4603,23082.0,63.51784240491278,11.66560221992204,64.62759911162408,59.759507829977636,17.09424129548992,99.03523489932886,21.90511165905951,0.4334451901565996,6.480015202381706,8.555555555555555,29.75655074850615,25.89894639049007,35.516564261734345,15.615168598636007,7.401659593336292,8.655555555555555,8.721849177419159,0.0662936218636041,"Nash County, NC",North Carolina
1976,350,2.6695403463403347,2.652980549472061,train,12075,39821,49.343311318148714,50.65668868185129,87.34587278069357,9.148439265714073,99.42507186601676,60.00499937507811,39.42007249093864,0.574928133983252,15.051559597771089,79.74444373278679,5.203996669442131,24.114051726733518,45.92478848643604,29.961159786830454,59.3984962406015,29.711375212224105,10.890128547174386,22.009826500844465,57.97514768792015,22.50860450563204,21.57694261046216,6.0,42.79781008117802,62.92858984274298,48.137406548079404,7.353699407063678,22.035318381026038,35782.0,0.4595,20299.0,51.26650928348114,10.840074673304294,48.67645765543928,55.25337052533707,23.669861929469704,99.52347745234778,31.699059009761683,0.09298000929800093,7.9857361693578754,14.333333333333336,26.37050802340473,22.36257251199116,35.49383491122775,21.95575199015595,3.505687953592325,14.433333333333335,14.196288390237434,-0.23704494309590096,"Levy County, FL",Florida
1977,2412,0.6875761355104899,0.6035667178289914,train,46117,2962,50.47265361242403,49.52734638757596,89.33153274814316,0.0,100.0,64.33566433566433,35.664335664335674,0.0,14.018691588785044,82.46550956831331,3.515798842901647,22.998296422487225,59.36967632027257,17.632027257240203,44.94106090373281,28.14341846758349,26.91552062868369,8.152173913043477,7.066052227342548,9.44958597174866,8.642808912896692,5.0,24.566088117489986,83.99053627760253,29.258675078864353,2.050473186119874,6.703470031545741,56829.0,0.4391,30597.0,73.47574543836227,1.2113870381586918,78.93518518518519,63.776493256262036,8.101851851851851,100.0,15.74074074074074,0.0,1.4517218095881161,1.8888888888888888,29.54085077650236,25.759621877110067,32.57933828494261,17.5219446320054,10.668467251856852,1.988888888888889,1.8286293878145015,-0.16025950107438747,"Stanley County, SD",South Dakota
1978,1789,3.2004855330898523,2.8745656823122907,train,35001,673943,49.051329266718405,50.9486707332816,71.84702563866678,2.9667197374258656,99.56761688157327,59.399674909572184,40.1679419720011,0.4323831184267165,16.37601514799608,77.93128289512529,5.692701956878599,35.347340832793456,41.2631044231109,23.38955474409565,35.84343888595974,31.524672021834196,32.63188909220606,19.37817634671088,37.2929475748139,20.508735031477272,13.026869362205243,3.0,30.409227402872506,76.74706574999051,27.95305199984807,5.745052607589169,15.752269533178866,47725.0,0.4743,26765.0,65.0829614282721,8.054713075293666,63.070928329463705,57.02561717114663,20.54913789822251,96.03282719207894,20.437568987173144,1.1983475650950814,48.71732475891878,24.44444444444445,29.50412720363592,31.30516972503609,31.91857471625939,13.614652871236885,25.18625462390737,24.544444444444448,17.717727327791344,-6.8267171166531035,"Bernalillo County, NM",New Mexico
1979,2952,2.465270675271141,2.4240054175857795,train,53013,3989,50.263223865630465,49.736776134369535,91.7523188769115,0.35096515417397844,100.0,79.73856209150327,20.26143790849673,0.0,14.687100893997446,82.43933588761175,2.8735632183908044,25.433186490455213,50.22026431718061,24.346549192364172,37.45762711864407,39.52542372881357,23.01694915254237,17.629024016351558,27.986348122866893,19.9393479909022,20.030542122677524,4.0,42.52481389578164,64.41281138790036,46.20403321470937,8.244365361803084,22.064056939501786,38581.0,0.4608,24400.0,53.60303413400759,10.43632075471698,62.98342541436463,64.31451612903226,26.058931860036825,98.79032258064517,15.745856353591158,0.6048387096774194,6.392579593883179,11.666666666666664,26.573075958886943,20.50639257959388,34.6703434444723,25.645525194284282,7.896715968914515,11.766666666666662,11.290994008854659,-0.4756726578120034,"Columbia County, WA",Washington
1980,1907,2.61414643923577,2.47222247476536,train,37047,57230,49.27310850952297,50.72689149047703,61.729861960510206,30.445570504979912,99.315661134272,56.83158971131911,42.48407142295289,0.6843388657279951,17.28741925413635,80.14071992891962,2.5718608169440245,29.652321072813354,41.4429853687796,28.904693558407068,52.14351098454028,35.783665581773796,12.072823433685924,23.450758549755722,49.09989410518886,25.90493987160553,19.634343137974035,6.0,26.69193286410395,64.33699900027266,39.88912114877761,10.47896028355903,22.030355357629734,34949.0,0.4841,19814.0,54.16846341814,8.845252310822167,53.99398654722421,55.31062124248497,23.347075416137127,98.19639278557112,26.688571340008053,0.39025419259571775,4.7772147475100475,13.555555555555555,28.927136117420932,25.65262973964704,34.681111305259485,17.1780534684606,7.824567534509872,13.655555555555557,11.848751160943491,-1.8068043946120653,"Columbus County, NC",North Carolina
1981,2452,2.819392788437584,2.6125389602044455,train,47063,62999,48.71982094953889,51.28017905046112,88.56807250908743,4.0524452769091575,98.07052109518308,64.3046402608873,33.76588083429581,1.929478904816904,13.559036550446356,84.00286339902307,2.4381000505305708,23.479786332367482,49.23619734689453,27.284016320737987,61.2539415839989,23.25131769742445,15.494740718576658,21.286585562618992,44.28944199116821,22.616625022539345,18.85058948247615,4.0,29.620174346201743,69.95913363302002,40.012259910094,7.5888843481814465,23.17940335104209,37617.0,0.4587,20246.0,57.493686868686865,10.036235862523334,57.58817819005501,60.28171713300114,22.602739726027394,99.05136067458795,25.045841872505665,0.0,11.028746488039491,16.666666666666668,29.189352211939873,26.879791742726077,32.65131192558612,17.07487420435245,7.379482214003397,16.766666666666666,13.633622169790737,-3.133044496875929,"Hamblen County, TN",Tennessee
1982,175,2.118929313186954,2.0281134490946977,train,5133,17268,49.58883483900857,50.41116516099143,66.33657632615243,4.870280287236507,99.22588328701866,61.94918618499404,37.276697102024606,0.7741167129813418,13.099784160717249,84.46787315291381,2.43234268636892,25.308500038322983,49.865869548555224,24.82563041312179,65.67248171074846,26.39279684862127,7.934721440630275,22.08174066451044,50.136239782016354,21.1018397506786,13.571428571428573,6.0,25.88745296908229,75.7201646090535,32.69135802469136,6.748971193415638,21.086419753086414,36579.0,0.4088,17371.0,64.86464042517855,9.204967353731917,57.66460383483819,61.55606407322654,14.111798721720605,94.69107551487413,30.52652936999087,3.1578947368421053,32.18670372944174,8.222222222222221,36.51841556636553,26.638869585360197,30.750521195274487,13.435255964790366,28.79314338661107,8.322222222222221,7.599735538299756,-0.7224866839224653,"Sevier County, AR",Arkansas
1983,469,1.8440707637960658,1.7444506148437398,train,13179,64427,50.683719558570154,49.316280441429825,48.08232573300015,40.49389231222935,99.28667203003486,63.083936712255294,36.20273531777956,0.7133279699651381,11.355487038940275,84.14982299874386,4.494689962315862,29.014389537910496,49.984381832948074,21.001228629141416,41.499527751541756,39.76887604866937,18.73159619978888,17.749606349818443,29.68354430379747,18.46311974250088,12.469492282836615,4.0,74.30717236199774,82.84008194220459,18.624417033517847,3.5261299742840952,15.298783942814802,42201.0,0.4153,19785.0,66.5832005463237,12.748338081671415,71.65871633008655,60.93197879858657,14.721928646919364,98.34363957597174,20.42046330943472,0.4858657243816255,11.662812175019793,6.222222222222222,35.350086144007946,39.096962453629686,24.770670681546555,7.163145886041566,11.423781954770515,6.322222222222222,5.722756614093666,-0.5994656081285559,"Liberty County, GA",Georgia
1984,1370,1.2335316065674804,1.2856122850448506,train,27125,4061,50.89879340064024,49.10120659935976,94.97660674710664,0.6648608717064762,98.80358923230308,76.76969092721833,22.033898305084747,1.1964107676969091,17.123966942148762,78.34710743801652,4.528925619834711,23.45409119300437,56.49594003747658,20.04996876951905,49.09026043524796,35.462004994648595,15.447734570103462,10.705414803775463,13.51660939289805,11.498897869213812,12.308073303615654,6.0,25.89928057553957,77.001806140879,34.19626730885009,3.491872366044552,10.054184226369657,50332.0,0.4036,25183.0,69.29159802306425,3.2334759866856877,76.07282184655395,65.52197802197803,17.77199826614651,98.62637362637363,9.53619419159081,0.0,3.0288106377739474,3.333333333333333,30.238857424279733,23.220881556266928,33.68628416646146,18.394484117212507,4.358532381186899,3.433333333333333,3.616881842044874,0.18354850871154094,"Red Lake County, MN",Minnesota
1985,1011,3.100592664170135,2.4796844032223904,train,21049,35657,48.97776032756542,51.022239672434594,92.94107748829123,5.250021033738116,96.4408866995074,65.77586206896552,30.665024630541872,3.5591133004926103,12.778986977533481,83.75696314605085,3.464049876415686,23.031162452875872,50.4582713658216,26.510566181302533,51.19790618079324,28.117576001610626,20.684517817596134,15.435838811088884,25.62329097635516,16.293000171144953,16.907924613987287,3.0,29.465943427136043,74.11274959429902,34.05771537430326,7.803570168630494,18.429408029351585,47959.0,0.4499,25492.0,62.606963706108,7.458465889006716,68.30757842139354,63.60494725354674,19.158878504672888,97.6900691160422,16.091422226334785,0.0,2.7764534313038114,22.11111111111111,28.77415374260313,25.363883669405734,36.01256415290125,15.85102504417085,1.8089014779706647,22.211111111111116,11.937496387898577,-10.273614723212539,"Clark County, KY",Kentucky
1986,3116,1.7520942128356236,2.123047558996366,train,56009,14101,50.47868945464861,49.52131054535139,95.10673001914759,0.141833912488476,98.2690124858116,69.52326901248581,28.745743473325767,1.730987514188422,14.521200571700811,82.03906622201049,3.4397332062887087,19.054005722460662,57.707439198855496,23.238555078683834,46.67509748129414,35.78880809358204,17.536094425123828,9.351540716379496,13.132295719844361,9.411151641479938,14.973642969083912,6.0,34.08509428598503,84.34032059186191,26.070107451118545,5.7953144266337855,8.842698608419939,62307.0,0.3781,30249.0,70.88969327490949,5.280838484278419,78.04565571861171,60.66945606694561,12.648497554157931,98.84937238493723,14.849755415793151,0.0,7.474647188142685,5.666666666666668,31.862988440536128,24.572725338628462,36.60024111765123,13.665697468264662,4.7514360683639465,5.766666666666667,8.35656584822198,2.589899181555313,"Converse County, WY",Wyoming
1987,259,1.7326383462202575,1.832527526449612,train,8037,52576,53.04131162507608,46.95868837492392,88.549908703591,0.6599969567863664,99.21773142112123,78.56095176010429,20.656779661016948,0.7822685788787485,10.662587673481571,70.03183604437149,19.305576282146944,35.50033228899649,46.660495585303316,17.83917212570018,28.725199922521377,24.53028584078143,46.744514236697206,9.166922368824792,13.501427212178873,9.119769902859934,4.475990853658537,5.0,14.105017270942572,91.79932735426009,14.035874439461885,1.6760089686098656,3.7612107623318387,72214.0,0.4505,38193.0,81.73220507715281,4.113885505481121,74.5009925011028,71.72466734902764,5.199602999558888,89.99488229273285,22.17137185707984,2.9938587512794266,29.98896835057821,5.5555555555555545,29.03606208155813,34.38641205112599,34.77822580645161,7.440657334144856,10.790094339622641,5.655555555555554,6.249662900974323,0.5941073454187693,"Eagle County, CO",Colorado
1988,89,2.312535423847214,2.4126332519043343,train,2261,9617,53.41582614120828,46.58417385879172,73.2452947904752,0.0,99.87239472564863,64.35559336452573,35.51680136112292,0.12760527435133984,10.546706844597503,78.89223704979193,10.561056105610561,32.910398953564425,43.58404185742315,23.505559189012427,34.7090449082859,36.606578115117024,28.68437697659709,10.864745011086473,9.7215667767815,13.015973430333702,10.114747131321716,6.0,35.00140567894293,84.81727574750829,22.857142857142854,4.883720930232559,8.471760797342192,78810.0,0.4138,33293.0,68.85269121813032,10.5739559761366,65.25905473444861,61.683277962347724,9.09533863894754,93.46622369878185,28.682800064966703,0.3322259136212625,4.419257564729126,10.0,30.53966933555163,27.929707809088068,37.87043776645524,9.743163148591037,26.754705209524804,10.1,11.163318304888255,1.0633183048882557,"Valdez-Cordova Census Area, AK",Alaska
1989,2253,2.0354316006833932,2.155708179004078,train,42031,39454,48.704820803974236,51.295179196025764,96.87484158767172,1.183656916915902,99.00376952073236,73.35756596661281,25.64620355411955,0.996230479267636,14.604449124654472,77.45162564170067,7.943925233644857,32.544555938295645,48.6715590834207,18.78388497828366,58.296532391229206,21.58903267923659,20.114434929534198,18.187344716392666,25.04692032076437,21.572612784951378,16.251184955548155,6.0,26.77751039159921,70.64434617814277,36.6582438408086,6.392924826279218,16.07706885660139,42536.0,0.4355,22136.0,57.914568886355724,7.7856752323674145,73.80113681850929,70.7682982270041,18.032983748298765,97.93908167904229,12.781202465775356,0.7728443703591453,0.714756425204035,7.555555555555554,26.92756121052365,30.8891367161758,32.95483347696051,17.263141886754195,1.9415014954123788,7.655555555555553,8.634002433672762,0.9784468781172091,"Clarion County, PA",Pennsylvania
1990,2122,1.7127964254212538,2.0688490253887197,train,39171,37386,49.76194297330552,50.23805702669448,95.64007917402235,1.1956347295779168,98.8421052631579,67.45029239766082,31.39181286549708,1.1578947368421053,16.122952008119473,80.49151805132665,3.385529940553864,25.392428439519854,50.24073341247857,24.366838148001584,56.36932828321868,29.7557393522455,13.874932364535828,14.908104517271926,29.498615810519837,14.306930693069305,13.965678971472714,6.0,27.3551164971006,72.86468646864688,32.462046204620464,4.006600660066006,15.234323432343233,42492.0,0.4073,22234.0,65.30906990179089,6.534719150818223,73.11643835616438,71.66557161629436,17.400962606442057,98.57095926412615,12.8285820066642,0.36136662286465177,4.0282458674370085,5.4444444444444455,29.24624190873589,24.961215428235175,35.01845610656395,17.0839351628952,3.1642860963997217,5.544444444444445,7.915707094803862,2.3712626503594167,"Williams County, OH",Ohio
1991,1321,2.118929313186954,1.6876433332201188,train,27027,60879,49.39634356674716,50.60365643325285,92.6050033673352,2.0056177006849656,99.45745288406624,76.98458023986294,22.472872644203314,0.5425471159337522,14.841928564767326,77.17289937517485,7.9851720600578195,36.482510624387054,48.054919908466815,15.462569467146125,33.4272737222283,34.91572726277772,31.656999014993982,12.654179990863408,14.27983877601382,14.55465317534283,10.260826364163282,4.0,19.964028776978413,81.41483637646644,26.810443679985884,4.013407427008909,8.763341271941433,57965.0,0.4138,25896.0,73.53455912538081,4.263383675148382,81.01483056274174,73.29466998066833,13.941753541149053,98.50869925434964,7.858405266258549,0.027616680475006903,4.0523004648565175,8.222222222222221,31.996254866210023,36.467418978629745,27.90288933786692,12.429573416120501,5.389378931979829,8.322222222222221,5.40672383274208,-2.915498389480141,"Clay County, MN",Minnesota
1992,1134,2.4169053500233435,2.316523062067022,train,22055,231811,48.8151985885053,51.1848014114947,69.85518374882986,25.68428590532805,99.32086455020752,60.10887727052229,39.211987279685225,0.6791354497924864,15.730875554490574,77.13716299538873,7.131961450120688,36.773507043470744,42.67511451041396,20.55137844611529,42.47545875675424,27.577910554894626,29.94663068835113,16.016251564345264,25.559235899995464,17.118519125235483,11.726800193449725,3.0,22.990029065303077,82.94510927580201,22.522613629979208,4.114837912242261,11.468060003370974,51869.0,0.4938,30240.0,70.72721623145708,6.061962022226923,70.89126142106497,64.31470624410643,10.860470564610596,94.95305645524988,20.74366612001741,0.7871755975564757,4.3121335915897,11.111111111111107,30.68663695855675,33.818930076657274,31.16073007752005,10.955908045778672,4.460530345842088,11.211111111111107,10.140355554219928,-1.0707555568911786,"Lafayette Parish, LA",Louisiana
1993,335,2.4267673628924595,2.310578441469085,train,12045,15785,58.50490972442192,41.49509027557808,77.94741843522331,17.972758948368707,100.0,59.86284792254941,40.13715207745057,0.0,12.492027334851935,83.83599088838268,3.671981776765376,31.66400927670677,40.15074648499783,28.18524423829541,52.65903736115786,31.378323796701444,15.962638842140697,14.318672322691073,23.588709677419356,15.279672578444748,19.577977561483024,4.0,31.28336215322156,68.79790615068238,38.3997008786689,4.785941297438773,16.582538792297626,41788.0,0.4232,19631.0,56.35701275045537,10.31027795733678,60.52788015693734,57.41533670688984,16.69242658423493,97.82016348773844,26.76257282130544,0.6617360840794083,4.821032625910675,11.222222222222221,21.710484637313904,28.73614190687361,37.84605638264175,17.713018688628445,4.079822616407983,11.32222222222222,10.080253805759945,-1.2419684164622744,"Gulf County, FL",Florida
1994,1266,1.5846897427449065,2.107518355450587,train,26083,2198,52.09281164695177,47.90718835304823,98.36214740673338,0.8644222020018199,100.0,61.02150537634409,38.978494623655905,0.0,20.24336283185841,76.3274336283186,3.4292035398230087,19.93654151242729,53.62242199894236,26.441036488630363,40.19721577726218,37.00696055684455,22.795823665893273,15.34947464595706,35.766423357664245,15.072830905636478,20.91324200913242,5.0,57.534246575342465,55.96153846153846,58.84615384615386,3.4615384615384617,16.05769230769231,37813.0,0.4463,24384.0,48.59658778205834,7.134767836919592,63.862660944206006,76.22699386503069,23.605150214592275,100.0,17.510729613733904,0.0,0.9099181073703366,4.777777777777779,21.474067333939946,16.560509554140133,36.80618744313011,29.66333030027298,0.7734303912647863,4.877777777777779,8.227797459246379,3.3500196814685994,"Keweenaw County, MI",Michigan
1995,2137,2.4169053500233435,1.540603681246828,train,40025,2341,49.72234087996583,50.27765912003417,84.4510892780863,0.21358393848782573,98.37251356238696,64.73779385171791,33.634719710669074,1.62748643761302,18.356940509915017,80.16997167138811,1.4730878186968839,19.151193633952253,58.09018567639257,22.75862068965517,51.96374622356496,28.942598187311184,19.093655589123863,17.929839757470766,45.84450402144772,15.965834428383706,11.993097497842967,6.0,23.48993288590604,80.23598820058997,36.7748279252704,2.6548672566371683,11.602753195673552,46680.0,0.4452,26981.0,64.19263456090651,2.2065313327449245,66.6396103896104,55.53470919324578,11.201298701298699,96.99812382739212,23.863636363636363,1.5009380863039399,20.93122597180692,11.111111111111107,29.30371636052969,21.95642887654849,31.39683895771038,23.02434856898761,15.335326783425884,11.211111111111107,4.667407046790679,-6.543704064320428,"Cimarron County, OK",Oklahoma
1996,1727,1.094901709271574,1.4285002163724616,train,31159,16998,51.12366160724793,48.8763383927521,96.47605600658899,0.35298270384751146,99.10044977511244,79.33533233383308,19.765117441279358,0.8995502248875562,13.780340850404544,82.64761576863488,3.5720433809605785,27.65475407439889,56.43499232624425,15.910253599356865,36.492627283687284,37.37364369841417,26.133729017898546,9.438332368268675,12.525136455041654,9.73100519112789,10.512789863734165,3.0,23.44870114853927,80.04095778197858,29.6471329552615,3.449905482041588,5.68683049779458,59662.0,0.415,28124.0,68.5938727415554,3.5158039395327525,86.70349181298086,72.02932098765432,7.486683764056027,96.25771604938272,8.729532452160191,0.0,2.2002588539828207,2.888888888888889,32.53323920461231,28.197434992352047,31.95670078832804,16.260736557242026,3.1709612895634782,2.988888888888889,4.172436744622627,1.183547855733738,"Seward County, NE",Nebraska
1997,1804,2.5203810379816605,2.1700661373296493,train,35028,17939,51.167846591225825,48.832153408774175,86.70494453425499,0.48497686604604495,100.0,85.0522813688213,14.947718631178708,0.0,15.535976505139502,81.30690161527166,3.15712187958884,21.31607778690769,62.45549164612435,16.228430566967955,13.8440965940376,21.93030755919137,64.22559584677103,6.120390090796996,8.36981715168684,5.960985466697752,11.095529253379702,5.0,34.209373631187034,80.6172028890348,25.75180564674984,2.902166776099804,2.4162836506894285,101934.0,0.392,51148.0,66.88449959615244,3.359314963223186,89.49780230057046,89.57621326042377,5.3586458430749095,96.24060150375941,8.145515757972506,0.30758714969241285,16.193767768548973,12.333333333333336,30.57584034784548,22.013490161101508,37.91181225263392,16.606276827024914,12.81007859969898,12.433333333333337,8.758863309415029,-3.6744700239183086,"Los Alamos County, NM",New Mexico
1998,1584,2.267533454935127,2.2460844098087698,train,29217,20878,48.34275313727368,51.65724686272632,96.1777948079318,0.9052591244372068,98.39540412044373,61.86608557844689,36.52931854199683,1.6045958795562598,14.264793982560075,81.39519403581177,4.34001198162817,23.403358815385538,50.556792873051215,26.03984831156324,53.37837837837838,30.326336975273147,16.295284646348478,18.773067331670823,43.91951006124234,17.562417360192892,18.855070332794195,6.0,30.829510703363923,76.31840796019901,38.880597014925364,8.694029850746269,19.24129353233831,40693.0,0.4178,20479.0,63.40605665906871,5.094494658997535,62.868845607289146,66.83372641509435,17.50397057594249,99.11556603773585,23.74822368970994,0.1179245283018868,1.9254717884854868,9.555555555555557,32.13909378292939,24.441996359804588,33.41316218028546,17.324456365552262,2.9169460676309984,9.655555555555557,9.450658388398605,-0.20489716715695216,"Vernon County, MO",Missouri
1999,1609,2.6998686753609076,2.5998165540705855,train,30035,13672,48.80046811000586,51.19953188999414,33.6234640140433,0.33645406670567585,100.0,55.20977408944214,44.79022591055787,0.0,15.331940575673167,80.75673166202415,3.911327762302693,39.42558746736293,36.13175336412935,24.442659168507728,49.2631313767477,33.01423353067137,17.72263509258093,33.228723006799676,66.77265500794913,43.09968847352025,13.841494940542136,6.0,21.49301825993556,68.90099478919943,32.378019895783986,7.792515395547134,24.396020843202272,29640.0,0.5198,16892.0,56.19690699194074,14.496124031007753,34.81672025723473,41.86211798152097,18.7524115755627,95.3091684434968,48.10289389067524,1.8479033404406533,2.545348156816852,14.777777777777779,39.496781743709775,27.750146284376825,29.54212990052663,10.839672322995906,66.04008191925104,14.87777777777778,13.461268393594224,-1.4165093841835557,"Glacier County, MT",Montana
2000,389,1.410986973710262,1.8067782189212347,train,13017,17477,47.77135664015563,52.22864335984436,61.04594610058934,35.75556445614236,99.66828836797876,48.982750995134886,50.68553737284387,0.33171163202122955,15.605473384481533,78.45448074033062,5.940045875187852,37.92192544760787,39.21338420898151,22.864690343410626,62.0095020235791,27.089565370402962,10.900932606017948,35.28584817244611,97.89991063449509,43.50737797956867,20.81949058693245,5.0,21.137206427688504,65.95976921877437,33.51005769530641,7.79666302822392,26.64899423046936,29994.0,0.4726,15316.0,52.50494657696875,9.33072053059994,53.74384236453202,50.342052313883286,22.532019704433498,95.49295774647888,29.773399014778324,0.8450704225352111,6.185272071865881,4.0,33.129255593065174,25.856840418836192,33.37529324254735,14.876695084968814,3.1984894432682958,4.1,6.090792587115938,1.990792587115938,"Ben Hill County, GA",Georgia
2001,1943,2.0059743897979634,2.181415848808995,train,37119,990288,48.144075258914576,51.855924741085424,56.67573473575364,30.9400901555911,99.35818558656523,63.18560700517947,36.17257858138574,0.6418144134347701,15.592947818072007,76.56010967504248,7.846942506885504,37.448543376831715,42.76171512285089,19.789741500317394,29.741079072450603,27.97054843490615,42.288372492643255,15.210005875796128,25.864688950548448,15.528053169643846,8.939010468928366,1.0,19.85600438352632,84.9878615852085,20.35567398482303,3.4332492508939243,12.643699346474063,56854.0,0.4939,33169.0,73.6895611006416,8.591210291106822,71.91487847077141,62.14129923448659,9.89458078374204,95.92759697215924,20.55984227353904,1.1418551939443184,12.518681434087865,7.333333333333332,31.139426106344814,33.76139062575736,31.78620764868402,9.705358441180747,12.38417510865526,7.433333333333334,8.858840161863398,1.4255068285300645,"Mecklenburg County, NC",North Carolina
2002,2245,2.0208114572284313,2.351263818289402,train,42015,62228,49.28006685093528,50.71993314906472,97.31792762100662,0.5383428681622421,98.34166123542616,67.18806575421826,31.15359548120791,1.6583387645738288,13.32256169212691,83.2067315762968,3.4707067315762967,25.436717690750818,52.2803639150341,22.282918394215088,59.550484883057614,22.818026240730177,17.631488876212202,13.614463734504893,25.533308383233532,13.285155787229,14.847097779509154,5.0,37.03673098376235,70.3588143525741,41.19796370802201,6.737006322358158,11.770260284095574,48987.0,0.4369,25577.0,58.33385635682754,5.497973675716387,71.29225960352059,71.875,19.5113926133092,98.6140536723164,14.087905459131914,0.3266242937853107,1.418975380857492,7.444444444444445,28.279874011698915,22.90930127916693,36.04004628141673,18.85967731567783,2.143729510831137,7.544444444444446,10.498829957017552,2.954385512573106,"Bradford County, PA",Pennsylvania
2003,297,2.5977391802845275,2.1279658639730608,train,8115,2365,48.160676532769564,51.83932346723045,91.71247357293869,1.226215644820296,97.5103734439834,48.13278008298754,49.37759336099585,2.4896265560165967,16.069489685124864,79.96742671009773,3.963083604777416,22.64437689969605,47.467071935157044,29.888551165146907,44.35957696827262,35.07638072855464,20.564042303172734,14.402407566638004,24.47368421052632,15.021725636250775,14.43254817987152,6.0,38.39617631439193,68.24395373291271,48.15983175604626,4.837013669821242,11.566771819137747,44191.0,0.4213,22857.0,58.17593092282785,6.215213358070501,63.356973995271865,55.13698630136986,21.5130023640662,99.14383561643835,17.494089834515368,0.3424657534246575,13.57293868921776,13.333333333333336,26.342494714587737,19.830866807610995,34.03805496828753,25.75052854122621,7.061310782241014,13.433333333333332,8.397767225035553,-5.035566108297779,"Sedgwick County, CO",Colorado
2004,64,1.4637696732881809,2.397739576157896,train,1129,16997,49.949991174913215,50.050008825086785,65.6351120786021,24.85144437253633,98.97088353413656,65.16064257028114,33.81024096385542,1.0291164658634535,11.419465174129353,86.02300995024876,2.5575248756218905,25.300768227279313,51.32627917089432,23.372952601826352,65.62391379909627,24.4612443517553,9.914841849148418,19.13990071176506,34.557537600559634,20.75046904315197,24.27529788369198,6.0,20.196741469412853,65.98728191749551,44.66003587151476,10.85928583075167,19.305397032447413,42811.0,0.4245,19743.0,54.621653084982526,19.97726626882637,61.40385179391925,61.37048192771085,22.10382246553916,98.4186746987952,22.77837520774269,0.0,1.2590457139495204,4.2222222222222205,31.370241807377766,25.28093192916397,35.376831205506846,15.902806377596045,9.513443548861565,4.322222222222221,10.998287470275804,6.6760652480535825,"Washington County, AL",Alabama
2005,2651,0.6875761355104899,1.4005559804098795,train,48271,3577,58.484763768521105,41.515236231478895,97.95918367346935,1.2021246854906351,96.74074074074072,80.14814814814815,16.592592592592588,3.259259259259258,11.063330727130573,87.60750586395622,1.3291634089132134,24.438484746899096,45.49111632584646,30.070398927254445,61.461921163413706,26.02372751626483,12.514351320321472,17.758460105557283,37.267080745341616,18.097876269621423,16.38225255972696,6.0,55.912863070539416,70.15755329008341,42.07599629286376,4.263206672845229,13.253012048192772,38281.0,0.3882,17299.0,54.86656200941915,13.23319027181688,54.24901185770751,39.12213740458015,16.847826086956523,96.37404580152672,35.177865612648226,0.0,62.09113782499301,1.8888888888888888,23.119932904668712,25.384400335476656,41.0958904109589,14.649147330164944,0.8386916410399776,1.988888888888889,4.057455205460536,2.068566316571647,"Kinney County, TX",Texas
2006,989,2.54683760751849,2.2169754042263046,train,21005,21761,48.7064013602316,51.29359863976839,95.6160102936446,2.3298561646983136,98.6725663716814,70.02212389380531,28.650442477876105,1.327433628318584,12.101047443006776,86.64202094886015,1.2569316081330868,20.757112355011827,56.18327658837786,23.059611056610308,50.69609507640068,30.363327674023772,18.94057724957555,10.295956648603584,15.813350615683731,10.116018725829427,14.438132187889705,5.0,30.764050446920532,78.60525692635565,29.907648591049018,4.5702107506511975,9.744257636751122,53974.0,0.3685,24353.0,69.10088124730386,6.715419602247393,77.97458893871449,77.30944854232527,14.2152466367713,98.59501229364244,12.473841554559044,0.0,1.4980929185239649,12.666666666666664,31.66674325628417,25.16428472956206,36.358623225035615,13.551766922475991,2.0541335416570927,12.766666666666662,9.179524484588104,-3.5871421820785585,"Anderson County, KY",Kentucky
2007,997,2.54683760751849,2.355371762853432,train,21021,29388,49.703960800326655,50.296039199673345,88.98530012249898,6.921192323397304,98.78910191725531,72.73797510931719,26.051126807938108,1.2108980827447022,16.519188227373277,81.08589016062325,2.3949216120034627,27.96398608553305,45.749948843871486,26.286065070595452,49.36336427738041,27.98660782224928,22.650027900370315,16.137645731478,24.12978083369145,17.954094644375175,17.023169733423494,5.0,24.391393793931083,70.66545948392938,41.43956541421458,6.808510638297872,18.70529651425985,39704.0,0.4698,22368.0,58.59809282776698,6.9180934752429435,66.68981481481482,66.20590055704561,20.619212962962962,98.86527749123171,15.885416666666664,0.4538890035073242,3.059071729957806,12.666666666666664,28.28365319177896,28.35511092963114,33.6429835306928,17.445896284197637,4.093507554103716,12.766666666666662,10.542047274866032,-2.22461939180063,"Boyle County, KY",Kentucky
2008,95,2.6222502112988773,2.640229610401593,train,4003,129647,50.98459663547942,49.01540336452058,80.02036298564566,3.874366549168125,99.77380993180029,65.89670653552211,33.877103396278144,0.2261900681997327,15.905942768336768,80.67051814813564,3.4235390835275963,27.54846868433313,46.893154957165,25.558376358501874,36.771730906052014,40.356186969926256,22.87208212402173,17.86563941921009,33.17744154057772,18.43809422496443,16.915469783704108,4.0,57.7683056464556,68.25806451612904,39.53507424475167,5.495135688684076,16.417818740399387,45075.0,0.4532,23506.0,53.68524530199807,8.474215389856491,66.75263032987897,65.89233493965979,25.82865279645597,97.39280860002472,16.35788307887034,0.8278759421722477,33.90745640084229,13.666666666666664,29.095158391632662,27.359676660470363,31.050467808742205,19.00853857011732,16.105270465186234,13.766666666666666,14.016421554464472,0.2497548877978062,"Cochise County, AZ",Arizona
2009,2786,2.2442495159810822,2.2496789767506185,train,49033,2292,47.68760907504363,52.31239092495636,96.9458987783595,0.08726003490401396,100.0,78.15789473684211,21.842105263157894,0.0,6.7452521283562525,92.14145383104125,1.1132940406024885,17.407407407407412,60.30864197530864,22.28395061728396,40.57142857142857,40.285714285714285,19.142857142857142,14.592462751971956,25.207296849087896,13.447251114413072,14.560559685177088,6.0,33.87728459530026,70.9375,42.34375,3.4375000000000004,10.15625,50781.0,0.3996,19168.0,50.1637197118533,6.266318537859008,61.49122807017544,77.00258397932815,23.157894736842106,100.0,21.491228070175442,0.0,6.544502617801047,9.333333333333334,40.18324607329843,22.862129144851657,27.094240837696336,16.8848167539267,2.9668411867364752,9.433333333333334,9.484690541402458,0.05135720806912403,"Rich County, UT",Utah
2010,2488,2.54683760751849,2.5577980482946767,train,47135,7864,50.20345879959308,49.79654120040692,94.90081383519838,2.7975584944048832,100.0,70.42093287827078,29.579067121729235,0.0,16.07232546459066,80.56253139126069,3.3651431441486688,25.140012445550713,49.95332918481642,24.90665836963285,65.90621039290241,23.049067535759548,11.044722071338036,25.811877345064048,61.24885215794307,28.58988159311087,19.285991462941407,6.0,33.06583688175565,60.787352758834466,45.93924364538128,6.5096094234345925,20.73775573465592,31425.0,0.4973,18340.0,51.73279758915118,9.48220064724919,56.5265732710696,47.5609756097561,22.904158327774077,98.30623306233065,25.48365577051368,0.27100271002710025,2.1108850457782298,12.666666666666664,28.68769074262461,24.643947100712108,33.18921668362157,19.811800610376398,2.3016276703967447,12.766666666666662,12.907364607785844,0.140697941119182,"Perry County, TN",Tennessee
2011,70,1.789905900578732,1.7998903779311968,train,2050,17776,52.60463546354636,47.39536453645364,12.016201620162015,0.7988298829882988,99.20760697305865,65.2931854199683,33.91442155309033,0.7923930269413629,6.8303774442928615,86.14824920418373,7.021373351523421,47.33204757312761,35.10125361620057,17.56669881067181,64.6548072850487,23.697585768742066,11.647606946209233,25.189033189033193,44.888366627497064,28.18745692625775,9.774350185661241,6.0,19.215960798039895,90.08467023172906,20.877896613190728,6.528520499108735,42.06773618538325,51012.0,0.4205,17746.0,67.08690987124464,17.766226842596293,37.7255058307585,31.364031277150307,27.977673676866345,91.39878366637708,38.273696800558156,1.7376194613379672,1.8283078307830785,5.8888888888888875,44.492574257425744,31.59315931593159,26.24324932493249,6.4750225022502255,87.18496849684965,5.988888888888888,6.0489843258903395,0.06009543700145148,"Bethel Census Area, AK",Alaska
2012,932,0.43466426280042675,1.038931058253483,train,20101,1674,48.805256869773004,51.194743130227,98.3273596176822,0.35842293906810035,100.0,74.73684210526315,25.26315789473684,0.0,21.945525291828798,74.63035019455253,3.4241245136186773,22.230215827338128,55.46762589928057,22.302158273381295,36.9283865401208,41.673856773080246,21.397756686798967,8.992154496077248,9.734513274336283,9.92301112061591,15.375375375375375,6.0,40.108191653786704,73.54037267080746,35.65217391304348,5.341614906832298,8.198757763975157,56507.0,0.4137,31458.0,71.1284046692607,1.7505470459518602,81.80839612486544,64.04494382022472,7.965554359526372,96.91011235955057,12.16361679224973,0.2808988764044944,6.093189964157706,1.4444444444444444,30.28673835125448,21.624850657108727,34.40860215053764,21.26642771804062,1.3142174432497014,1.5444444444444445,2.8261943619824303,1.2817499175379858,"Lane County, KS",Kansas
2013,1016,2.4169053500233435,2.3391904250607993,train,21059,98173,48.47565012783556,51.52434987216444,91.54757418027359,4.51651676122763,99.06196104824801,66.35679131788163,32.705169730366386,0.9380389517519876,14.788211830011575,81.87143474804391,3.3403534219445183,25.548779708255022,51.26120252112658,23.1900177706184,49.83454465783231,29.90284220546683,20.262613136700867,15.637291823583565,29.639047039964623,15.324604735184565,15.580927492948401,4.0,27.275297919612196,74.35385094457129,34.62736142827486,7.343782437201577,14.521486402325099,45989.0,0.4373,23952.0,63.72760942297365,6.21570237220758,71.94078266270965,69.6695059625213,18.39498930222928,98.45996592844976,13.544758092345916,0.21124361158432708,2.732930642844774,11.111111111111107,30.563393193647947,26.55414421480448,33.478655027349674,15.662147433612091,3.935909058498773,11.211111111111107,10.372835574846214,-0.8382755362648933,"Daviess County, KY",Kentucky
2014,147,1.62924053973028,1.7294425067536656,train,5077,9966,55.79971904475216,44.20028095524785,42.72526590407385,56.4118001204094,98.54620976116304,42.26375908618899,56.28245067497405,1.453790238836968,19.413300568269086,79.02011979726616,1.5665796344647518,42.23818073010175,32.96229802513465,24.799521244763607,70.69534050179213,21.433691756272406,7.870967741935482,27.347181008902076,56.239737274220026,33.02059963287782,25.588270072129607,6.0,12.37229005731373,63.300970873786405,37.64216366158114,13.287101248266294,36.36615811373093,28393.0,0.4897,14298.0,53.25053664520086,16.729052692196944,41.85812172511085,41.987179487179496,33.99838774687625,99.23076923076924,26.340185409109232,0.0,2.2576760987357014,5.0,24.714027694160148,29.690949227373057,34.16616496086694,16.676700782661047,0.8629339755167571,5.1,5.637510158360601,0.5375101583606012,"Lee County, AR",Arkansas
2015,3019,2.5292778938193967,2.4289865764590974,train,54069,43637,47.96617549327406,52.03382450672594,93.13655842518965,4.152439443591447,98.77871825876663,59.58887545344618,39.18984280532044,1.2212817412333736,20.861760514266656,74.65659965432549,4.4816398314078665,31.88067162962561,43.46302233331522,24.656306037059174,43.432987327679356,26.80179442679852,29.76521824552212,16.135911977121804,28.60992233317483,17.151440183778053,15.432829584232886,4.0,30.40126955338925,70.3715775749674,39.330725771403735,5.394393741851369,13.716862233811385,40569.0,0.5089,27053.0,61.166192487858154,5.3702311595564725,73.00174974870629,71.1945564516129,17.19221175682216,98.73991935483872,14.701612002531547,0.06300403225806453,1.0289433279098013,12.444444444444445,26.243783944817466,26.825858789559323,35.011572747897425,19.061805348672,2.71100213121892,12.54444444444444,11.347376552474177,-1.1970678919702635,"Ohio County, WV",West Virginia
2016,1707,1.410986973710262,1.428833157095234,train,31119,35111,49.52009341801715,50.47990658198286,92.1563042921022,1.1819657657144484,99.76784677887406,66.83691236215903,32.93093441671503,0.2321532211259431,15.706023527560296,79.35240193571231,4.941574536727387,28.943025258323768,52.023536165327215,19.033438576349024,40.98575548370182,38.77916630254304,20.235078213755134,15.039515821018306,27.38166566806471,14.796331265173993,10.349329774270297,5.0,23.653431242666265,82.58013850217749,28.08595702148925,4.2050403369743705,11.187263511101591,50218.0,0.4363,26083.0,73.41047173097016,2.6041117554032684,78.14011396829956,64.90520371117387,9.28506440645501,95.3610326744655,15.380931858449454,0.927793465106898,13.947196035430494,4.0,31.796303152858076,27.769075218592462,32.08396229101991,15.442453931816239,6.661729942183363,4.1,4.173826150010085,0.07382615001008563,"Madison County, NE",Nebraska
2017,2679,1.928295602354331,2.0282298003416868,train,48327,2182,48.80843263061412,51.19156736938588,87.1677360219982,1.1915673693858846,96.57794676806084,55.13307984790875,41.444866920152094,3.4220532319391634,19.01802361715352,80.85767557489125,0.1243008079552517,17.073170731707318,56.852497096399524,26.074332171893147,53.09677419354839,29.48387096774193,17.419354838709676,14.896616541353385,26.89486552567237,14.764621968616266,24.96487119437939,6.0,31.521739130434785,60.77812828601472,47.0031545741325,5.888538380651945,21.030494216614088,34464.0,0.4876,22016.0,53.1385954008701,8.421052631578947,50.2325581395349,60.1123595505618,14.883720930232556,97.75280898876404,41.20930232558139,1.49812734082397,36.75527039413383,6.777777777777778,28.73510540788268,18.194317140238308,31.98900091659029,25.710357470210816,11.640696608615947,6.877777777777777,7.600619828449557,0.7228420506717796,"Menard County, TX",Texas
2018,330,2.334299068483573,2.5269595323927483,train,12035,100783,47.85430082454382,52.14569917545617,81.41253981326216,11.212208408164077,98.607702976635,63.117465059212634,35.490237917422384,1.3922970233649845,10.605205701248678,81.84505556509579,7.549738733655522,23.51461988304093,50.83391812865498,25.651461988304092,43.75391087856639,33.26410246169003,22.981986659743576,14.845026104558528,32.41505297771282,14.557033047186222,16.81505826112937,3.0,40.12997463909481,60.22192151556157,51.42625169147498,5.085250338294993,10.7063599458728,47866.0,0.4242,24360.0,49.01730281767754,8.731169901821179,66.08405160480612,59.085947165417366,16.022221812074346,97.12539116512626,22.830881674387694,0.6913616185139364,9.595864381889802,10.222222222222221,24.196541083317623,19.958723197364638,33.98489824672812,27.45502713751327,7.375251778573769,10.32222222222222,12.515395574226794,2.1931733520045746,"Flagler County, FL",Florida
2019,2927,2.0208114572284313,1.9200987962227318,train,51683,40743,49.85887146258253,50.14112853741746,71.43312961735758,14.257663893184107,99.8460981350715,74.48850262538475,25.35759550968677,0.1539018649284809,8.980803616612125,83.54306534867246,7.4761310347154275,31.70887083930561,48.166905558209905,20.12422360248448,44.540029450515384,26.64884135472371,28.81112919476091,9.689065723548481,16.241568296795954,8.811347725689991,7.950551746172183,2.0,23.94698681415034,89.26244671438911,18.861095471728465,2.4209764336845487,8.099412852891499,72890.0,0.3952,29424.0,76.7837263434875,6.691270155089848,70.94202073129058,72.89776164549305,4.833504195618332,89.7459165154265,25.8799407677412,1.572897761645493,32.89644846967577,7.444444444444445,33.573865449279644,33.03880421176644,31.735512848832933,8.114277299167954,14.30920648945831,7.544444444444446,6.821632387512666,-0.7228120569317804,"Manassas city, VA",Virginia
2020,2642,1.6507930981160142,1.7510076145392535,train,48253,19978,63.32966262889178,36.67033737110822,72.45970567624387,15.36690359395335,98.88507718696398,68.23899371069183,30.64608347627216,1.1149228130360207,17.05312922107159,81.82125168842862,1.125619090499775,34.36528877162123,34.71122837877456,30.92348284960423,65.08231728318522,25.23248605083695,9.685196665977818,18.250798722044724,36.05600933488915,17.71920668058455,19.597829556335785,4.0,28.370221327967812,72.2718163599927,41.865549280378936,5.173984332300964,10.184004372381123,43897.0,0.4494,15006.0,56.32222222222222,3.0972578417833887,61.01269791503371,61.274322777565814,13.857971468882267,98.81724532621136,29.064116632701047,0.0,26.594253679046954,5.111111111111111,22.089298228050858,33.01131244368805,35.10861948142957,14.085494043447792,12.173390729802785,5.21111111111111,5.7604040195979405,0.5492929084868301,"Jones County, TX",Texas
2021,2037,2.88975428334737,2.76976031492692,train,39001,28229,49.44206312657197,50.55793687342803,97.42817669772221,0.3825852846363669,97.8004600345026,60.75330649798735,37.04715353651524,2.1995399654974124,14.293236321861091,81.5375041884065,4.169259489732422,23.78787878787879,49.7638146167558,26.448306595365416,65.6151914626491,23.870056497175145,10.51475204017577,24.619819819819817,45.729729729729726,28.951083287301287,20.353286133161696,6.0,28.58553095473135,64.45938478541167,37.43783385522196,10.508380917296003,26.11899060600479,35560.0,0.4515,18556.0,55.159447881960965,13.115885753731988,50.344993100138005,53.53442320976284,30.941381172376552,98.71056873129172,21.46157076858463,0.11512779184895235,0.8749867157887279,17.88888888888889,30.961068404831916,23.922207658790608,35.459987955648444,15.97647808990754,2.1892380176414323,17.988888888888887,15.954809421801768,-2.0340794670871194,"Adams County, OH",Ohio
2022,2597,1.410986973710262,1.510929152841946,train,48163,18168,59.02135623073536,40.97864376926464,73.27168648172612,4.183179216204317,100.0,61.05573176257364,38.944268237426364,0.0,8.644530147681309,88.52412755150031,2.8313423008183616,42.23394055608821,34.324065196548425,23.441994247363372,68.18720919624121,23.76607973725025,8.04671106650853,22.089929493148862,41.84236133636069,23.534183082271145,16.991032879442045,6.0,18.741808650065533,79.45348352106802,34.31372549019608,7.801418439716313,24.968710888610765,36404.0,0.5122,17017.0,63.61244243962033,3.294430491948589,53.29901731399158,38.93932154801721,14.436125409452504,96.03440038222648,36.10201216658868,0.8122312470138557,78.07133421400266,4.0,33.536988110964344,37.241303390576846,26.216424482606783,12.246807573756056,22.54513430206957,4.1,4.530938773721789,0.4309387737217891,"Frio County, TX",Texas
2023,1457,0.9339123332239747,1.0337204577732646,train,28125,4805,44.516129032258064,55.483870967741936,27.92924037460979,71.55046826222686,100.0,32.450331125827816,67.54966887417218,0.0,17.170844137136267,80.72601555747623,2.1031403053874964,45.49514053060153,31.99369582348306,22.511163645915428,53.14304041051956,26.8120590121873,20.044900577293134,29.33049946865037,51.31744040150564,38.40981012658228,20.841300191204592,6.0,19.292873051224944,70.71791972866026,37.98756359525156,13.340870548332393,31.37365743357829,30525.0,0.4307,15993.0,61.331809088310955,21.808014911463186,47.081306462821395,48.148148148148145,28.21403752605977,97.90660225442836,28.318276580959,0.322061191626409,0.6451612903225806,2.4444444444444446,32.986472424557746,26.63891779396462,34.0894901144641,14.027055150884495,0.5202913631633714,2.5444444444444447,2.811506491826068,0.2670620473816232,"Sharkey County, MS",Mississippi
2024,230,2.743703304335216,2.9486846763089156,train,6093,43895,49.72092493450279,50.27907506549722,85.94828568174051,1.4147397197858524,99.43826536344231,65.3971463880463,34.041118975396024,0.5617346365576902,17.322903338373848,77.62010003489588,5.056996626730255,24.763989601860718,50.48843891093173,24.747571487207555,36.44416522695147,40.863829118894294,22.692005654154233,23.062590573459392,43.886427047431475,26.87723916063464,20.083749027504467,6.0,38.77475105871581,64.19798254324989,42.41363089949302,10.176135472743427,14.17446296973815,37170.0,0.4583,22561.0,52.1198010979851,12.821926873655766,53.79756892031461,58.760528231257155,32.446174624612695,97.92034938130394,18.340351155954558,1.0190288031610693,11.49105820708509,15.444444444444445,25.973345483540268,21.724569996582762,35.96537191024035,21.98428066978016,12.636974598473632,15.544444444444444,19.080839734788178,3.5363952903437337,"Siskiyou County, CA",California
2025,231,2.2204104848050292,2.309850969984729,train,6095,425753,49.76617898171006,50.23382101828994,53.814300780029726,13.907594309376565,99.1966045172048,63.34495477742408,35.85164973978071,0.8033954827952099,10.051239501919104,84.17339092763133,5.775369570449565,33.845979410815566,43.63732567368381,22.516694915500608,36.34393951631311,38.725853405016665,24.93020707867023,13.393175832762566,23.511840722973915,13.194432048210835,11.632133329133275,3.0,31.22756506712253,80.16321755842132,29.065816227056235,5.439656853187755,10.524190179093669,66828.0,0.4236,29185.0,66.64052362597597,11.088678812002447,71.62859078173591,69.26635331710851,17.968533513962868,94.13305590131348,14.805720619477198,1.1574117078789457,25.27099045690812,9.111111111111107,29.90113986278429,30.086928336382822,33.69465394254415,12.927213666139755,32.2781049105937,9.211111111111105,10.072923375224056,0.8618122641129506,"Solano County, CA",California
2026,615,2.0059743897979634,1.9794239674754863,train,17053,13835,49.541019154318754,50.458980845681246,97.63642934586193,0.5782435851102277,99.24788467565027,76.12033845189595,23.12754622375431,0.7521153243497336,16.93855621764189,80.59001660642767,2.4714271759304483,23.12416555407209,52.078326657765906,24.797507788161997,49.71546818416968,33.70926021727884,16.575271598551474,13.361200268716875,30.903065451532733,11.35646687697161,16.2619189511323,4.0,27.857142857142854,73.05367934589405,34.78492712406683,7.909704941343763,14.237468894418766,49947.0,0.4185,26010.0,65.25945470536499,8.565438754117999,70.30712374155729,81.34953897736797,20.657576143749203,97.52724224643757,13.380909901873329,0.0,2.6526924466931696,7.333333333333332,29.439826526924467,24.03324900614384,33.494759667509946,19.40730032526202,1.785327069027828,7.433333333333334,7.238572131024014,-0.19476120230931926,"Ford County, IL",Illinois
2027,2945,2.5203810379816605,2.2960663170349784,train,51840,27168,49.44419905771496,50.55580094228505,80.64266784452295,10.622791519434633,98.84621724081093,59.7164990934564,39.129718147354545,1.1537827591890557,17.694982613015398,74.9478390461997,7.357178340784897,35.07763342537685,37.94305373228917,26.97931284233398,46.15728079477592,25.573477702740412,28.269241502483677,16.034818462948113,24.226054435902768,17.660069848661234,13.25354939418717,4.0,24.516896715849594,76.31975867269985,31.608220211161388,5.0245098039215685,13.112745098039214,45363.0,0.4644,26182.0,64.73439224530928,6.041512231282432,67.11582400843636,75.78249336870027,10.844220516726226,95.88859416445624,24.36580936200129,0.2917771883289125,16.305948174322733,12.333333333333336,29.873380447585397,30.03165488810365,33.24867491166078,14.318315665488806,8.734540636042402,12.433333333333337,9.935024251674553,-2.4983090816587836,"Winchester city, VA",Virginia
2028,2712,0.36000273403140703,0.45994125406445474,train,48393,931,47.475832438238456,52.524167561761544,97.95918367346935,0.0,100.0,71.98581560283688,28.01418439716312,0.0,11.710323574730356,88.28967642526966,0.0,17.94871794871795,66.38176638176638,15.669515669515667,33.603896103896105,34.577922077922075,31.818181818181817,1.5118790496760257,1.465201465201465,1.5649452269170578,14.500537056928033,6.0,22.18798151001541,74.85714285714286,33.14285714285714,0.0,4.285714285714286,63889.0,0.4282,31314.0,65.7935285053929,1.873536299765808,78.64476386036962,75.30864197530866,3.9014373716632447,99.38271604938272,18.8911704312115,0.0,2.7926960257787328,1.3333333333333333,37.80880773361977,21.804511278195488,30.50483351235232,17.400644468313644,2.040816326530612,1.4333333333333333,1.5839809298195937,0.15064759648626036,"Roberts County, TX",Texas
2029,1655,0.6875761355104899,0.9366169902824739,train,31015,2039,50.61304561059343,49.386954389406576,97.00833742030407,0.8337420304070623,99.17355371900827,89.0495867768595,10.12396694214876,0.8264462809917356,23.494764397905758,75.91623036649214,0.5890052356020943,17.058468957203136,62.86919831223629,20.07233273056058,47.861507128309576,34.08010862186015,18.058384249830283,10.989010989010987,9.216589861751153,13.353115727002967,16.749502982107355,6.0,36.2700964630225,69.94652406417113,42.673796791443856,4.27807486631016,4.4919786096256695,40224.0,0.4539,24085.0,63.1544502617801,1.1398963730569949,78.26510721247564,65.93625498007968,8.674463937621832,98.00796812749005,16.17933723196881,0.0,0.4904364884747425,1.8888888888888888,29.622363903874444,15.988229524276605,34.330554193231976,25.944090240313876,2.1579205492888667,1.988888888888889,2.5513356089886474,0.5624467200997585,"Boyd County, NE",Nebraska
2030,1604,1.296248080435107,1.179855106192791,train,30025,3057,51.292116454039906,48.7078835459601,96.56526005888122,1.3084723585214262,100.0,80.63291139240506,19.367088607594933,0.0,16.278026905829595,83.1390134529148,0.5829596412556054,16.3265306122449,59.99149659863946,23.681972789115648,43.3127082341742,40.55211803902903,16.135173726796765,6.575888409166392,7.575757575757576,6.851940584571155,10.596026490066226,6.0,21.570357300397,85.0941850941851,30.630630630630627,1.2285012285012284,2.7027027027027017,53266.0,0.4858,32755.0,73.76681614349776,3.404255319148936,79.23559612093554,78.61635220125788,5.989731888191671,94.96855345911949,17.74101540216771,0.0,0.9813542688910696,3.5555555555555562,28.98266274124959,25.286228328426567,32.417402682368326,16.454039908406934,2.1262675825973174,3.6555555555555563,3.2539026983811983,-0.40165285717435806,"Fallon County, MT",Montana
2031,738,2.972691074407293,2.634474535151579,train,18095,130280,50.052195271722454,49.94780472827754,88.06493705864294,7.838501688670558,98.19873179569369,61.05846282489025,37.140268970803426,1.8012682043063202,16.299108790803142,80.39972578178558,3.301165427411275,27.38556437356603,46.335615150261404,26.27882047617257,51.858997234365255,30.610446962262465,17.53055580337229,17.10381184103812,33.24957329793287,17.35228491475487,18.007176020265465,2.0,29.609981625274138,71.26613878378906,36.704762647735684,6.789015875492453,16.944260248859074,44195.0,0.4247,22236.0,61.46784232365145,8.875200405029114,66.47641696393183,75.50941574118784,18.326066851631655,98.6624818928054,18.991940811203595,0.17382906808305168,3.5876573533926925,19.444444444444443,28.63217684986183,27.997390236413874,33.213079521031624,16.523641387780167,4.096561252686522,19.54444444444444,13.935987667222854,-5.608456777221587,"Madison County, IN",Indiana
2032,2191,2.832559535598797,2.6115560828323163,train,40133,25481,48.85993485342019,51.14006514657981,68.44707821514069,4.991954789843414,99.53689410311823,64.07841926520531,35.45847483791293,0.4631058968817536,13.468453743053287,82.292688242345,4.238858014601721,26.071819357405747,45.702775290957916,28.22540535163633,52.848063316944476,33.421273533996875,13.73066314905864,21.69312169312169,40.40870138431113,23.805351486149487,20.642146879118247,6.0,30.668352030336557,66.83329710932406,38.48076505107585,8.998043903499239,21.299717452727663,36068.0,0.4683,19141.0,54.682193110140716,8.409740707877354,53.611612723989445,55.4806070826307,18.63453257396861,97.47048903878584,31.06681483539381,0.26499638641291257,4.422903339743337,16.88888888888889,32.75381656920843,24.779247282288765,32.761665554727045,16.981280169538092,26.560966995015892,16.988888888888887,13.620228574269113,-3.368660314619774,"Seminole County, OK",Oklahoma
2033,303,2.5292778938193967,2.5196303344769806,train,9003,896943,48.47398329659745,51.52601670340257,72.63181718347766,13.397952824203987,99.50288074236477,62.832814969662984,36.67006577270178,0.4971192576352419,14.779441353391276,81.04682017495014,4.173738471658582,34.774432772453196,44.49051690311613,20.73505032443067,38.265121332850406,25.409563046515235,36.32531562063435,11.942727722863063,20.022179096201832,11.832105790383082,11.842924632634428,1.0,20.7377125336802,78.0512873814102,29.64239726066948,4.846374602294709,15.33597796525023,66395.0,0.4721,35611.0,69.69603185957494,8.900511497166029,74.82230184127076,64.33969738987338,18.015595541654328,95.43951606759208,9.808793891806381,0.783952216245867,16.58343952737242,12.444444444444445,28.740845293402142,27.876910795892268,34.852939372959035,15.315020017994454,13.970229992318352,12.54444444444444,12.424003088986892,-0.12044135545754919,"Hartford County, CT",Connecticut
2034,1261,2.118929313186954,2.0187198744670862,train,26073,70669,48.495096860009355,51.504903139990674,88.56075506940809,2.5852919950756346,98.32029641827913,61.48209139563606,36.83820502264306,1.6797035817208732,12.569312534776184,63.61211842130509,23.81856904391873,50.27382075081485,33.72214225442994,16.004036994755214,40.68058988077456,32.01162380163494,27.307786317590505,30.182276668275147,33.00481576884309,45.77162899454404,11.969007291562619,5.0,16.330800761486618,77.9773731803252,26.848059689388105,4.9186975386237375,18.63265885406107,39377.0,0.4847,20518.0,64.53979238754324,10.980055758095649,73.98920500603016,80.15510317130591,14.549516597797506,97.90887688685778,14.035469265900867,0.6370308821492868,3.66355827873608,8.222222222222221,29.406104515416953,47.0701439103426,24.88361233355502,10.629837694038404,8.853952935516283,8.322222222222221,7.528681105411293,-0.7935411168109283,"Isabella County, MI",Michigan
2035,2673,2.267533454935127,2.1839708972847687,train,48315,10248,47.81420765027322,52.18579234972678,74.74629195940672,22.921545667447308,97.5027144408252,72.63843648208469,24.864277958740498,2.49728555917481,18.00678130297893,77.80334221361105,4.189876483410027,21.06285714285714,53.6,25.337142857142855,54.057187017001546,31.60741885625967,14.335394126738795,22.56328483157265,55.51663747810858,24.59263729631865,22.752475247524753,6.0,41.89864382583869,64.5753977145418,42.5722608111136,11.696168496527,19.023078646650234,34175.0,0.4917,22755.0,51.683216275127144,8.036551077788191,51.869864162334395,49.891067538126364,21.583095757169215,99.30283224400871,30.605399966459842,0.0,3.8739266198282594,9.555555555555557,22.892271662763466,20.891881342701016,37.89032006245121,23.243559718969554,2.33216237314598,9.655555555555557,8.881503869021735,-0.7740516865338218,"Marion County, TX",Texas
2036,2158,2.9669898046883367,2.4500007342565926,train,40067,6333,50.639507342491704,49.360492657508296,83.42018000947421,0.6947734091267962,100.0,64.37710437710437,35.622895622895626,0.0,16.296928327645055,79.18088737201366,4.522184300341297,21.339901477832512,47.70443349753697,30.955665024630537,60.264439805149614,28.044537230340985,11.691022964509392,21.308016877637133,43.57212953876349,22.689295039164485,20.85958959444175,6.0,27.193888085897175,66.61270740590854,39.376770538243626,7.203561311210038,18.575475515985428,33449.0,0.4543,19409.0,56.799319004043404,6.444361183964031,51.66572557876906,60.93344857389801,17.730095990965555,97.2342264477096,33.22981366459628,1.0371650821089022,9.30048949944734,19.33333333333333,30.238433601768516,23.385441339017838,33.917574609189955,19.169429969998426,15.885046581399019,19.433333333333326,11.588355228046488,-7.844978105286838,"Jefferson County, OK",Oklahoma
2037,2593,1.410986973710262,1.5606614675106767,train,48155,1197,49.373433583959894,50.626566416040106,90.64327485380116,2.9239766081871337,100.0,57.53968253968254,42.46031746031746,0.0,25.98684210526316,69.2982456140351,4.714912280701754,21.05798575788403,41.709053916581894,37.23296032553408,48.34070796460178,28.982300884955748,22.676991150442475,9.793814432989693,6.779661016949151,12.039312039312039,27.749140893470788,6.0,32.698412698412696,60.35502958579882,55.02958579881657,13.017751479289943,13.214990138067062,36477.0,0.3692,22871.0,51.75438596491229,5.508474576271187,60.40609137055839,65.10903426791276,24.5346869712352,99.06542056074768,17.935702199661588,0.0,11.61236424394319,4.0,27.234753550543022,17.209690893901413,32.330827067669176,29.40685045948204,6.432748538011695,4.1,4.761970092095798,0.6619700920957987,"Foard County, TX",Texas
2038,2561,2.3014733641413554,2.1223154646852436,train,48091,119632,49.474220944228975,50.52577905577104,90.98819713788951,1.9685368463287407,99.64960445038471,75.18693783188239,24.462666618502325,0.3503955496152873,10.338565170493318,85.8454223259295,3.816012503577168,24.02891347611339,57.51657575351364,18.454510770372966,35.06291206800782,31.530900572366985,33.40618735962518,8.802986410817294,14.907957369729138,8.171792832468753,13.680413934909744,2.0,40.68910640709817,77.38618006416236,34.59762007690382,4.038588428022115,6.452640440490548,65833.0,0.4439,32838.0,61.888327104858206,4.727737718893192,74.14738381083589,65.6253149249219,9.276857761408046,97.34959185730122,20.762223409340123,0.8465181900634888,26.273906647050953,9.888888888888893,29.77129864919085,23.542196067941685,36.33392403370336,16.931924568677278,7.0432660157817315,9.98888888888889,8.350450292758797,-1.6384385961300936,"Comal County, TX",Texas
2039,264,2.3014733641413554,2.2014414590718188,train,8047,5605,51.347011596788576,48.652988403211424,92.149866190901,0.5173951828724354,100.0,70.58279370952822,29.41720629047179,0.0,23.026464600769053,70.45917213300157,6.51436326622936,27.988277161398372,53.02491103202846,18.986811806573158,28.59787135585377,39.3105043961129,32.09162424803332,7.4387608069164255,3.64333652924257,9.1552734375,9.780259365994237,2.0,37.6657824933687,83.42391304347827,17.119565217391305,5.706521739130435,9.161490683229816,65670.0,0.4218,38361.0,74.07738760903602,4.891304347826087,76.76793464386009,52.346570397111904,12.20321674751085,100.0,13.530763339290273,0.0,8.795718108831402,9.888888888888893,24.692239072256914,22.479928635147196,48.34968777876896,9.884032114183764,7.332738626226583,9.98888888888889,9.03803206762861,-0.950856821260281,"Gilpin County, CO",Colorado
2040,1896,2.4267673628924595,2.231611794718628,train,37025,188375,48.801061712010615,51.198938287989385,74.86874585268745,16.497942932979427,99.65263834230184,72.2170909967071,27.43554734559473,0.34736165769817684,11.353259521829825,84.39163858620337,4.2551018919668,27.063177804084848,52.454041991536386,20.482780204378766,39.63121672510064,33.16695883651474,27.201824438384627,12.522558706187914,20.15713173769216,12.350395536612707,10.520011763762264,2.0,26.13854942512112,80.65097303494588,26.996322270365237,3.022587513586754,12.321138756123345,54720.0,0.426,26183.0,69.58739969242657,8.636725459801415,73.73417997160452,64.70798356849437,11.066398390342052,97.33881050187534,18.42657677667738,1.1118056795856404,9.777836761778367,11.222222222222221,33.36589250165892,27.069409422694093,34.23224950232249,12.185799601857994,8.633311214333112,11.32222222222222,9.314867640985552,-2.007354581236667,"Cabarrus County, NC",North Carolina
2041,1051,3.12040510024419,3.083799418171899,train,21129,7119,52.70403146509342,47.2959685349066,96.95181907571288,0.9411434190195253,98.72701555869871,70.29702970297029,28.429985855728432,1.272984441301273,22.633744855967077,75.78189300411523,1.5843621399176957,29.0848026868178,40.73887489504618,30.17632241813602,71.10591900311528,20.969626168224305,7.924454828660438,32.017263427109974,55.28364849833148,44.90161001788909,32.523037813790914,6.0,24.074074074074073,51.48653375306051,49.35292060160895,15.424973767051418,35.851696397341726,22698.0,0.4832,13688.0,39.50617283950617,12.291666666666664,46.011131725417435,35.142594296228154,35.70103366021733,97.148114075437,21.282798833819246,0.0,0.7585335018963337,22.555555555555557,27.236971484759092,27.13864306784661,37.126000842814996,15.381373788453438,2.107037505267594,22.655555555555555,21.84122891230051,-0.8143266432550433,"Lee County, KY",Kentucky
2042,1718,1.0570183913692728,1.3569712568819325,train,31141,32642,50.793456283315976,49.206543716684024,95.49047239752466,0.27571839960786715,99.29585729374485,70.06219927238587,29.233658021358995,0.7041427062551344,15.796372246416645,80.56318971713671,3.6404380364466618,25.98777046095955,55.620884289746,18.39134524929445,42.96875,36.93524096385542,20.096009036144565,8.499501495513456,12.962713689594832,8.045033957792059,10.38246297498686,5.0,29.137451769489275,81.5928228535453,28.37018965924294,2.431730542220824,6.484614779255527,56318.0,0.3925,25869.0,76.03191266008818,4.103385431048767,81.18075340297563,71.21991359802509,5.882663290070697,97.14050606871014,15.33713200379867,0.02057189878625797,15.942650572881565,2.7777777777777777,32.9299675264996,25.871576496538204,32.61135959806384,15.3575148581582,4.233809202867471,2.877777777777778,3.8844105855632747,1.0066328077854965,"Platte County, NE",Nebraska
2043,2815,2.2902875651836396,2.2964796900374482,train,51005,16066,49.09747292418773,50.90252707581227,92.76733474418025,5.2906759616581605,98.60935524652339,71.93426042983565,26.675094816687736,1.390644753476612,16.460709759188845,81.34505703422053,2.1942332065906207,21.915476278587818,52.11309303530457,25.971430686107613,53.37069111903549,30.879606045168963,15.749702835795553,17.01236917221694,32.81919451585261,17.8249139454833,18.80449892581828,6.0,29.983691853692626,63.722164872437716,47.9280342132429,8.671287420734405,12.417047633092466,45007.0,0.4215,24118.0,53.84615384615386,4.928131416837783,71.53252480705623,69.51559020044543,18.654906284454245,99.10913140311804,14.476295479603088,0.0,1.444043321299639,9.777777777777779,25.66289057637246,21.449022781028262,35.44752894310967,23.272749906635127,1.9419892941615835,9.877777777777778,9.939131971430811,0.06135419365303285,"Alleghany County, VA",Virginia
2044,579,2.3968846612924475,2.390563872649204,train,16069,39779,49.51607632167728,50.483923678322725,89.75338746574828,0.3921667211342668,99.38330170777988,64.05360531309297,35.329696394686906,0.6166982922201139,15.66865937840605,79.33745087029759,4.993889751296363,25.81759276239379,48.94247814658598,25.239929091020237,39.3144061943364,37.29324948198772,23.39234432367589,11.858045143922135,18.176605504587158,12.236380424746075,17.629303729472554,4.0,35.08811206703553,73.57728628230616,37.39438369781311,6.5419980119284284,13.543737574552686,48160.0,0.4131,25177.0,64.02009394572025,5.757668399062468,71.32065863181124,73.25155104342922,14.246307927346795,98.39255499153977,18.61738244780173,0.3666102650874225,3.446542145353076,10.888888888888893,27.45669825787476,27.318434349782553,32.55235174338219,18.73098871263732,9.854445813117474,10.988888888888894,10.919649499095458,-0.06923938979343625,"Nez Perce County, ID",Idaho
2045,12,1.513905485712537,1.940559210172551,train,1025,25070,47.20382927802154,52.79617072197846,53.55803749501396,45.2572796170722,98.08629088378571,57.428670842032005,40.65762004175365,1.913709116214336,16.73422119281992,80.90751171237564,2.3582670948044417,32.11721611721612,44.10744810744811,23.775335775335776,63.36992059785147,23.68636151331154,12.943717888836991,24.74172507393753,42.37758707723372,30.29971260435199,15.444171135932901,6.0,21.697038724373574,56.318852629390975,41.56100602785283,9.727707337351903,19.35148617750988,32011.0,0.531,20064.0,52.40970180596389,19.042372032455173,58.48470524680939,61.71266808209485,23.148085623607262,98.18353385232366,23.83010331555136,1.132342533616419,0.33905065815715996,4.4444444444444455,29.920223374551252,25.277223773434386,34.25608296769047,17.51495811727164,1.1846828879138414,4.544444444444445,6.962643463227591,2.418199018783146,"Clarke County, AL",Alabama
2046,968,2.48398029492787,2.432160422642527,train,20173,506529,49.538920772552004,50.461079227447975,79.56247322463273,9.221979393085093,99.50704853675946,65.65920176064715,33.8478467761123,0.4929514632405425,16.0340047240948,79.30184119268341,4.6641540832218,30.47937019727106,47.42362675644475,22.097003046284193,37.84068999879306,32.73749655712389,29.421813444083053,15.093010174770653,27.646224878824448,14.553670549605188,11.837505999040156,3.0,28.114233711078853,79.90992998585206,26.682593892029985,4.607148594793767,12.799995854084505,50657.0,0.4496,26016.0,69.13499183335111,6.652657738943237,73.38745949566147,64.97685261187904,10.715798251460127,96.86443182191286,18.855733969802728,0.8602291755589847,13.682928321971696,11.888888888888893,33.397100659587124,30.128580989439893,30.848974096251148,12.403435933579324,11.215547382282159,11.988888888888894,11.383448593511703,-0.6054402953771909,"Sedgwick County, KS",Kansas
2047,3031,1.7127964254212538,2.291682509236047,train,54093,6972,49.82788296041309,50.17211703958692,98.16408491107286,0.2294893861158921,99.75165562913908,77.81456953642383,21.937086092715234,0.2483443708609272,14.914163090128756,84.13805436337624,0.9477825464949928,19.95984607662707,58.4406893090179,21.59946461435503,65.2457757296467,20.583717357910906,14.170506912442395,14.916801649241645,32.04845814977973,14.825462012320328,19.676470588235297,6.0,33.22818086225026,67.74086378737542,36.378737541528245,6.179401993355483,13.388704318936878,40533.0,0.4278,22321.0,58.065092989985686,7.268247613181398,71.24577498792853,69.24137931034483,16.731047802993718,98.6896551724138,15.234186383389664,0.13793103448275862,0.4876649454962708,5.4444444444444455,23.580034423407923,22.002294893861162,37.83706253585771,22.002294893861162,1.606425702811245,5.544444444444445,9.891566340040455,4.34712189559601,"Tucker County, WV",West Virginia
2048,619,2.049841071903545,2.1577593382019638,train,17061,13502,50.340690268108425,49.659309731891575,97.7188564657088,0.9554140127388536,95.65807327001356,60.854816824966065,34.80325644504749,4.341926729986431,15.342785006797435,82.62769469799962,2.029520295202952,24.53662047867555,49.82004678783517,25.643332733489288,55.28977871443625,32.78187565858799,11.928345626975766,17.08269525267994,30.098916627414035,18.286239375143573,16.21866505587436,6.0,32.15504169825625,70.37376328325394,38.750458043239284,5.056797361670941,16.544521802858192,42565.0,0.4272,22105.0,62.72338772338773,8.857231340972438,65.76142131979695,66.34933774834437,23.997461928934012,98.92384105960264,13.870558375634518,0.0,1.0516960450303658,7.666666666666668,28.136572359650412,25.107391497555923,34.817064138646124,18.241741964153462,1.3257295215523626,7.766666666666667,8.651730322324616,0.885063655657949,"Greene County, IL",Illinois
2049,275,2.995176563620268,2.404661499967469,train,8071,14503,51.485899469075356,48.514100530924644,82.67255050679171,1.834103288974695,98.79816189466244,68.61081654294803,30.18734535171439,1.2018381053375748,16.24908558888076,80.06583760058523,3.685076810534016,27.075782537067546,49.04448105436573,23.879736408566718,44.009615384615394,39.019230769230774,16.971153846153847,14.908589669181659,19.802828975567934,16.954022988505745,18.56030850532029,6.0,32.58802364430737,71.67868177136971,39.289392378990726,8.822519739100583,17.919670442842428,45067.0,0.4299,22935.0,57.481653839269725,9.10789350770668,59.66040024257126,56.74291567087744,23.20194057004245,96.27859337657905,20.8853850818678,1.8436326391259816,42.37743915052058,19.88888888888889,25.994621802385712,25.498172791836176,34.268771978211404,20.726746190443357,15.493346204233609,19.98888888888889,11.074680867799762,-8.914208021089129,"Las Animas County, CO",Colorado
2050,138,2.0780516873907815,2.276643993800402,train,5059,33316,51.2936727098091,48.7063272901909,85.80561892183934,11.655060631528395,98.89242696940329,62.342516959712036,36.54991000969128,1.1075730305967049,11.7017319059232,82.64373992477164,5.654528169305171,24.119962101887626,49.1144960279863,26.76554187012609,57.36460700656061,29.621371296256594,13.014021697182796,19.10227309057195,38.77790834312572,19.779186058025545,24.372930990578052,5.0,31.755643275974396,69.42979564930785,43.78707976268952,8.651944627554384,17.155570204350692,40000.0,0.4357,18956.0,58.7607985781011,7.210185706246482,63.25018654727642,69.10329589394219,20.15243577443769,98.54538758976248,21.88999040614007,0.2577794144724728,3.1426341697682796,7.8888888888888875,27.647376635850645,27.07708008164245,34.13074798895425,17.111898187057268,2.539320446632249,7.988888888888888,9.743924804213545,1.7550359153246573,"Hot Spring County, AR",Arkansas
2051,2766,2.118929313186954,1.8041480991111085,train,48501,8213,50.188725191769144,49.811274808230856,91.95178375745769,1.4367466212102764,100.0,84.4170403587444,15.582959641255606,0.0,10.749185667752442,87.96597900832428,1.284835323923272,23.40282447881641,56.859448554135845,19.737726967047752,58.83692052980133,26.510761589403977,14.6523178807947,11.93611314313582,16.75392670157068,12.066517947677955,11.923920994879296,6.0,17.55463247245801,83.13164649798314,25.26585991932527,5.207187385405208,6.710671067106711,56153.0,0.4259,23125.0,68.96489323199421,8.160587772238259,61.750054147714955,57.53575357535754,10.158111327701972,99.55995599559955,30.43101581113277,0.0,61.98709363204675,8.222222222222221,40.21672957506393,24.92390113235115,31.291854377206867,11.201753317910631,6.611469621332036,8.322222222222221,6.074794121036966,-2.247428101185255,"Yoakum County, TX",Texas
2052,1363,1.437726534752161,1.6984246178869962,train,27111,57511,50.14692841369477,49.85307158630523,95.89643720331765,1.2258524456190991,99.27665799739924,76.56859557867361,22.70806241872561,0.7233420026007803,15.825735009891085,81.78903567611816,2.3852293139907683,22.868290625329536,58.36971422545608,18.761995149214385,39.16794245583339,36.33447546839688,24.497582075769724,9.982108377176667,14.054714675190375,10.303890091839019,13.456933586872315,5.0,32.810217362433036,72.26104317444472,38.25804841527327,5.1742783462274335,9.283753431494883,52365.0,0.4303,28066.0,63.50865363002922,4.413378163156963,76.21718230001233,74.10699451736168,18.997288302724023,98.74563881043362,8.899297423887587,0.2492108323641801,2.9768218253899246,4.111111111111111,27.473005164229452,21.062057693310845,35.50798977586897,22.01144128949244,2.877710351063275,4.21111111111111,5.465330622053269,1.2542195109421588,"Otter Tail County, MN",Minnesota
2053,681,1.9120085973796321,2.03182130936308,train,17185,11652,48.789907312049436,51.21009268795057,96.67868177136972,0.9354617233093032,99.76076555023924,77.5518341307815,22.208931419457738,0.23923444976076555,16.64825452938577,80.09279717189571,3.258948298718515,22.497387669801466,55.33960292580983,22.163009404388713,42.86946875385184,41.513620115863425,15.616911130284727,12.548781545399358,18.5789726356217,13.248343957005373,17.780274872504105,6.0,33.36614173228347,69.1233832888524,35.31102443030178,4.8039416957503605,13.65222746869226,47491.0,0.4149,24155.0,65.32391568259574,8.177056935293123,73.46440872560277,73.19636884854276,18.814580941446614,96.60774008600096,11.20838117106774,0.0,1.579128046687264,6.666666666666668,27.583247511156877,25.84105732921387,33.98558187435633,18.649158942670788,2.3858565053209753,6.7666666666666675,7.627966601827907,0.8612999351612398,"Wabash County, IL",Illinois
2054,2957,2.5726122302071057,2.0852182716828658,train,53023,2230,49.77578475336322,50.224215246636774,97.4439461883408,0.0,100.0,76.82926829268294,23.170731707317074,0.0,18.085731062830305,78.68467410452143,3.229594832648268,14.590163934426231,60.92896174863388,24.480874316939893,33.796856106408704,41.65659008464329,24.546553808948,11.454545454545455,20.293398533007327,10.981156595191683,22.524977293369666,6.0,41.12903225806452,67.78593913955928,39.13955928646379,7.869884575026232,14.375655823714585,45855.0,0.3859,22884.0,55.21077283372365,7.529162248144221,66.00985221674877,74.48979591836735,18.555008210180628,99.3877551020408,18.63711001642036,0.0,3.3632286995515686,13.0,27.757847533632287,15.515695067264572,39.10313901345292,23.228699551569505,2.5560538116591935,13.099999999999998,8.046347579864648,-5.05365242013535,"Garfield County, WA",Washington
2055,1378,1.7711787615280343,1.9400636450700983,train,27141,90401,50.95297618389177,49.04702381610823,93.96466853242774,1.9734294974613111,98.83823059725329,77.7666879591185,21.071542638134783,1.1617694027467262,8.400865677771987,87.18544144827257,4.413692873955421,27.97067347700077,55.86530459984505,16.164021923154174,32.93970980364996,40.563424178411886,26.49686601793816,7.899840097982514,10.598604151753758,7.809925077725492,8.795516941397114,2.0,24.05105914044325,86.29227448158565,21.727611696212467,3.8071564074049835,6.577484136848304,74170.0,0.3739,29923.0,77.30309811213715,5.039241667516054,83.43189915540844,73.1047152480098,12.911218418244625,97.47703612982241,6.651836579675546,0.19595835884874466,2.3661242685368524,5.777777777777778,34.93877280118583,29.15122620324997,33.58812402517671,9.534186568732649,4.06190197011095,5.877777777777778,6.959193874924782,1.0814160971470042,"Sherburne County, MN",Minnesota
2056,2655,2.0640458562018624,1.8546023643408491,train,48279,13742,50.691311308397616,49.308688691602384,87.20710231407365,5.836122835104061,99.74657881398883,59.83274201723264,39.91383679675621,0.2534211860111505,13.014912921055375,84.04421733235998,2.940869746584628,22.163765066003442,51.67400038262866,26.162234551367888,56.62832578134077,27.04775182990589,16.323922388753342,23.507186249814787,53.89763779527559,23.17276814386641,12.828655834564257,6.0,16.82157083035441,77.36896197327852,33.689619732785204,4.871531346351492,18.31449126413155,39851.0,0.4712,20863.0,61.78955052664511,5.772151898734178,56.48814281907807,51.12818050888141,11.883826272315481,97.64762361977915,34.02611244337863,0.7201152184349496,53.529326153398344,7.777777777777778,36.24654344345801,25.309270848493675,29.74821714452045,16.191238538786205,6.956774850822297,7.877777777777777,6.3891571887158145,-1.4886205890619628,"Lamb County, TX",Texas
2057,2228,1.928295602354331,2.273017505813904,train,41053,77264,48.109080554980316,51.890919445019684,87.54141644232759,0.6794885069372542,99.21259842519686,75.02890809977424,24.18369032542261,0.7874015748031495,11.661481455587792,80.5065193833677,7.8319991610444974,30.028696474662137,50.18676755855523,19.78453596678263,35.483870967741936,35.08064516129033,29.43548387096775,16.255100418631766,23.304587788892718,18.25160614955151,14.687061027001715,3.0,33.704777896504346,73.40642350130017,34.243446482535674,4.3151310703492864,19.36186661044346,52821.0,0.4157,23967.0,61.627293011531066,10.378088552318832,71.52264800814504,70.15460631176283,18.211554708316182,98.13516098182976,14.962199163832507,0.342684093082563,12.826154483329885,6.777777777777778,31.789708014081594,29.193414785669923,30.90054876786084,16.369848829985507,11.77909505073514,6.877777777777777,9.708652573786312,2.8308747960085343,"Polk County, OR",Oregon
2058,293,1.928295602354331,2.0283995140035653,train,8107,23606,52.2240108447005,47.7759891552995,94.89112937388799,0.4193849021435228,99.72180612026536,77.14530280333831,22.57650331692703,0.2781938797346458,14.83160621761658,70.87111398963731,14.297279792746115,32.642356382710446,49.12493065012357,18.232712967165988,23.595306880490536,25.99492954424857,50.40976357526089,10.166509312505363,9.837608849140974,11.693838408055624,6.368044920877999,5.0,21.623335447051364,85.55826529530273,20.750715724737564,1.5586894284805433,3.668751988124272,64963.0,0.4634,36472.0,76.84053967916711,3.8089312871560894,78.84674494375115,62.876123485736606,7.6412368599004115,93.43493552168816,15.571402225364231,0.0,6.828772346013726,6.777777777777778,26.26027281199696,29.954248919766158,39.16377192239261,11.048038634245527,4.689485723968483,6.877777777777777,7.601909866938672,0.7241320891608947,"Routt County, CO",Colorado
2059,2225,2.1709566505156093,2.542933536999138,train,41047,323259,49.776495008646314,50.223504991353686,81.69177037607615,1.0214719466434037,99.1452268111036,64.4634394041977,34.68178740690589,0.8547731888964117,12.472664792252418,81.23850185705854,6.288833350689019,30.31222095031293,45.979914323141024,23.70786472654605,42.835690989259035,35.12046521859727,22.043843792143694,18.419535929335414,37.896613190730854,18.004926607736607,14.74013941586517,3.0,29.889561661405722,76.75444752447454,32.03884346819187,4.8063089932980105,24.443840134741567,48432.0,0.4263,22490.0,64.92507087889834,10.321436779722232,64.23325090695269,68.46104986162153,19.639003953316205,97.2233564720294,20.480593049933592,0.8688353522979901,25.33788695751704,8.666666666666666,32.67689376011186,29.44233571223075,30.91886072777556,13.985998843032984,17.286757677280445,8.766666666666667,12.716921866490067,3.950255199823399,"Marion County, OR",Oregon
2060,437,2.5640942911418034,2.406223572327053,train,13115,96169,48.42204868512722,51.57795131487277,77.36172779170003,14.681446204078238,98.92316518822544,63.44498874619357,35.47817644203186,1.0768348117745707,13.644606925933385,80.23403091626126,6.121362157805348,28.55532959417625,45.093975466639044,26.35069493918473,52.00176812326345,29.40452134377368,18.59371053296287,21.29149969048317,41.56954649100582,23.00744451892884,15.839867229805208,4.0,29.614067637068057,72.07088375293915,34.50421517462865,7.7851694672248675,18.693009118541035,41549.0,0.4611,21218.0,61.793405114401075,10.804065704691897,61.67472940521351,58.021930457365464,16.764695646121186,98.65098831337471,25.26711446768525,0.7646804212956284,10.118645301500486,12.888888888888893,30.955921346795744,28.67244122326321,32.51463569341472,15.125456228098454,7.9568260042217345,12.98888888888889,11.091993839211211,-1.8968950496776795,"Floyd County, GA",Georgia
2061,2550,1.2006339030604214,1.5642189687188373,train,48069,7948,50.99396074484147,49.00603925515853,88.36185203824861,0.5661801711122295,99.79457682826624,69.14543960558751,30.649137222678718,0.2054231717337716,8.831120943952802,86.63348082595871,4.5353982300884965,27.13125845737483,50.3213802435724,22.547361299052767,63.084014246804934,23.69578881206788,13.220196941127176,17.089980855137206,31.032608695652176,16.49484536082474,9.862560447951132,6.0,16.811751904243742,86.00559776089565,27.389044382247103,5.197920831667333,12.195121951219509,39459.0,0.49,21068.0,63.108407079646035,4.4989775051124745,46.909920182440125,61.11645813282002,10.23945267958951,98.36381135707407,45.815279361459524,0.192492781520693,62.05334675390036,3.2222222222222223,37.58178158027177,26.987921489682943,28.71162556618017,13.67639657775541,11.071967790639153,3.3222222222222224,4.778940975522441,1.4567187533002186,"Castro County, TX",Texas
2062,889,2.2902875651836396,2.1195334911095527,train,20015,66092,50.220904194153604,49.779095805846396,93.56654360588271,2.0426072747079838,99.58355023425301,75.75915321880964,23.824397015443346,0.4164497657470068,12.915708235698776,84.60992755336758,2.474364210933637,24.507393892836564,54.19819473785289,21.294411369310534,33.879449365461475,38.16346086428121,27.95708977025732,10.408150430790515,17.395201323772753,9.644538606403014,12.310620835998812,3.0,31.1667488899852,79.59873110039963,30.288798253203147,3.3741193919169445,9.277798376797264,58897.0,0.4123,27647.0,69.41636569572371,5.218274736777292,81.1265697462352,67.37605516585424,10.056797457141368,98.45440494590416,12.378198113699133,0.11889192723814053,4.359075228469407,9.777777777777779,34.162984930097444,26.47521636506688,33.851298190401266,13.493312352478364,4.3908491194093076,9.877777777777778,8.327251844396187,-1.550525933381591,"Butler County, KS",Kansas
2063,36,2.47466924069478,2.4074325055062227,train,1073,659026,47.27901478849088,52.72098521150912,52.76878302221763,42.34825333143153,99.3961194108226,56.91968388163941,42.476435529183185,0.6038805891774096,16.732023214645842,78.49447032676915,4.773506458584999,33.71448358406697,41.775849025356905,24.50966739057613,38.01725513462736,31.18913901867321,30.79360584669943,18.774694053571068,38.55498074961636,19.063071837909643,14.684843545934068,1.0,25.012453447825983,74.96062147174135,31.58062154839056,6.591831494391194,16.404462516623298,45610.0,0.4994,27240.0,63.975685400822236,8.912745288395895,71.07425318808028,63.746477924585506,16.052950544211217,97.23510063874451,17.096987389127484,0.4142297459615406,3.7921113886250315,11.777777777777779,29.502781377365988,29.955267318740088,32.93830592419722,13.931468561179681,4.882963646350826,11.877777777777776,11.1054114274362,-0.7723663503415761,"Jefferson County, AL",Alabama
2064,93,2.5203810379816605,2.420677176534774,train,2290,5644,53.82707299787385,46.17292700212615,23.245924875974485,0.3012048192771085,99.43074003795066,53.0044275774826,46.42631246046805,0.5692599620493358,15.847542627883652,79.93981945837513,4.212637913741224,44.61966604823748,34.41558441558442,20.96474953617811,57.832345469940726,30.99068585944116,11.17696867061812,22.413175796634444,42.883548983364136,24.231242312423124,16.550987720234918,6.0,34.24759080800593,80.82744702320888,29.162462159434924,7.820383451059536,34.106962663975786,38491.0,0.4531,20698.0,62.496903641317815,18.1529924692826,32.830871269219166,30.69444444444445,14.953271028037381,93.19444444444444,53.93427796201385,5.277777777777779,1.9312544294826368,12.333333333333336,35.081502480510274,26.89581856839121,32.19347980155918,12.880935506732815,76.4528703047484,12.433333333333337,11.253477326001324,-1.1798560073320132,"Yukon-Koyukuk Census Area, AK",Alaska
2065,688,2.366081404553173,2.4017669587588077,train,17199,67121,49.6461614099909,50.3538385900091,92.49862189180729,4.2996975611209605,99.4991423670669,63.23156089193824,36.267581475128644,0.5008576329331047,14.860191680663965,81.66584329611698,3.473965023219049,24.247500773895148,51.18997760256386,24.562521623540977,40.711294402755044,38.31976361046747,20.96894198677749,15.012199426089893,27.97518830305716,15.025284020045804,15.815756016114454,4.0,32.69205127716718,71.45096283027318,36.020301537542906,5.187341394237946,15.875503806538287,44453.0,0.4479,24669.0,61.29643145996489,6.954590802304252,68.49591445576515,67.62974368263744,22.362049833551893,96.47676840865864,13.863109048723901,0.2807716692328593,2.3286303839334934,10.555555555555557,27.252275740826267,26.915570387807087,34.15324563102457,17.194320704399516,3.2016805470717067,10.655555555555555,11.042671096804888,0.387115541249333,"Williamson County, IL",Illinois
2066,1453,2.145281299175379,2.481791503887229,train,28117,25380,48.90858944050434,51.09141055949566,83.95981087470449,14.196217494089836,98.13579613476999,61.48452197708226,36.6512741576877,1.8642038652300323,13.084819016747707,84.2409508373852,2.674230145867099,25.898613010353586,48.59835905450283,25.503027935143585,57.766467065868255,30.29341317365269,11.94011976047904,21.055232917335967,37.76290630975143,23.57338316758993,22.908612649954165,6.0,16.99477083974162,65.06990131578947,41.37541118421053,9.991776315789473,20.384457236842106,32945.0,0.4504,17644.0,54.99168053244592,10.221255673222393,55.605263157894726,52.57936507936508,25.684210526315788,99.25595238095238,23.230263157894736,0.0,1.2962962962962965,8.444444444444445,31.48542159180457,27.71079590228527,32.643814026792754,16.501182033096928,1.8439716312056735,8.544444444444444,11.962676413582114,3.41823196913767,"Prentiss County, MS",Mississippi
2067,2667,2.1835512754360096,2.377877193543209,train,48303,290782,49.41777689127938,50.58222310872063,79.53140153104387,7.112544793006445,99.26494726175017,63.254499521858904,36.01044773989124,0.7350527382498608,14.64670635756265,74.51806191014032,10.835231732297027,37.653130916667386,41.31616941444985,21.03069966888276,41.198140410757375,31.28582357441299,27.51603601482964,19.421392760057667,30.488929021577594,22.123243747449425,14.228880722803268,3.0,21.019784768587648,82.52371210712293,25.295703924121256,4.814022689231915,13.42849172400967,46075.0,0.4813,24510.0,68.70959842159495,6.007316646716252,68.85947755031077,61.85694422987794,10.963511105315774,97.39224470879036,23.126113791454767,0.5777846439054535,33.46733979407254,8.777777777777779,32.44492437633691,37.66395444009603,26.641607802408682,11.503119175189662,13.356053675949685,8.877777777777778,10.781990474255265,1.9042126964774866,"Lubbock County, TX",Texas
2068,873,1.4891517465595983,1.677430501542487,train,19181,47542,49.06398552858526,50.93601447141474,96.8280678137226,0.5027133902654495,99.75022895678957,70.46873699109148,29.28149196569811,0.2497710432103905,12.396006655574045,85.3161397670549,2.2878535773710484,25.79839523885435,55.446623093681914,18.754981667463728,37.04554276102989,34.77163928063139,28.18281795833873,6.838879159369527,10.3429203539823,6.313864009082881,11.310347764976466,3.0,30.289438050101555,81.46482314398357,28.33027930479205,2.80970625798212,10.239324782053416,64447.0,0.3908,30086.0,73.6781806725096,4.404447208832218,85.46372947944437,74.53949422416486,10.646134418408867,98.45457383702778,7.317244282306722,0.1561036528254761,2.332674266963948,4.333333333333333,33.13491228808212,26.78473770560767,33.511421479954556,14.362037777123387,2.6692187960119482,4.433333333333333,5.351786880734397,0.9184535474010644,"Warren County, IA",Iowa
2069,2870,1.928295602354331,2.113754058307319,train,51117,31555,48.271272381555995,51.728727618443976,60.573601647916355,35.09111075899224,99.67116080236765,58.81289049654718,40.85827030582045,0.3288391976323578,17.792023978020147,79.28981766713845,2.9181583548413954,28.505937171200962,41.43243649481437,30.06162633398467,53.63585240299346,30.756586062205304,15.607561534801226,19.811664842998773,38.15398674891478,21.73474024334831,19.00172231054584,6.0,34.15649169643909,64.68514661112002,45.521551033488215,7.010094536132032,13.892004486460502,37356.0,0.4473,20618.0,55.00622148486105,6.7636857185944805,65.26510338454429,65.0088287227781,17.57537253089985,97.218952324897,20.786646644334066,0.0,2.5732847409285378,6.777777777777778,24.874029472349857,22.12010774837585,35.819996830930116,22.78561242275392,4.3352875930914285,6.877777777777777,8.279263857181796,1.4014860794040187,"Mecklenburg County, VA",Virginia
2070,1040,2.376454941560501,2.4805841956134573,train,21107,46518,48.58979319833183,51.41020680166817,90.13070209381316,5.9439356808117285,98.40615038439907,65.58222388899307,32.82392649540596,1.5938496156009752,15.175677613652661,81.96472106697261,2.859601319374731,23.182252414817963,51.88939603014543,24.92835155503662,54.986213947148286,29.737600297406985,15.276185755444715,17.221277629341753,36.25294579732915,16.850921273031823,17.042782746269967,5.0,26.65363674438085,68.57480399527441,37.48254752443347,8.296638384706261,16.97454623563527,42346.0,0.4364,22517.0,58.964497890537565,6.191287417863228,68.27361563517914,67.05947594620824,19.32319942091929,96.71426590877579,16.04053564965617,0.1247747123249688,1.799303495421127,10.666666666666666,28.881293262822997,25.99853820026657,34.474826948708035,16.597876090975536,3.9253622253751237,10.766666666666664,11.948242490222322,1.181575823555658,"Hopkins County, KY",Kentucky
2071,1639,1.561647248597752,1.66187306012057,train,30095,9288,50.63522825150733,49.36477174849268,95.74720068906116,0.1830318690783807,100.0,83.77581120943954,16.224188790560472,0.0,13.872101194659171,82.24877020379479,3.8791286015460296,17.52092050209205,63.31066945606696,19.16841004184101,43.174697896464274,33.119498731911094,23.705803371624647,7.820804859529232,9.002169197396963,8.340847610459875,13.511756419980495,6.0,41.3121546961326,74.18492784607163,36.958845537145905,3.580972741849278,7.589524318546232,58259.0,0.4043,29217.0,63.293954134815856,3.052261747913922,77.8265642151482,74.08906882591094,9.769484083424807,98.78542510121456,15.678741309915845,0.0,3.025409130060293,4.666666666666667,28.391472868217047,20.531869078380712,38.565891472868216,19.003014642549527,4.069767441860465,4.766666666666667,5.269171081376833,0.5025044147101667,"Stillwater County, MT",Montana
2072,52,1.2006339030604214,1.3008014140214632,train,1105,10038,46.33393106196454,53.66606893803546,30.63359234907352,68.03148037457662,100.0,29.978213507625274,70.02178649237473,0.0,15.197828881588345,83.47378945864877,1.328381659762891,45.337581178777114,25.597353265531183,29.065065555691703,64.00654129190515,22.74734260016353,13.246116107931314,36.36657681940701,116.77788369876072,44.261281681434184,25.273058252427184,6.0,23.72093023255814,53.76811594202898,50.11594202898551,19.536231884057973,34.34782608695652,24537.0,0.515,14804.0,42.21343873517787,10.986267166042447,54.597411329635236,55.75868372943327,27.81980164733568,93.66240097501525,21.986888552697934,2.437538086532602,0.9264793783622236,3.2222222222222223,32.95477186690576,31.171548117154806,28.382147838214784,17.553297469615462,1.3349272763498703,3.3222222222222224,3.6722384720617955,0.35001624983957313,"Perry County, AL",Alabama
2073,146,2.312535423847214,2.5743055848274174,train,5075,17029,48.75800105702038,51.24199894297964,97.29872570321214,0.8984673204533442,99.73732597846072,61.17677961649592,38.560546361964796,0.2626740215392698,16.259517766497463,81.39276649746193,2.3477157360406093,23.77420980632155,47.79321765425878,28.432572539419688,60.633484162895925,26.49669335189697,12.8698224852071,23.854389721627413,45.355191256830594,27.691218130311608,19.605145079270123,6.0,29.829480863963624,65.36738351254479,45.639187574671446,8.706690561529271,19.743130227001195,32379.0,0.4304,17312.0,53.62678239305642,6.777456647398844,54.062278121513344,61.3793103448276,25.641545795719644,99.3431855500821,24.961963688000807,0.0,1.192084091843326,10.0,29.696400258382763,26.09078630571378,32.1862704797698,19.2436431968994,1.802806976334488,10.1,13.122201737928634,3.0222017379286346,"Lawrence County, AR",Arkansas
2074,947,0.9766538816012459,1.1071060009532199,train,20131,10159,50.27069593463923,49.72930406536077,97.19460576828428,0.8859139679102275,99.92383853769992,81.26428027418126,18.65955826351866,0.07616146230007616,17.423822714681442,79.90304709141273,2.673130193905817,20.59447983014862,59.772698888472604,19.632821281378792,51.33981154299176,26.04534746760895,22.61484098939929,11.436385737439222,17.849073655671035,11.24042879019908,12.598584428715876,6.0,26.24452409398646,78.91012031139421,33.451285680585045,3.4206180702995987,5.991979240386884,48653.0,0.4236,26041.0,71.5308370044053,1.4434180138568131,86.38532110091744,66.48291069459758,7.1192660550458715,99.11797133406836,9.045871559633028,0.0,1.5749581651737374,2.5555555555555562,32.80834727827542,22.167536174820363,31.873215867703518,20.11024707156216,1.9194802638054929,2.6555555555555563,3.0255896586111626,0.37003410305560624,"Nemaha County, KS",Kansas
2075,2939,2.5292778938193967,2.0747393865030945,train,51775,25165,47.3634015497715,52.63659845022849,88.11047089211206,7.79256904430757,99.13562461411811,64.82815394114016,34.307470672977985,0.8643753858818687,17.607148767168628,77.77593910309449,4.616912129736886,31.21850124817484,44.293721445056754,24.487777306768407,39.76196115585031,31.81549028896258,28.42254855518712,11.200903719151897,14.967618133845049,12.010572253979962,13.631353337415801,3.0,34.367577197149636,77.7799900447984,32.9019412643106,3.3349925335988053,10.413140866102538,50068.0,0.4442,27560.0,66.12105451022386,4.75823243618416,77.85888077858881,68.74530428249436,10.45588423613779,95.74254946155772,14.585734409015238,1.0017530678687705,3.1551758394595666,12.444444444444445,28.76614345320882,29.397973375720248,33.86052056427578,17.21438505861315,4.096960063580369,12.54444444444444,7.962471061180909,-4.581973383263532,"Salem city, VA",Virginia
2076,207,2.2204104848050292,2.3356308080647565,train,6047,263885,50.458343596642464,49.541656403357536,61.174754154271746,3.4181556359777927,99.41654746668677,59.75306783106225,39.663479635624476,0.5834525333132575,8.093969891508507,86.70068122564548,5.2053488828460095,37.63006394969089,42.9495845548585,19.42035149545061,56.972540270988475,29.94783635707489,13.079623371936615,26.132645941545853,60.452138492871676,26.674819564126306,15.70419943884826,3.0,17.38023341222557,77.80595170673944,26.229212788961547,9.626473768212943,20.936518560469548,42462.0,0.455,18204.0,62.85343422905907,15.827862873814732,51.286497117754756,51.586222524359854,28.211067045358966,94.98073872648993,23.855027269727692,2.179167610846741,56.9270705041969,9.111111111111107,39.117418572484226,32.148852719934816,27.325539534266817,10.212403130151392,35.407090209750464,9.211111111111105,10.335977891572986,1.1248667804618808,"Merced County, CA",California
2077,2202,2.54683760751849,2.4283956342269253,train,41001,16052,50.853476202342385,49.146523797657615,94.94144031896336,0.25541988537253923,99.77243172951886,74.08972691807544,25.682704811443443,0.2275682704811444,18.631673031608027,77.40310392459577,3.9652230437962137,21.333333333333336,55.0962962962963,23.57037037037037,42.40886407849108,37.02106064450647,20.57007527700245,15.167923676916134,33.26198630136986,14.560236511456024,20.26774795649096,6.0,46.477889837083005,65.26536312849161,42.765363128491614,6.662011173184358,19.16201117318436,41098.0,0.4581,24360.0,55.88448818262483,8.097575057736723,64.96095115980883,62.99109481403875,21.84403776663947,99.21424829753798,18.00909196876093,0.0,3.7565412409668575,12.666666666666664,25.04983802641416,21.056566159980072,35.13580862197857,24.12783453775231,4.803139795664093,12.766666666666662,11.34067288937886,-1.4259937772878022,"Baker County, OR",Oregon
2078,2765,2.4069451083182885,2.46269295817771,train,48499,42712,49.53877130548791,50.46122869451209,90.25800711743773,4.785540363363926,99.21316165951359,64.6757272293753,34.53743443013829,0.7868383404864091,11.837155684989686,84.32835820895522,3.8344861060550905,19.744155517694047,52.487221741194865,27.768622741111077,50.16018899064755,32.791819034982694,17.047991974369758,14.701752687130822,29.40808995783227,14.532463928967815,22.22036608357397,6.0,41.4004197761194,62.25099601593625,48.3565737051793,5.272659362549801,10.613794820717134,45686.0,0.4498,24561.0,51.14481029284458,9.000175100682894,60.65754148144889,69.15939877528301,15.28541877558206,98.05158656522543,28.78394436864575,1.3360549267025421,9.360367109945683,11.0,25.95055253792845,22.00318411687581,32.297714927889125,26.0137666229631,4.956452519198352,11.1,11.73637458784527,0.6363745878452711,"Wood County, TX",Texas
2079,2578,0.5690945318899665,2.242043690738889,train,48125,2281,53.572994300745286,46.42700569925472,88.33844804910126,6.093818500657608,100.0,72.68993839835727,27.31006160164271,0.0,18.978562421185373,78.562421185372,2.459016393442623,25.423728813559322,49.73516949152542,24.841101694915253,51.95838433292533,32.55813953488372,15.483476132190946,20.077034183919114,32.9700272479564,22.89249806651199,19.49927780452576,6.0,24.59564974902398,66.85649202733485,38.83826879271071,8.769931662870157,19.81776765375854,39700.0,0.48200000000000004,20659.0,53.49276274386406,13.411764705882351,58.80250223413762,60.85106382978724,15.81769436997319,99.14893617021276,29.669347631814126,0.6382978723404255,26.39193336256029,1.6666666666666667,28.715475668566423,23.980710214818057,33.18719859710653,21.437965804471727,5.567733450241122,1.7666666666666668,9.4125479814035,7.645881314736834,"Dickens County, TX",Texas
2080,1996,1.2653814324545796,1.5511171467177156,train,38025,4195,52.94398092967819,47.05601907032182,83.79022646007152,0.09535160905840286,100.0,70.58189655172413,29.41810344827586,0.0,12.736605710619186,84.24767404555662,3.0157202438241897,26.002928257686683,53.8506588579795,20.146412884333824,43.273850377488,37.131091283459156,19.595058339052848,12.560738581146744,18.086500655308,13.363892806770098,12.575428433502292,6.0,32.323232323232325,84.07193320488119,31.213872832369947,1.7983301220295438,5.330764290301864,69732.0,0.5186,41849.0,65.66096423017107,4.073898626243486,69.36866718628215,61.016949152542374,9.70381917381138,97.53466872110941,23.694466095089634,0.0,2.765196662693683,3.4444444444444446,28.700834326579265,26.15017878426698,35.20858164481525,16.519666269368297,16.114421930870087,3.5444444444444447,4.71673652713289,1.1722920826884455,"Dunn County, ND",North Dakota
2081,488,1.9120085973796321,1.81496017355628,train,13219,34400,48.886627906976734,51.11337209302327,88.93604651162791,5.898255813953488,99.8821638993037,81.98178896625603,17.900374933047672,0.11783610069630425,8.116700201207243,89.35211267605635,2.5311871227364184,23.27095502064809,59.912943189850814,16.816101789501094,28.13199605981911,26.98576161905615,44.88224232112474,7.289834681674288,10.044031893371416,7.073968828037544,9.587719298245617,4.0,25.54566856869239,81.0942760942761,28.080808080808076,2.415824915824916,6.052188552188553,72182.0,0.4354,33528.0,67.73376231650914,4.791592447452796,82.32076577456534,71.77033492822966,5.591912482906816,97.28867623604464,14.499902324672787,0.0683526999316473,4.665697674418605,6.666666666666668,34.793604651162795,23.238372093023262,36.656976744186046,12.968023255813955,5.165697674418605,6.7666666666666675,6.140831605090433,-0.6258350615762343,"Oconee County, GA",Georgia
2082,1699,0.09531017980432493,-0.004859140839201137,train,31103,711,51.758087201125186,48.24191279887483,98.17158931082982,0.14064697609001406,100.0,74.4186046511628,25.58139534883721,0.0,17.525773195876287,81.61512027491409,0.8591065292096222,15.008156606851554,68.02610114192495,16.965742251223492,50.27726432532348,34.195933456561924,15.526802218114602,14.929577464788732,66.23376623376622,10.436432637571158,13.783403656821378,6.0,27.835051546391753,83.09037900874635,38.19241982507289,0.8746355685131195,2.332361516034985,38625.0,0.42200000000000004,26666.0,75.25773195876289,0.0,87.43718592964822,69.02173913043478,4.522613065326634,100.0,10.552763819095476,0.0,0.0,1.0,23.48804500703235,19.54992967651196,36.427566807313646,25.879043600562593,1.6877637130801686,1.1,0.9951526456871215,-0.10484735431287862,"Keya Paha County, NE",Nebraska
2083,1420,1.4891517465595983,1.1566701424968846,train,28051,18772,47.65075644577029,52.34924355422971,16.5405923716173,82.55913062007245,99.70588235294115,25.62745098039216,74.07843137254902,0.29411764705882354,15.120116662829073,82.23194412464501,2.647939212525904,51.99668370871908,23.37294459029985,24.63037170098107,64.97964961953636,22.7216421872235,12.298708193240135,43.36551724137931,155.5667001003009,57.526296699310855,14.157677239306604,6.0,11.173715791014194,53.92523364485982,35.71651090342679,13.130841121495322,33.55140186915888,20732.0,0.5395,11972.0,47.98551046056036,18.90309659528578,43.65943659436594,32.98841059602649,29.79929799297993,95.94370860927151,29.28629286292864,1.3245033112582782,0.33027913914340506,4.333333333333333,35.691455359045385,29.89558917536757,29.50671212444066,13.397613466865545,0.9002770083102494,4.433333333333333,3.1793289181611044,-1.2540044151722283,"Holmes County, MS",Mississippi
2084,2050,2.819392788437584,2.3105261936819694,train,39027,41892,49.44619497756135,50.55380502243865,94.66007829657214,2.4825742385180942,99.369644440067,65.54712892741061,33.82251551265636,0.6303555599330247,13.663619384645633,83.45620760837511,2.8801730069792586,25.72067372186615,51.11342972126993,23.165896556863913,52.64069889173675,31.540377603696623,15.818923504566625,15.853628445234046,27.748556767158433,16.201011137720002,14.031121479593065,5.0,31.121194932879558,74.69047470913955,33.988676662726306,5.2199340508928005,17.196540782679026,46787.0,0.4309,23039.0,63.86811368193247,8.974486745066773,69.22291191954113,66.64990782637842,19.144338807260155,98.19004524886877,15.180325292684845,0.2681414446120329,1.6041248925809226,16.666666666666668,31.428435023393487,26.48238327126898,34.52210445908527,14.747445813043065,2.8573474649097683,16.766666666666666,10.079727148563487,-6.686939518103179,"Clinton County, OH",Ohio
2085,1874,2.345005808877998,2.4722499274068124,train,36105,76330,51.0834534259138,48.91654657408621,81.23411502685704,8.594261758155378,99.23175416133164,61.94134503993659,37.29040912139504,0.7682458386683738,15.591079534241171,80.4097816531209,3.9991388126379244,33.384860557768924,41.754581673306774,24.860557768924302,48.03456455438834,29.75639143040024,22.209044015211415,17.521547909206028,34.431808749066164,17.96974817623542,15.540129917484839,6.0,26.958166630396573,73.06013237572174,36.632164483875506,6.319532460216871,14.91691311082946,50710.0,0.4569,25742.0,62.47958864607581,11.179692495899019,63.337569569218644,67.42957746478874,24.781979929006532,97.62743125419182,15.850826065997634,1.0060362173038229,14.620725795886285,10.333333333333334,28.26673653871348,25.414646927813443,36.67234377047033,16.216428665007204,10.171623214987552,10.433333333333334,11.849076444925705,1.4157431115923718,"Sullivan County, NY",New York
2086,1540,2.436533065503785,2.2352160936000445,train,29127,28840,48.02357836338419,51.97642163661581,91.02981969486824,5.624133148404993,99.9563255204542,57.38826612316203,42.56805939729219,0.04367447954578541,15.865313924422884,79.50301426260845,4.631671812968682,29.063229824409646,45.50211919384136,25.434650981748987,54.118684510841376,26.51727357609711,19.364041913061524,18.310475634665888,36.04020100502513,18.523620917283736,15.612128958954694,5.0,32.626212045340736,73.50396860786587,34.45108356372068,9.025238562382947,13.297065905645232,40814.0,0.4387,21614.0,63.529190737870465,6.86086056483809,65.46902654867257,60.51601013591339,16.141592920353986,96.91315365123243,21.457227138643066,0.55286800276434,1.5429958391123442,11.333333333333336,30.5374479889043,26.567267683772545,33.08945908460471,16.511789181692095,3.346047156726768,11.433333333333337,9.348501785347278,-2.0848315479860595,"Marion County, MO",Missouri
2087,135,1.9909138641722421,2.310158466869348,train,5053,18054,49.158081311620684,50.841918688379316,93.82408330563864,3.7997119751855553,99.95312866182327,75.72064682446685,24.23248183735645,0.04687133817670495,12.127659574468085,86.77916360968453,1.0931768158473951,22.573131465369602,56.2170308967596,21.209837637870795,54.19927390076644,28.70512303348125,17.095603065752318,11.971949509116412,19.82290774064553,11.812961443806396,17.74599094820361,3.0,30.61579749038949,72.80944744131797,37.25032803615688,5.8171745152354575,9.899402245225252,46171.0,0.4403,23686.0,60.24211298606015,8.695652173913043,70.93867794428611,68.3617871413004,18.139192792130174,98.65601162368326,16.144157396340898,0.0,1.2241054613935969,7.222222222222222,30.35892323030907,26.952475905616488,33.743214800044306,15.669657693585913,2.3762047191758056,7.322222222222222,10.076021244049041,2.7537990218268193,"Grant County, AR",Arkansas
2088,1592,1.9600947840472698,1.5619354960439462,train,30001,9291,50.75879883758476,49.24120116241524,95.27499730922399,0.12915724895059735,100.0,80.51724137931033,19.48275862068965,0.0,20.660805445263755,71.65343165059558,7.685762904140669,30.34561336878086,51.57614887960501,18.07823775161413,36.704783378966006,33.03269447576099,30.26252214527299,16.346371241238977,8.208955223880597,22.686464088397788,12.908157693567762,6.0,31.90635451505017,78.16176470588233,33.088235294117645,3.602941176470588,6.936274509803924,41512.0,0.4805,26763.0,63.94438444924406,5.425374709731899,76.98693041328153,71.70675830469645,10.06711409395973,97.3081328751432,16.283998587071707,0.5154639175257731,3.7132709073296737,7.0,28.393068560972985,28.253148207943173,32.97815089871919,19.22290388548057,4.595845441825422,7.1000000000000005,4.768040844202261,-2.3319591557977395,"Beaverhead County, MT",Montana
2089,1025,3.0386853290832008,2.4423726378701023,train,21077,8567,50.06419983658222,49.93580016341778,94.12863312711569,1.1205789657989962,99.68268359020851,62.919310970081604,36.76337262012693,0.3173164097914778,13.972821742605914,84.15667466027178,1.8705035971223016,21.97607443509083,46.21178555604785,31.812140008861324,62.03456262248353,27.82825583466952,10.137181542846964,15.34994068801898,29.387269482450925,14.665444546287807,15.691143431476885,2.0,36.8570080226522,80.65870196964805,32.83823054568938,3.4872457216661283,14.207297384565713,48370.0,0.4046,21634.0,63.58982562789953,6.062893081761006,64.64078034139935,51.19565217391304,18.176702307259426,98.80434782608695,19.67735884449447,0.0,5.042605346095483,20.777777777777786,33.02206139838917,26.54371425236372,35.91689039336991,11.789424536010275,4.750787907085327,20.877777777777787,11.500294432529415,-9.377483345248372,"Gallatin County, KY",Kentucky
2090,2177,2.1835512754360096,2.492425761342891,train,40105,10555,49.36996684036002,50.63003315963998,68.9720511605874,1.9706300331596398,99.03108599111827,65.19983851433186,33.831247476786444,0.9689140088817118,13.616156484186456,81.5191159659596,4.8647275498539315,21.348050728041336,51.83184593705965,26.820103334899017,57.042058660763686,29.192030990592144,13.76591034864416,18.68760298536397,32.25108225108225,20.363858737196146,18.95469036808037,6.0,27.448310016095085,70.58823529411767,36.01087493821058,5.7587740978744435,15.842807711319823,39875.0,0.4343,20524.0,58.08459291248571,8.178438661710038,60.5930097730661,62.25490196078432,15.1068411462647,99.01960784313728,27.232068908398208,0.3812636165577342,2.8327806726669817,8.777777777777779,30.26054002842255,25.078162008526764,33.036475603979156,18.40833728090952,29.05731880625296,8.877777777777778,12.09056941270736,3.212791634929582,"Nowata County, OK",Oklahoma
2091,1893,2.9379854513416674,2.841415855243471,train,37019,115926,48.61635871159189,51.38364128840811,83.43598502492969,10.803443576074393,99.39554769276131,61.983389847166926,37.41215784559438,0.6044523072386849,13.759423901336767,83.55331235613373,2.6872637425295123,20.478019201616977,55.29156139464377,24.230419403739266,40.669155042343725,33.210793987302516,26.120050970353752,16.310123164294552,40.98798397863817,15.75076359193647,16.64724198514447,3.0,41.36717030952032,65.55200943223629,47.175411135730684,5.346289106173644,14.70127863720448,46859.0,0.4534,27586.0,53.27090951364376,10.97488394238781,63.54578014510057,73.40890467085495,16.926868093182723,98.38500409724121,24.05638717972265,0.3448511335700628,4.8479202249711015,18.777777777777786,22.1201456101306,21.422286631126756,35.375153114918135,25.637906940634547,5.760571398995912,18.877777777777787,17.14001614715318,-1.7377616306246075,"Brunswick County, NC",North Carolina
2092,1127,1.789905900578732,2.106328475161301,train,22041,20550,48.62773722627738,51.37226277372263,66.24817518248175,32.72019464720194,99.50485621786328,46.73395543705961,52.77090078080365,0.4951437821367358,17.38655400976036,80.0859494500692,2.527496540170442,31.88037892390564,40.09039687945019,28.029224196644172,67.01593860684771,22.136953955135773,10.847107438016527,30.67520067152825,91.0891089108911,32.06827500715171,17.501439263097293,6.0,23.069378146864576,69.08555362163611,36.99290400321328,11.380372205114474,21.877091980184762,30275.0,0.4862,17324.0,56.23104693140794,11.004108885464818,52.1028914757792,58.13008130081301,17.273751408186257,97.6547842401501,33.29891100262861,0.0,0.3795620437956204,5.8888888888888875,31.386861313868614,26.914841849148413,30.754257907542588,16.74939172749392,1.0316301703163018,5.988888888888888,8.218013187435863,2.2291242985469752,"Franklin Parish, LA",Louisiana
2093,2941,1.789905900578732,1.9408000876064542,train,51800,86184,48.16555277081593,51.83444722918407,52.36238745010675,41.79430056623039,99.32063346339224,62.873536837273356,36.44709662611889,0.6793665366077576,10.880103245302024,86.26019075199093,2.8597060027070422,29.766599952907928,48.18695549799858,22.04644454909348,40.736976748260936,32.869583501252826,26.39343975048624,11.547900008219148,21.71082427536232,10.40438371367136,11.367486697368104,2.0,48.785502534187614,80.5646982897709,29.257825104872538,5.940626008389804,14.427234591803806,65499.0,0.4229,29620.0,68.46534573653409,7.610615301292769,76.64515878260194,71.85283268703301,13.583006180277527,95.74387591033764,14.513934776693747,0.6620637472808096,3.5992759676970203,5.8888888888888875,31.83537547572635,27.15237166991553,34.98561217859464,12.577740647916086,5.843311983662861,5.988888888888888,6.96432080892745,0.9754319200385622,"Suffolk city, VA",Virginia
2094,1891,1.67189092708065,1.610923740038792,train,37015,20518,50.82854079344965,49.17145920655034,36.20723267374988,61.97972511940735,99.92152759612871,52.57651059377453,47.34501700235418,0.07847240387130526,15.90790842872008,79.47450572320498,4.6175858480749215,35.33808647654094,35.68307267709292,28.978840846366143,65.00915813038463,24.97116884878909,10.019673020826266,22.321335960999885,58.75,23.008427412943234,21.0673720242726,6.0,19.05590211132438,61.730561555075596,44.77591792656587,9.827213822894167,27.848272138228946,30027.0,0.4567,16629.0,53.01462026135334,13.251982916412446,56.68179094255628,45.194598888006354,23.95342864480781,99.54990733386283,23.208629398167965,0.0,1.6717028950190078,5.222222222222221,25.626279364460483,25.572667901354908,36.597134223608535,19.153913636806703,1.813042206842772,5.322222222222221,5.007434659967181,-0.3147875622550398,"Bertie County, NC",North Carolina
2095,1520,1.62924053973028,1.8440588779950506,train,29087,4615,49.859154929577464,50.140845070422536,96.94474539544962,0.3466955579631636,98.27771797631864,79.33261571582347,18.945102260495158,1.7222820236813776,17.48740906547286,80.94571908226077,1.5668718522663685,14.778067885117496,59.791122715404704,25.430809399477805,54.17892878163626,26.6627427898764,19.158328428487344,12.371823450735624,13.291925465838508,14.331413947536788,16.473988439306353,6.0,36.02281988590057,74.60093896713616,38.4037558685446,5.352112676056338,10.798122065727696,42500.0,0.4286,25319.0,65.03222191089941,5.256355019388193,69.46768060836503,67.83812566560171,14.600760456273765,95.74014909478169,19.277566539923953,1.064962726304579,0.26002166847237274,5.0,24.810400866738892,20.49837486457205,37.07475622968581,22.296858071505962,2.7085590465872156,5.1,6.32214707799349,1.2221470779934904,"Holt County, MO",Missouri
2096,1600,2.4069451083182885,1.870650019191029,train,30017,11945,49.82838007534534,50.17161992465466,94.63373796567602,0.35161155295102553,99.37057435090479,77.30133752950435,22.06923682140048,0.6294256490952006,17.088678192972672,79.00725041829337,3.9040713887339646,24.56479690522244,51.623740201567756,23.81146289320981,37.90020538842575,42.06838226410535,20.03141234746889,11.293831027582009,12.482853223593965,12.799700299700305,14.565180249444726,6.0,34.703049759229536,77.58442096540294,34.67992541951523,5.614253159312201,9.073958980733376,48750.0,0.4352,25506.0,68.53993889131385,3.1682853048877564,75.42921474810021,63.070942662779395,12.974950745848579,99.22254616132167,16.60568533633549,0.0,2.754290498116367,11.0,28.38007534533277,26.755964838844704,33.26915027208037,18.317287568020088,5.014650481372959,11.1,6.492515287493932,-4.607484712506068,"Custer County, MT",Montana
2097,637,2.2442495159810822,2.0778793565207803,train,17097,702898,49.8874658912104,50.1125341087896,80.47696820875859,6.9533559634541575,99.61547136389393,75.36816278929041,24.247308574603508,0.3845286361060837,10.641249073468712,86.31813855145155,3.040612375079736,30.078614991997927,52.67312600025954,17.24825900774255,31.912732519285328,24.90982478346884,43.177442697245844,9.587126924995552,16.0867411595937,8.768386350765601,8.204006607878265,2.0,19.15890322391042,83.64366858340277,24.676808593137693,2.6940179683697294,9.500631120424377,78026.0,0.4821,39299.0,71.57516096881872,7.645041953656197,77.3693032952379,66.82844243792326,10.001690347178528,94.80436418359669,14.668691953008347,1.6453473789816906,20.69645951475179,9.333333333333334,33.96780187167982,27.177485211225523,35.192730666469394,11.719623615375204,12.569675827787249,9.433333333333334,7.987512275336235,-1.4458210579970983,"Lake County, IL",Illinois
2098,826,1.7520942128356236,1.9343671331591923,train,19087,20080,51.06573705179282,48.93426294820717,91.98705179282871,2.3804780876494025,99.71245299712452,63.34881663348817,36.36363636363637,0.28754700287547,14.907717522981546,82.23473241644696,2.8575500605715094,27.22465353756382,49.27668368587406,23.498662776562124,45.54455445544555,35.672684915550384,18.782760629004077,14.547122962323222,28.34054834054833,13.852498786996605,12.650921414954462,6.0,24.966209692990926,74.85242030696575,35.891381345926796,4.210940574576938,10.048537321264597,49321.0,0.4154,23439.0,65.02819745178584,4.839400428265525,75.61501167175435,70.01550387596899,16.816304543005927,98.94573643410853,11.752558807685402,0.0,4.442231075697211,5.666666666666668,29.641434262948213,26.588645418326692,33.70019920318725,17.106573705179287,5.632470119521912,5.766666666666667,6.919663443809449,1.152996777142782,"Henry County, IA",Iowa
2099,2166,2.1835512754360096,2.283195631856178,train,40083,44493,49.43474254377093,50.56525745622908,82.04661407412401,9.111545636392242,98.47036328871893,75.26768642447419,23.20267686424475,1.5296367112810707,11.028819336845366,86.10474124573908,2.8664394174155565,25.529595886199765,52.11279414230618,22.357609971494046,44.10444991734422,29.840423737390772,26.055126345265002,11.48439859668688,15.827740492170026,12.099595308320186,12.159590375640038,2.0,30.795142274621053,78.0995295209065,31.707640315419788,5.122258299648797,13.180041084089856,55299.0,0.4677,27402.0,63.620103738150604,5.969449910973668,68.50879447728857,61.95152859179471,12.888774648404508,96.11911927768101,21.811772481915327,0.7128148265483922,5.537949789854584,8.777777777777779,31.027352617265635,28.321308969950326,33.09059852111568,14.741644753107233,8.841840289483738,8.877777777777778,9.807973054149075,0.9301952763712968,"Logan County, OK",Oklahoma
2100,2416,0.8892620594862357,1.215392643090744,train,46125,8302,50.30113225728738,49.6988677427126,97.32594555528787,0.5540833534088172,98.51129363449692,77.8747433264887,20.63655030800821,1.48870636550308,15.324801555159564,82.61785193584967,2.0573465089907663,20.27532545264103,62.44201705820739,17.282657489151582,44.33784478327907,34.70961110159328,20.95254411512764,9.377695625385087,12.419449326303456,9.721976270586152,12.940454266421115,4.0,30.227057710501427,77.4715909090909,33.72159090909091,3.1818181818181817,10.482954545454543,53378.0,0.4018,26958.0,68.95994832041343,2.318501170960188,82.14744963566223,63.04062909567497,11.230175739391342,98.09960681520315,11.35876553793399,0.5897771952817824,1.9513370272223558,2.333333333333333,29.65550469766321,22.58491929655505,33.90749217056131,19.94700072271742,2.1199710913033005,2.433333333333333,3.3716176468304973,0.9382843134971641,"Turner County, SD",South Dakota
2101,400,2.049841071903545,1.955951025059157,train,13039,51445,51.54048012440471,48.45951987559529,75.15404801244047,18.7948294294878,98.85801294252,70.64331937571373,28.214693566806243,1.1419870574800153,9.724905444749805,86.26976136703762,4.005333188212567,27.661519456454602,53.460160592958616,18.878319950586786,40.14251781472685,38.739509105304826,21.11797307996833,12.80065964121953,21.865012220342173,12.343754775220807,11.750554370110038,5.0,63.462361297315795,80.97971885395428,24.428586758235866,3.508960188861466,12.302822191222234,52473.0,0.4026,23856.0,64.40995759656157,8.186663083881946,74.30308827548511,59.57367933271547,13.893823449029787,97.31232622798888,18.129953539218366,0.5004633920296572,5.8664593254932464,7.666666666666668,32.12557099815337,34.2112936145398,29.65691515210419,10.5802313149966,6.051122558071728,7.766666666666667,7.070640183197581,-0.6960264834690859,"Camden County, GA",Georgia
2102,2141,2.707309185877491,2.3026490213921207,train,40033,6112,49.77094240837696,50.22905759162304,79.9738219895288,1.9633507853403136,97.71468144044321,63.85041551246538,33.86426592797784,2.285318559556787,13.063457330415751,85.27352297592998,1.663019693654267,19.435991073240007,56.238587948874006,24.32542097788598,56.01431980906922,28.59188544152745,15.393794749403341,17.250041869033662,30.083565459610032,18.271221532091094,20.417362270450763,4.0,37.53229974160207,73.11650885137918,34.49979415397283,6.545903664059284,15.685467270481679,46361.0,0.4068,21640.0,62.29652441706995,9.004237288135592,60.26965002868617,59.150943396226424,14.65863453815261,97.83018867924528,28.026391279403327,1.4150943396226416,7.00261780104712,14.888888888888893,30.18651832460733,25.294502617801047,32.91884816753927,18.160994764397905,18.062827225130892,14.988888888888894,10.000639304415387,-4.9882495844735075,"Cotton County, OK",Oklahoma
2103,2736,2.1959892467282267,2.2394998319672093,train,48441,134435,48.87417711161529,51.12582288838471,81.17454531929928,7.612600885186149,99.30651024959522,63.376409128402535,35.93010112119268,0.6934897504047903,14.154016991944015,78.85225808479208,6.993724923263878,31.64204044083135,45.54474963858589,22.81320992058277,42.816268389124936,32.582213817324465,24.60151779355061,17.418797834608927,27.54947937365869,19.087531322906766,15.879133585138366,4.0,36.10746851270166,79.89934513703614,27.912523243592855,5.283369714609104,13.178106556714368,45396.0,0.4617,23896.0,65.3698426465122,5.706659085165532,67.17025864786814,67.87809740814583,13.404037983782489,96.67331244659641,23.65537157773939,0.9512959270863002,23.19262096924164,8.888888888888891,32.22672667088184,34.19496410904898,27.654256703983325,13.63186670137985,11.21285379551456,8.988888888888889,9.38863421817126,0.3997453292823714,"Taylor County, TX",Texas
2104,1702,1.895451927785184,2.038364189450025,train,31109,298080,50.13888888888889,49.861111111111114,87.33964036500271,4.000268384326357,99.06207541381174,69.93966310683868,29.12241230697307,0.937924586188257,16.48119883446649,74.01692798667962,9.501873178853891,36.47383035136433,45.76797010375999,17.758199544875673,29.058557066117725,34.21794460950188,36.7234983243804,14.68345002757802,20.892802915274824,16.107454380050303,10.00670745617171,3.0,23.19055879127361,83.77540006968819,24.07386947912329,3.5082053591916167,9.783541689683599,51830.0,0.4467,27764.0,73.97470312166678,4.856742906235543,80.45098994598389,72.24288936407042,9.344105119217893,95.87275549957529,13.046120637714873,0.4686721930929436,6.384192163177671,6.5555555555555545,30.355609232420825,36.187600644122384,28.96537842190016,11.769659151905527,8.660091250670959,6.655555555555554,7.67803910316633,1.0224835476107756,"Lancaster County, NE",Nebraska
2105,1601,2.7365296724240786,0.9112446415056319,train,30019,1758,50.682593856655295,49.317406143344705,98.1797497155859,0.0,100.0,86.27450980392156,13.725490196078432,0.0,24.682651622002826,74.75317348377996,0.5641748942172073,20.664451827242523,56.3455149501661,22.990033222591357,37.377543330821396,40.39186134137152,22.230595327807087,5.8004640371229685,4.081632653061225,6.6165413533834565,14.037122969837586,6.0,29.13223140495868,78.40646651270207,38.56812933025404,2.771362586605081,4.387990762124711,49239.0,0.461,33140.0,65.5148095909732,2.4757804090419806,84.79591836734693,72.3744292237443,4.8979591836734695,100.0,12.142857142857142,0.0,2.502844141069397,15.333333333333336,22.29806598407281,19.226393629124004,36.916951080773615,26.45051194539249,1.8202502844141069,15.433333333333332,2.487416549394196,-12.945916783939136,"Daniels County, MT",Montana
2106,912,2.0354316006833932,2.1357349840398197,train,20061,36787,52.099926604507026,47.900073395492974,70.09813249245657,16.59009976350341,99.77823117182648,73.39661137230551,26.38161979952098,0.221768828173512,12.6827885121724,81.30189978531209,6.0153117025154925,22.991855338862727,54.40484196368527,22.603302697451987,37.37758157000051,42.25402141371086,20.36839701628863,12.40687201156455,21.57837837837838,11.083157374545126,11.325285976110726,5.0,66.33231574356738,86.9134638057062,19.610154837695514,4.000628782519846,10.241295291990884,43992.0,0.4074,21450.0,68.51515300358564,8.717470786436305,76.6798418972332,74.70743676859192,14.059853190287974,94.79048697621744,16.211180124223606,1.4345035862589657,14.396390029086366,7.555555555555554,37.23598010166635,43.11033789110285,18.63158180879115,7.459156767336287,13.311767744040015,7.655555555555553,8.463264585882612,0.8077090303270591,"Geary County, KS",Kansas
2107,2034,1.0570183913692728,1.5456682182792998,train,38101,67736,51.78339435455297,48.21660564544703,88.57476083618755,3.1253690799574816,98.36755515878076,75.01594184415255,23.351613314628235,1.6324448412192325,15.798315925835965,75.43721156181684,8.764472512347178,33.068768385413776,48.25812658415201,18.67310503043422,36.29622449474144,37.885910919400956,25.81786458585761,7.531079674199277,10.450297366185216,7.44062412205822,10.097275959836463,5.0,39.35446756928893,85.28950288928858,24.47284834105086,1.928743637824806,5.460946768206345,61393.0,0.4177,31215.0,74.37982158823895,2.4853228962818004,82.82055710443858,81.48148148148148,8.608225802472182,98.25396825396824,12.136389430312601,0.13227513227513227,4.6518837841029885,2.7777777777777777,29.71536553678989,38.000472422345574,26.957600094484466,11.73526632809732,8.299870083854966,2.877777777777778,4.691105262215585,1.8133274844378064,"Ward County, ND",North Dakota
2108,1343,1.9600947840472698,2.0476317200853957,train,27071,13054,50.0612838976559,49.93871610234411,93.71840049027121,0.8809560288034319,98.75437913585053,66.83534449202024,31.91903464383029,1.2456208641494744,19.84867839245357,78.80514886508794,1.3461727424584848,23.1968633172244,53.05005926871523,23.753077414060364,47.08702449192288,34.46586763939552,18.44710786868161,15.2052751393359,22.113502935420748,16.955926010504683,17.466842472659582,6.0,33.67112810707457,69.47296372347706,40.53730321697467,4.500342231348392,13.227241615331964,42919.0,0.44799999999999995,25398.0,60.23675528818164,7.860824742268043,63.3839366809394,73.41285109657561,29.985727260931625,99.1150442477876,11.950175165434024,0.2308580223162755,0.07660487206986365,7.0,25.900107246820895,20.78290179255401,38.49394821510649,20.851846177416878,5.400643480925387,7.1000000000000005,7.749526309058005,0.6495263090580048,"Koochiching County, MN",Minnesota
2109,2697,2.2789752273549118,2.432380370336374,train,48363,27921,49.50395759464202,50.49604240535798,90.58772966584291,2.449768991081981,98.7061273051755,58.804283164782866,39.90184414039263,1.2938726948245094,14.224261542873533,80.82879265844565,4.946945798680813,22.418879056047203,49.03906319835523,28.54205774559757,55.41739731122803,28.790052606408416,15.792550082363567,19.786993471204,37.061310782241016,21.27215849843587,18.160769842992547,5.0,30.083565459610032,72.0412800605946,37.426623745502745,6.087862147320582,15.139178185949635,39516.0,0.4843,23013.0,58.442489721770706,8.155419222903888,54.98010445162896,64.60488208522962,14.523750310867946,97.97269342159704,33.37478239243969,0.5792304509722797,19.35818917660542,9.666666666666666,30.87640127502597,24.52992371333405,33.54464381648222,17.843200458436307,6.962501343075105,9.766666666666666,11.385952632146543,1.619285965479877,"Palo Pinto County, TX",Texas
2110,1442,1.6925528191446069,2.1622533322640995,train,28095,36175,47.74844505874222,52.25155494125777,68.09951624049758,30.465791292328962,99.66726084373144,62.13903743315508,37.52822341057635,0.33273915626856804,14.230853631775293,83.9989759344598,1.7701704337649042,27.84285518564186,48.160706946157006,23.996437868201127,56.688182519384576,28.66479925303455,14.647018227580887,19.94623505362493,43.18026045236464,20.231188466947962,17.815995525727068,6.0,24.021621621621623,68.2333524684271,38.798794489093,9.328358208955224,19.16618828932261,36783.0,0.4392,19215.0,57.74730298043518,10.581977075549363,62.5885775963208,52.68389662027833,18.916889577173965,98.37640821736248,22.66178609977005,0.0,1.067035245335176,5.333333333333333,29.60608154803041,26.15894955079475,33.32688320663442,17.25224602626123,1.4346924671734622,5.433333333333333,8.69069864313791,3.2573653098045776,"Monroe County, MS",Mississippi
2111,759,2.376454941560501,2.188246246200917,train,18137,28612,49.15420103453096,50.84579896546904,97.05368376904795,0.4753250384454075,98.72492836676216,73.40974212034385,25.315186246418328,1.2750716332378222,12.374107522814318,85.55014421485649,2.075748262329188,23.06217594004618,55.82763278288528,21.110191277068537,57.71440401635526,25.86822628228353,16.417369701361213,8.566234136603452,13.683688646504713,8.0365343402388,13.900532859680286,6.0,32.681370509085866,75.49674938192473,35.555352073985894,5.933522571193112,8.442450325061808,51170.0,0.3825,23534.0,65.19438802021824,6.564741685385117,77.97004594546216,63.85487528344671,11.826481293633273,98.11791383219955,13.145175726475324,0.9977324263038548,1.6985880050328537,10.666666666666666,31.385432685586466,25.090870963232213,33.99972039703621,16.510555011883127,2.470991192506641,10.766666666666664,8.919556683528862,-1.847109983137802,"Ripley County, IN",Indiana
2112,296,2.0208114572284313,2.120724932007235,train,8113,7676,52.74882751433039,47.25117248566961,95.90932777488274,0.2344971339239187,99.5221843003413,79.79522184300343,19.726962457337887,0.4778156996587029,19.789644012944983,63.54368932038835,16.666666666666664,34.86381322957198,43.50194552529182,21.634241245136188,23.456790123456788,22.67431750999826,53.86889236654496,11.170699803793328,12.003058103975535,12.712018967718404,9.718770438194898,6.0,20.189985509579774,84.01812688821751,16.102719033232628,1.1178247734138973,4.561933534743202,56047.0,0.5306,40149.0,76.58576051779934,5.873653074160153,74.05973451327435,73.4126984126984,9.716076696165194,96.82539682539681,17.551622418879052,1.5873015873015872,9.497133923918707,7.444444444444445,22.642001042209486,29.768108389786352,41.29755080771235,9.848879624804587,3.8561750911933297,7.544444444444446,8.337179185554684,0.7927347411102375,"San Miguel County, CO",Colorado
2113,3036,2.345005808877998,2.6681290640784683,train,54103,16157,49.08708299808133,50.91291700191868,98.44030451197622,0.11759608838274432,99.54268292682929,65.21341463414633,34.329268292682926,0.4573170731707317,15.604671212477465,81.72270554118661,2.67262324633592,25.72104718236947,50.599023813045406,23.679929004585123,64.79732050841636,24.793885262796287,10.40879422878736,19.79264255824121,44.8677722994173,20.431627556309486,16.906407621894267,6.0,35.55175895006601,58.528735632183896,46.06896551724138,9.302681992337163,16.18390804597701,39096.0,0.4579,21619.0,47.08506142890679,7.977397374106697,63.49407783417935,70.56876316581402,23.910744500846015,99.54860066205237,18.05203045685279,0.0,0.6498731200099028,10.333333333333334,26.570526706690604,23.20975428606795,35.384044067586814,21.1054032307978,1.4420993996410223,10.433333333333334,14.412978192823243,3.979644859489909,"Wetzel County, WV",West Virginia
2114,1308,2.465270675271141,2.2732171956844276,train,27001,15839,50.91230506976451,49.08769493023549,95.07544668224004,0.36618473388471495,99.27246271371409,67.2971989814478,31.97526373226628,0.7275372862859221,18.05837365381614,80.68518807554237,1.2564382706414858,18.064231645476593,59.660468876313665,22.27529947820975,49.346725461375144,35.178833904948554,15.474440633676306,12.427819838316438,15.82115219260533,13.856751744237387,18.04295027483063,6.0,45.97384721266346,62.596924694440794,47.47010119595216,6.203180444210802,11.998948613484032,42252.0,0.4338,25591.0,52.5989138867339,7.227138643067848,65.78601315002989,72.22099447513813,28.6670651524208,99.1160220994475,11.32098027495517,0.17679558011049726,1.1238083212324008,11.666666666666664,22.495107014331712,16.674032451543656,36.70686280699539,29.19376223246417,4.558368583875245,11.766666666666662,9.710591486945946,-2.0560751797207164,"Aitkin County, MN",Minnesota
2115,1903,3.2184312816290506,2.669123817440501,train,37039,27092,48.9701756976229,51.02982430237708,93.69924701018749,1.6167134209360698,100.0,68.39738348323796,31.602616516762065,0.0,14.105515145934994,79.14556670656478,6.7489181475002304,21.787152943214803,50.03681725646467,28.17602980032053,50.33455433455435,31.09645909645909,18.56898656898657,19.960971216272,36.525740580960594,22.682202677721136,20.014919806042517,6.0,36.09032723339042,57.741691842900295,51.68051359516617,6.061178247734139,14.992447129909365,34662.0,0.4286,18787.0,46.17526243724327,8.095285163586043,54.46553446553447,59.274836838288614,20.779220779220786,97.47643219724438,29.483849483849482,0.6526468455402465,2.831094049904032,24.88888888888889,23.582607411782078,19.068359663369254,36.855898420197846,25.967075151336193,4.684039568876421,24.988888888888887,14.427322684770388,-10.561566204118499,"Cherokee County, NC",North Carolina
2116,31,1.410986973710262,1.3106750217967282,train,1063,8697,47.08520179372198,52.91479820627802,17.787742899850517,80.65999770035644,100.0,41.814595660749504,58.18540433925049,0.0,18.781188567972176,77.46862241040375,3.750189021624074,39.18269230769232,28.690610859728505,32.126696832579185,63.025493837582296,26.034104339017397,10.940401823400304,40.2382604672681,202.68656716417908,47.16477651767846,27.908859588248898,6.0,20.872694556905085,53.4832864729772,46.42299281474538,19.36894720399875,43.23648859731335,20541.0,0.5138,13611.0,44.92293744333635,18.869828456104948,50.428015564202326,46.955345060893094,33.19066147859922,93.36941813261164,23.073929961089487,1.6914749661705006,0.7013912843509256,4.0,30.654248591468324,24.45670921007244,34.79360699091641,17.43129814878694,1.5522593997930318,4.1,3.7086763048056506,-0.39132369519434906,"Greene County, AL",Alabama
2117,209,1.4891517465595983,1.8824997350808321,train,6051,14146,51.68245440407182,48.31754559592818,84.08030538668177,0.5513926198218577,99.92892679459844,80.20611229566455,19.722814498933907,0.07107320540156363,16.514094081392187,65.76633735158161,17.719568567026194,38.72186909465727,40.17350970623605,21.104621199106678,31.89886480908153,35.779153766769866,32.3219814241486,4.8731832430892,6.127080181543118,4.874859917818453,8.520466173962479,6.0,26.517571884984022,81.51243375458624,25.540154912352214,3.2409294741133308,3.5466775377089275,56944.0,0.3645,29437.0,71.64444444444446,12.990074441687346,58.38403244743302,59.22381711855395,12.349236844914081,100.0,31.61490020279646,0.0,27.301003817333523,4.333333333333333,24.183514774494558,31.662660822847446,35.091191856355145,13.297045101088651,15.368301993496392,4.433333333333333,6.5699073806317845,2.136574047298452,"Mono County, CA",California
2118,1544,1.5846897427449065,2.02609578077731,train,29135,15801,52.38276058477312,47.61723941522688,92.99411429656351,3.898487437503956,99.57005563985837,80.6272129489125,18.942842690945877,0.4299443601416287,13.306068099676619,84.4207723035952,2.273159596728172,25.39936102236421,52.12460063897764,22.476038338658146,60.4070042593469,21.48603880738287,18.106956933270236,13.049498096227069,22.329793878825736,12.502671511006625,13.925537058782895,4.0,28.70667793744717,76.61304897885417,34.664738839689136,4.554491234411712,12.289896981745887,47725.0,0.4057,20901.0,67.16744318722068,6.356172140430353,70.43664996420901,66.08899297423888,10.486757337151039,98.17330210772829,22.17847769028872,1.592505854800937,4.531358774761092,4.777777777777779,31.428390608189353,27.985570533510536,32.64350357572306,14.309220935383834,3.1073982659325363,4.877777777777779,7.584417251491298,2.706639473713519,"Moniteau County, MO",Missouri
2119,2510,2.6695403463403347,2.622707133892514,train,47179,125317,48.64064731840053,51.35935268159947,92.13913515325136,3.94519498551673,99.6559818682208,67.80395013760725,31.85203173061357,0.34401813177918084,16.69086540972476,78.25873504987726,5.050399540397972,28.55765283227833,48.8318582380966,22.610488929625074,42.52827709203547,26.879663960200872,30.592058947763647,18.069458462251195,31.467336146573373,19.86054908796613,17.25530829818753,4.0,34.36006214149139,73.06128652304419,35.419278847980536,4.907101333637296,14.656711881150501,42817.0,0.4943,26176.0,61.06346136319909,6.149049782760107,70.24091352179363,64.851735654286,17.39818460330924,98.54771784232366,17.058905444924108,0.2074688796680498,3.166370085463265,14.333333333333336,26.578995666988522,30.465140403935624,33.2692292346609,16.466241611273816,3.915669861231916,14.433333333333335,13.77295840501497,-0.6603749283183653,"Washington County, TN",Tennessee
2120,1956,2.2442495159810822,2.2514169787721725,train,37145,39262,48.61698334267231,51.3830166573277,68.76623707401559,27.37761703428252,99.19770773638969,54.06303724928366,45.13467048710603,0.8022922636103151,14.033042435547266,81.21710745453335,4.749850109919392,28.765925555833128,44.885086185360976,26.348988258805896,52.433814131823986,32.83184224940661,14.7343436187694,19.876224858174318,37.342879872712814,21.628272884980024,18.391574176602372,3.0,25.922645408916445,72.19007995839564,36.48833127478385,5.12253786647598,20.07410778131704,42105.0,0.4325,21148.0,62.19609406137904,11.812453273523445,64.87509462528388,57.64612954186413,19.28673563798469,98.81516587677729,19.80822609134494,0.2843601895734597,4.212724772044217,9.333333333333334,28.16463756303805,23.73287147878356,37.30579185981356,16.70317355203505,3.8561458917018996,9.433333333333334,9.501189286009891,0.06785595267655786,"Person County, NC",North Carolina
2121,1219,2.376454941560501,2.4764760375906363,train,25017,1556116,48.745851851661435,51.25414814833854,79.05310401024089,4.882669415390627,99.62987635566736,79.0483246379699,20.581551717697447,0.3701236443326568,13.575191662520888,78.98009601197386,7.444712325505254,35.23700707017542,47.65287384298645,17.110119086838125,28.68643723500125,19.308898048427366,52.00466471657138,8.327191353869981,10.113970917765814,8.80827583665724,8.995377381823328,2.0,16.31829319862117,82.12918472377324,25.64416486522483,4.194371305336707,8.452091892316467,85118.0,0.4734,44152.0,71.81148627301337,5.894862664612767,83.30170796741797,68.57148385161967,15.115738956323394,94.20283545920219,4.455717569669693,0.4914408989111875,7.3095450467702925,10.666666666666666,27.325919147415746,31.151597952851844,34.3845188919078,13.733744785093142,16.06422657436849,10.766666666666664,11.899257909070089,1.132591242403425,"Middlesex County, MA",Massachusetts
2122,716,1.9909138641722421,2.180432322954374,train,18051,33668,50.06237376737555,49.93762623262445,94.85267910181776,1.6425092075561365,99.48408204353844,75.2611048194287,24.22297722410973,0.5159179564615578,13.326106159158435,83.79506946117401,2.8788243796675497,23.911758184908727,53.920626709038494,22.167615106052764,50.5070373284378,34.43482821924994,15.058134452312267,11.20358514724712,16.068781500148233,11.576783879183235,15.095878000905936,6.0,27.356581303027944,77.64463440696076,32.827049305449556,4.1215081666921085,9.113112501908104,48303.0,0.4111,24682.0,65.65781100859051,4.0705069961839,76.14349775784753,64.38707134410721,11.320378674638764,97.95033504138748,15.650224215246634,0.039416633819471816,1.4969704170131877,7.222222222222222,30.090887489604373,26.375193061660923,34.02637519306166,15.923131757158133,3.504811690626114,7.322222222222222,8.850131546798291,1.5279093245760693,"Gibson County, IN",Indiana
2123,131,2.1054882506179364,2.276824623978939,train,5045,119343,49.00832055503884,50.99167944496116,84.09626035879775,11.301877780850155,99.16766593778657,69.15426394864922,30.013401989137336,0.8323340622134443,12.413457189576592,78.23122151480361,9.355321295619804,32.843769328343356,47.36191045276808,19.794320218888565,39.76131264153828,31.925476193784128,28.313211164677604,15.505445406311086,20.188114578879865,17.765612658986303,12.218674030341274,3.0,26.958540630182423,80.95778168688085,26.168873252476626,4.710212017405796,11.994259790760115,51223.0,0.442,24603.0,67.36050688262722,6.367369920180174,72.81234587129768,66.41269841269842,14.549749500298526,97.32539682539681,16.725073332814162,0.2063492063492064,4.015317194975826,8.11111111111111,32.11332042935069,35.991218588438365,29.144566501596238,10.850238388510428,4.601861860352094,8.211111111111109,9.745685010058946,1.534573898947837,"Faulkner County, AR",Arkansas
2124,2778,2.118929313186954,2.2011220812533994,train,49017,5069,52.02209508778852,47.97790491221149,95.10751627539948,0.7693825212073387,100.0,80.88923556942278,19.110764430577227,0.0,12.819058423142373,84.37322745320476,2.807714123652864,21.722939424031786,56.181727904667326,22.09533267130089,43.19136172765447,37.07258548290342,19.736052789442112,18.048377093239612,27.29083665338645,20.236486486486484,14.666391241479031,6.0,30.34335906308225,74.98572244431753,41.86179326099372,3.4837235865219887,7.424328954882923,42614.0,0.4394,19971.0,58.83675189660017,8.930276981852911,61.54716981132076,72.8272827282728,12.603773584905662,99.11991199119913,29.132075471698126,0.0,5.582955217991714,8.222222222222221,33.93174196093904,24.580785164726766,31.24876701519037,18.287630696389822,4.1231012033931735,8.322222222222221,9.035145981564515,0.7129237593422939,"Garfield County, UT",Utah
2125,2313,2.5810582263605166,2.545031849126934,train,45007,191215,48.26347305389221,51.73652694610779,80.07217007033967,16.386266767774494,99.21939654208323,64.34722315417477,34.872173387908475,0.7806034579167506,13.808925509687006,81.91851949548449,4.272554994828509,26.101365154512145,50.12613897986316,23.77249586562469,48.70326528102324,31.82957200836305,19.4671627106137,16.397572851581145,30.904195514527487,16.53192915579748,16.03087599580878,3.0,29.16800470077003,71.76553233454467,38.09356551342151,4.974129662402226,15.880199397484565,42143.0,0.4432,22400.0,60.58771259118432,8.809986698045636,66.96480823150227,59.81555106563253,16.247259514180648,98.46183927523953,20.54294374033733,0.21508179625888027,3.3454488403106453,13.111111111111107,29.913971184269013,25.794524488141626,34.225348429777995,16.559370342284858,3.5415631618858354,13.211111111111109,12.743633953217607,-0.4674771578935015,"Anderson County, SC",South Carolina
2126,2895,2.511404317020102,2.58447001777776,train,51173,31734,48.88132602256256,51.118673977437446,96.08621667612024,2.136509737190395,99.06337808304714,64.9859506712457,34.077427411801445,0.9366219169528568,14.526657206568007,82.3069126292317,3.1664301642002837,21.926446156169767,49.898051653828716,28.175502190001517,57.05585980284775,27.925520262869664,15.018619934282588,18.68633310839037,42.487046632124354,18.83057752216631,19.08135136867748,6.0,25.977256574271497,67.04181320828447,40.94568190699492,7.088706525986715,18.38218053927316,37983.0,0.4679,21927.0,56.485963213939975,6.433876035418452,63.82154792849186,59.65325702743646,19.494987003342,99.19205520956068,19.60638692907538,0.0,1.84344866704481,12.222222222222221,25.91857313921977,23.299930673725342,36.87842692380413,19.635091699754206,1.7772735866893554,12.322222222222221,13.256261644916895,0.9340394226946742,"Smyth County, VA",Virginia
2127,1005,3.135011007415278,2.4277689453348508,train,21037,91475,49.03853511888494,50.96146488111506,93.63869909811424,3.2118065045094286,98.7371236133122,65.34270998415215,33.39441362916006,1.2628763866877972,15.368152567466545,78.86805728609332,5.763790146440141,32.84167939340353,45.20804865632452,21.95027195027195,41.71991133133394,29.20035206676229,29.079736601903768,14.588381836711585,25.72988068037573,14.796132124482579,11.902989634600216,2.0,24.42830655129789,78.69605660005074,29.038532006652197,4.831299151562983,10.666065338106376,54621.0,0.4439,28248.0,69.65303842076611,6.626629920612067,76.14236866645943,65.04201680672269,13.247331882706456,98.04201680672269,13.742962732704727,0.3109243697478992,1.7884667942060672,22.88888888888889,29.129270292429627,31.063132003279584,33.25170811697185,13.517354468433998,3.1494943973763325,22.988888888888894,11.333568042147386,-11.655320846741509,"Campbell County, KY",Kentucky
2128,540,2.3555991282796627,2.2555307062042846,train,15001,191482,50.10340397530838,49.89659602469161,33.385383482520545,0.6914488045873763,98.97176470588236,61.724705882352936,37.24705882352941,1.028235294117647,11.45669804142016,81.1724057557705,7.370896202809333,32.8617602544699,43.44778493189339,23.690454813636713,40.63920081120667,32.596236902392306,26.764562286401024,19.487522068998427,42.09021276595745,19.914762985581554,13.130559510736784,5.0,30.89451669737603,73.01838642233426,37.476940105768044,5.2868650842454805,19.85918091255688,52108.0,0.4645,24548.0,60.194542783843616,8.074129051121156,68.55727394132597,61.48234699677888,23.372248309137124,96.19781469083559,11.439279713953388,0.9442304048506284,12.243448470352304,10.444444444444443,28.252786162668034,26.31683395828329,34.632498093815606,16.799490291515653,65.92316771289208,10.544444444444443,9.540355092506976,-1.0040893519374663,"Hawaii County, HI",Hawaii
2129,2025,0.09531017980432493,1.279620697636432,train,38083,1337,49.962602842184,50.03739715781601,98.27973074046372,0.0,100.0,82.09606986899564,17.903930131004362,0.0,18.050541516245488,81.22743682310471,0.7220216606498195,18.039895923677363,62.098872506504755,19.861231569817868,50.66413662239089,34.155597722960145,15.180265654648954,15.632011967090499,32.369942196531795,16.020942408376964,14.584891548242336,6.0,34.115523465703966,73.04747320061256,43.95099540581929,6.584992343032159,13.016845329249618,48102.0,0.4829,32095.0,56.67870036101082,2.0700636942675157,71.73913043478261,67.20430107526882,18.342391304347828,99.46236559139786,11.277173913043475,0.0,0.2991772625280479,1.0,21.615557217651453,15.856394913986538,39.19222139117427,27.823485415108447,1.7202692595362752,1.1,3.5952757703125493,2.495275770312549,"Sheridan County, ND",North Dakota
2130,3026,2.4267673628924595,2.519346548372691,train,54083,29365,51.45922016005449,48.540779839945536,96.90447812021114,1.9240592542142003,99.1942703670546,63.06177260519248,36.13249776186213,0.8057296329453895,15.245681470847034,81.54031399064512,3.214004538507848,26.255624467955734,49.46288864566865,24.281486886375607,62.42269744606524,18.241042345276874,19.336260208657887,16.992885841719193,27.392510402219138,18.82592205793437,18.995934369101207,5.0,31.546965988691028,66.69549424889735,40.75931851595607,10.499005448413042,15.169073769782925,39457.0,0.4529,21139.0,57.504100601421534,6.671420648126139,61.34181469035045,63.22861468584405,23.943831012962075,97.14231642694928,19.239078252520407,0.0,0.7934616039502809,11.222222222222221,24.999148646347688,26.221692491060786,35.24944662012599,19.230376298314322,1.171462625574664,11.32222222222222,12.420477829784032,1.0982556075618124,"Randolph County, WV",West Virginia
2131,1529,1.7520942128356236,2.5083397975982695,train,29105,35514,49.42276285408571,50.57723714591429,95.75378723883541,0.5209213268006982,98.4171322160149,65.73556797020484,32.68156424581006,1.5828677839851024,12.260882663051666,82.53502033438771,5.204097002560626,21.4270605654657,52.48184446167946,26.09109497285483,57.521534684366024,28.554783404768838,13.923681910865133,19.537363487832145,39.11007025761124,20.268863440908888,19.410592255125284,5.0,32.262148575684236,72.52860834256181,38.139534883720934,8.342561830933924,18.951642672572905,39712.0,0.4239,19567.0,59.729974355106364,8.586942795807552,59.21902665454371,57.89286349884321,20.500550318227496,98.113543335113,24.438914676747856,0.2847481758319986,2.20194852734133,5.666666666666668,30.63298980683674,25.984118939009967,33.47130709016163,16.317508588162415,3.7252914343639127,5.766666666666667,12.284518334557408,6.517851667890741,"Laclede County, MO",Missouri
2132,904,2.0208114572284313,1.9627635887208623,train,20045,114967,50.005653796306774,49.99434620369322,84.2928840449868,3.999408525924831,98.7849949182297,71.17712279404971,27.607872124179988,1.215005081770304,15.840481493768067,66.05611108478271,18.10340742144922,47.162548118713524,37.9941222732729,14.843329608013578,25.07529073808089,25.774915442709545,49.14979381920956,19.005417445306453,16.066436441374773,25.46245597419125,9.761327533542802,4.0,17.563112738518367,85.00994763200622,21.143863340117537,3.2083971735004235,7.683688170321755,50939.0,0.4757,27611.0,70.58429563695678,6.028281962596799,82.29963530986383,71.50170648464163,7.484129225555322,96.34453026764864,12.90904849028107,0.5388898868331238,5.679020936442631,7.444444444444445,28.01325597780233,45.47913749162804,25.61256708446772,10.002870388894202,11.707707429088344,7.544444444444446,7.1189738206313145,-0.4254706238131316,"Douglas County, KS",Kansas
2133,2035,0.36000273403140703,0.260255697533587,train,38103,4204,50.451950523311126,49.54804947668888,98.02568981921979,0.0,100.0,82.86082474226805,17.13917525773196,0.0,21.295180722891565,76.83734939759036,1.8674698795180724,15.332390381895332,62.82885431400282,21.838755304101838,50.12730744748568,30.044557606619982,19.828134945894327,5.486768633163389,0.0,7.250561437279433,14.615197863559114,6.0,21.703617269544925,73.50597609561753,44.47211155378485,4.133466135458167,8.864541832669323,48098.0,0.4485,30514.0,61.202512713131924,1.3685239491691104,82.05590622182145,78.22222222222223,10.955816050495944,99.8222222222222,9.648331830477908,0.17777777777777778,0.6898192197906755,1.3333333333333333,22.549952426260706,16.93625118934348,35.82302568981922,28.78211227402474,1.9743101807802093,1.4333333333333333,1.297261750891222,-0.13607158244211126,"Wells County, ND",North Dakota
2134,2504,2.4069451083182885,2.30668511792698,train,47167,61674,49.463307066186715,50.536692933813285,78.18529688361384,18.1551383078769,99.28464792236878,64.47499377954715,34.8096541428216,0.7153520776312515,9.674327366755087,86.74572568600789,3.5799469472370213,27.994408929268843,50.14491562005385,21.8606754506773,53.37682463507298,31.58368326334733,15.039492101579686,13.649607400944872,22.743793983450626,13.537924404189651,14.383741977949645,2.0,33.59180526489702,80.06952491309386,30.006952491309384,5.803012746234067,19.721900347624565,53669.0,0.4209,23572.0,66.92775937695819,10.061526115160838,70.0883862128254,66.61305455032837,17.314563576283483,96.16673368181208,17.336055664508503,0.6299423669749363,2.490514641502092,11.0,33.463047637578235,28.47715406816487,33.033369004766996,12.407173201024744,3.659564808509258,11.1,10.041084415339865,-1.0589155846601344,"Tipton County, TN",Tennessee
2135,2713,2.1709566505156093,1.8048027221509633,train,48395,16532,49.97580450036293,50.02419549963707,75.53834986692475,20.68110331478345,100.0,59.77886977886978,40.22113022113022,0.0,13.012637586628616,84.30493273542602,2.682429677945373,28.865587721297768,45.62723197325431,25.50718030544791,57.572443958447245,25.952250774558053,16.475305266994713,17.392102846648303,31.73419773095624,17.88836583725622,16.11165523996082,4.0,19.747932889138635,72.11871393239902,36.834295136026384,7.798845836768343,20.230832646331404,46501.0,0.4435,21781.0,60.353823577368345,9.131433202755641,56.73758865248227,63.14189189189189,18.117343649258547,96.25,28.658929722759503,1.5540540540540542,19.332204210016933,8.666666666666666,31.21824340672635,23.56641664650375,33.25066537624002,18.56399709654004,3.780546818291798,8.766666666666667,6.078772123134826,-2.6878945435318418,"Robertson County, TX",Texas
2136,2676,2.049841071903545,2.087670838839668,train,48321,36598,49.50816984534675,50.49183015465325,80.41149789605987,10.191813760314773,99.53414505029116,60.44467972472207,39.089465325569094,0.4658549497088407,14.320987654320989,83.9057239057239,1.7732884399551068,26.9624217118998,46.96590118302018,26.07167710508003,58.137390502535744,26.585355630998787,15.277253866465484,21.68784782789268,54.352476550929744,20.398973296708245,14.813586490893512,5.0,29.819843053457607,73.41204603198325,30.89224331191152,5.3504707816469885,17.919593483784187,40797.0,0.4625,21693.0,62.76321202827543,6.090221083368095,55.96805827963015,55.90832237460079,11.950126085738304,98.40315611497276,34.356028766227695,0.0939319932368965,39.857369255150545,7.666666666666668,32.67118421771681,27.823924804634128,31.23941198972621,15.10191813760315,9.396688343625335,7.766666666666667,8.066106007202166,0.2994393405354989,"Matagorda County, TX",Texas
2137,2390,0.19153821189887874,1.8386667034651378,train,46071,3237,49.27401915353722,50.72598084646278,45.28884769848625,0.15446400988569664,99.50932286555448,55.74092247301275,43.768400392541714,0.4906771344455349,12.617702448210926,85.96986817325798,1.4124293785310735,36.072482090181204,43.910661609776646,20.01685630004214,43.91707583196945,36.27932351336607,19.80360065466449,33.30188679245283,74.52991452991455,40.55989583333333,12.805259862241702,6.0,33.438628158844764,77.51937984496125,34.786821705426355,5.329457364341085,22.28682170542636,45074.0,0.4385,19216.0,65.57754256787851,16.491228070175442,47.597254004576655,63.05882352941178,23.169336384439358,96.47058823529413,32.608695652173914,3.5294117647058822,2.3169601482854496,1.1111111111111112,38.70868087735558,28.11244979919679,25.94995366079704,14.396045721346926,54.55668829162806,1.2111111111111112,6.288148702509082,5.07703759139797,"Jackson County, SD",South Dakota
2138,1972,2.0354316006833932,1.9352944997570256,train,37177,4152,58.11657032755298,41.883429672447015,59.89884393063584,30.394990366088628,100.0,52.06847360912982,47.93152639087018,0.0,14.685314685314689,83.2867132867133,2.027972027972028,36.128133704735376,39.27576601671309,24.596100278551532,67.41285577230572,24.592260952990085,7.994883274704192,21.83908045977012,45.43568464730291,24.28447528187337,19.76450798990749,5.0,28.68733700376702,61.6815988973122,47.20882150241213,7.787732598208133,21.157822191592004,32361.0,0.4458,16268.0,54.53593859036985,13.62763915547025,49.80601357904947,57.33830845771144,23.27837051406401,99.50248756218906,34.67507274490786,0.0,9.706165703275527,7.555555555555554,23.81984585741811,25.313102119460503,38.4393063583815,19.364161849710978,9.706165703275529,7.655555555555553,6.9260834849612385,-0.7294720705943147,"Tyrrell County, NC",North Carolina
2139,1573,2.2082744135228043,2.0175853982871184,train,29195,23334,49.99142881631954,50.00857118368046,85.386131824805,4.928430616268106,98.91573140574472,62.79246718660834,36.1232642191364,1.0842685942552788,15.539447672677168,79.90175522674173,4.558797100581082,29.74855137951199,45.574397958641214,24.677050661846792,53.96000526246546,27.233258781739245,18.80673595579529,17.32247645908202,34.51855696859589,17.302052785923756,18.1993006993007,5.0,31.344280545505143,73.86928991406604,36.058344640434186,7.112166440524647,15.298507462686567,40101.0,0.4226,20339.0,62.9791583849168,4.9774571686203775,74.92330741242777,65.17260579064586,16.43004922593993,98.9977728285078,13.233930227580796,0.3062360801781737,9.239736007542641,9.0,30.73626467815205,28.74775006428388,31.82480500557127,16.41810233993315,9.685437558926886,9.1,7.520144839041601,-1.5798551609583988,"Saline County, MO",Missouri
2140,170,1.6072132174119893,1.7381557011963238,train,5123,27345,54.84000731395137,45.15999268604864,43.44121411592613,51.87420003656976,99.22115852669157,45.28638650008113,53.934772026610425,0.7788414733084537,17.60717158947248,79.99655212044594,2.3962762900815995,35.374548736462096,32.43231046931408,32.19314079422383,61.2354137672626,27.40605930842523,11.358526924312171,24.809386648593698,57.89066529138731,26.03618539609313,20.56232348353918,5.0,25.423728813559322,68.49416755037116,36.4050901378579,13.647932131495226,27.08377518557794,32105.0,0.4579,15971.0,59.47383471547041,11.481873257043949,52.92353823088456,41.719378953421504,26.29399585921325,98.01610120759057,25.24452059684443,0.6325474410580794,4.3883708173340645,4.888888888888889,29.23386359480709,29.93234594989943,33.76851343938563,13.32601938197111,4.684585847504113,4.988888888888889,5.6868455026397715,0.6979566137508826,"St. Francis County, AR",Arkansas
2141,1995,0.43466426280042675,0.6169690929031633,train,38023,2314,50.56179775280899,49.43820224719101,95.67847882454625,0.4753673292999136,100.0,85.01362397820164,14.986376021798366,0.0,20.096205237840728,76.96419027258152,2.939604489577766,15.92164741336012,63.23455549974887,20.84379708689101,45.04357298474945,34.36819172113289,20.588235294117645,7.9005770084332,8.259587020648969,8.640552995391705,16.083296411165264,6.0,23.62326299536799,74.74560592044405,36.26271970397779,2.2201665124884364,3.330249768732655,56042.0,0.5434,41625.0,65.5355249204666,0.7281553398058253,81.99261992619927,80.60263653483993,4.6494464944649465,97.74011299435028,14.464944649446494,1.6949152542372878,0.17286084701815038,1.4444444444444444,18.79861711322385,17.458945548833192,41.22731201382887,25.28089887640449,3.8461538461538463,1.5444444444444445,1.853302333458206,0.30885788901376143,"Divide County, ND",North Dakota
2142,3056,1.67189092708065,1.7708010118076707,train,55033,44159,50.47668651916937,49.52331348083063,94.42242804411332,0.5978396249915079,98.41414717626922,72.27609811751283,26.138049058756426,1.5858528237307472,13.662245025653858,75.67263171067451,10.66512326367163,36.248677105098906,46.126292366557216,17.62503052834387,41.80694175480411,32.59347534634291,25.59958289885297,15.125760599118076,17.100371747211895,18.01397572636999,10.712492582956775,5.0,24.978059621209976,78.83948664923058,30.94094033209659,4.525272185390183,14.117146158992766,49788.0,0.4241,24098.0,67.31499728672208,6.063048920191776,75.92905114516962,70.59217129474742,16.84174272429826,98.293743726999,11.23127260203203,0.0,1.6893498494078216,5.222222222222221,29.667791390203586,36.1104191671007,29.8919812495754,14.001675762585206,4.979732330895174,5.322222222222221,5.875557868177376,0.5533356459551548,"Dunn County, WI",Wisconsin
2143,382,2.158201375540483,1.9879592897383194,train,13003,8294,49.312756209307935,50.68724379069207,66.80733060043404,17.229322401736194,100.0,61.76345909283595,38.23654090716405,0.0,13.6656493726687,81.84130213631741,4.493048491013903,28.82324916626965,43.306336350643164,27.87041448308718,69.67963386727689,22.54004576659039,7.780320366132723,28.68902069967316,61.98347107438017,33.11556656904708,14.05418480890179,6.0,19.460825610783488,76.94805194805194,31.601731601731604,6.42135642135642,26.948051948051948,30933.0,0.4753,17022.0,61.431714334066676,7.21763085399449,45.50370518726217,44.54148471615721,14.720608852393351,98.36244541484716,42.75986380933306,0.0,24.234386303351823,8.555555555555555,36.32746563781046,27.164215095249578,33.34940921147817,11.044128285507595,15.96334699782976,8.655555555555555,7.3006200998987705,-1.3549354556567845,"Atkinson County, GA",Georgia
2144,2118,2.8773240425036892,2.6094491490610485,train,39163,13234,50.19646365422397,49.80353634577603,97.15883330814569,0.43070878041408495,100.0,69.63151207115631,30.368487928843713,0.0,12.944238662528779,84.92341575733306,2.132345580138152,24.108483483483482,52.97484984984985,22.916666666666664,64.02885682574917,26.82574916759157,9.145394006659266,20.717831233295147,49.17715392061954,20.406445406445407,19.436213053719325,6.0,26.085663295657355,68.12900641025641,34.615384615384606,9.495192307692307,25.701121794871803,40680.0,0.3924,18330.0,56.50654149605514,11.894662424885118,60.50024764735017,51.10996386164173,28.095591877166914,97.47031491997934,16.02278355621595,1.4455343314403717,0.16623847665105032,17.666666666666668,30.474535287894806,24.89799002569141,36.262656793108654,15.052138431313288,2.4104579114402296,17.76666666666667,13.591561864747499,-4.17510480191917,"Vinton County, OH",Ohio
2145,1131,1.8263398028248343,2.0623227748605757,train,22049,16109,51.44950027934695,48.55049972065305,67.96200881494816,30.169470482339072,99.66869133075649,51.54610712313639,48.12258420762011,0.3313086692435119,13.140800561797752,83.67275280898876,3.1864466292134828,29.647202877477607,43.67490625239152,26.677890870130874,62.95369211514393,24.08367602360093,12.962631861255142,26.502895945676052,61.90689346463744,29.502611855553035,22.12465908334996,6.0,28.365384615384606,68.84730043060617,41.222259026167606,9.473335541570057,23.51772109970189,38029.0,0.455,18986.0,51.6310066643283,6.657608695652175,59.87569060773481,65.05891016200296,23.00874769797421,97.4963181148748,22.444751381215468,0.4418262150220913,1.533304364020113,6.1111111111111125,28.468557948972627,28.13334161027997,31.584828356819173,17.754050530759205,1.8685207027127693,6.211111111111112,7.8642154137618405,1.6531043026507284,"Jackson Parish, LA",Louisiana
2146,717,2.6998686753609076,2.4636906359463078,train,18053,68896,47.88376683697168,52.116233163028326,88.64810729215048,6.731885740826753,97.87380919508492,58.51166643655944,39.362142758525465,2.1261908049150904,16.015944399018807,80.02657399836468,3.9574816026165167,30.467516057702433,44.44561440454882,25.08686953774876,55.16086088307078,27.58375859773685,17.255380519192368,18.720919190960018,40.01801260882617,18.929503916449086,17.479357696892983,5.0,28.737956902257853,68.59160781055256,40.057408316652186,6.8059070136344735,16.992106356460322,40294.0,0.4201,20440.0,59.201466846280496,8.60249036091271,66.76423692915448,73.37008838715323,17.45079841031865,97.70718473790147,19.361747697579784,0.16627286251859633,3.972654435671157,14.777777777777779,29.146830004644684,28.91604737575476,32.778390617742694,17.257895959126802,4.620006967022759,14.87777777777778,11.748089550762812,-3.1296882270149684,"Grant County, IN",Indiana
2147,3099,2.0780516873907815,1.8434605983584265,train,55117,115226,50.30114731050283,49.69885268949717,90.18971412701995,1.4267613212295835,98.82530689329556,72.5363550519358,26.28895184135977,1.1746931067044382,15.56695249889016,82.01009369377789,2.4229538073319468,27.31761009649807,53.890379046133134,18.7920108573688,45.7194579237171,30.905388077338905,23.37515399894401,9.249443585366073,14.821672618260367,8.860309971336529,10.65020634442693,4.0,25.45835870374129,78.66640971285413,30.757371362497594,3.9378171773623687,12.487955290036616,53713.0,0.40700000000000003,27034.0,70.84162539917621,5.713165760203832,79.98984624310995,65.06747483989021,13.26080649840441,98.13014638609332,9.949231215549752,0.2859103385178408,5.8814850814920225,7.8888888888888875,29.629597486678357,25.48990679186989,35.70982243590856,15.788103379445614,8.383524551750472,7.988888888888888,6.318365797381368,-1.67052309150752,"Sheboygan County, WI",Wisconsin
2148,2129,2.6059764591510066,2.159356694747329,train,40009,23300,53.71244635193133,46.28755364806866,83.24892703862659,3.4892703862660945,96.95888549099558,71.03295956506966,25.92592592592593,3.0411145090044176,11.566831997965153,82.81190385349103,5.621264148543813,30.47917009715132,42.52703221911192,26.993797683736762,57.12412300832733,25.30325880270146,17.572618188971216,12.976029157516002,14.083938660209846,15.210711150131695,14.745989922803126,5.0,21.97265625,79.0444591904446,28.74585268745853,3.9150630391506316,9.369608493696086,48601.0,0.4901,25156.0,61.903854702482995,2.3594583504308577,67.51734772552042,50.66618653222904,11.56515034695451,97.65934461649263,24.13261372397841,0.7922218221101909,13.54077253218884,13.444444444444445,30.806866952789697,31.635193133047213,30.643776824034337,12.433476394849784,13.261802575107296,13.544444444444446,8.665561263915395,-4.878883180529051,"Beckham County, OK",Oklahoma
2149,1100,2.132192107065365,2.306815233575529,train,21227,118950,48.74401008827238,51.25598991172762,82.10760823875577,9.374527112232027,99.38668773751742,65.36855175527711,34.01813598224028,0.6133122624825977,14.144629448253346,78.24728324238608,7.608087309360571,34.35505264030507,45.29864047086132,20.346306888833624,43.53312739815213,28.410743721516532,28.056128880331343,18.79548843979675,33.30442324371206,20.35440411602249,14.641649246248233,4.0,21.96647268305394,79.17465353515324,27.358054068345556,6.043580761010863,15.557318174807765,44911.0,0.4684,23823.0,67.04679166437565,7.5284160803031055,71.93426369398794,68.01989015882441,15.205070938924106,98.87190143981,15.949961916319179,0.2226510316164465,4.91130727196301,8.333333333333334,31.819251786464907,36.41866330390921,29.35687263556116,11.686422866750734,8.517864649012191,8.433333333333334,10.04239100255258,1.609057669219247,"Warren County, KY",Kentucky
2150,2305,2.4069451083182885,2.345220516441932,train,44001,49176,48.08443142996583,51.91556857003417,95.296486090776,1.2648446396616235,99.32028836251287,80.61791967044284,18.70236869207003,0.6797116374871267,15.049121350491214,81.7240902172409,3.2267884322678846,29.82935318572948,51.04418447259016,19.126462341680366,31.61799340555817,23.25423928403203,45.12776731040979,7.40175671846734,6.755703951029493,8.325373134328357,11.614818479807036,2.0,23.329523809523806,76.63037843442197,33.45256609642302,3.6132711249352,8.786936236391913,72458.0,0.4755,39196.0,67.52617193543396,6.403696349473043,83.4396799682613,68.24838898652607,10.72833669454822,95.67662565905096,8.566138790623862,0.632688927943761,2.3670082967301123,11.0,27.846917195379863,25.589718561900114,36.22905482349114,18.389051569871484,3.4386692695623875,11.1,10.43557368941914,-0.6644263105808594,"Bristol County, RI",Rhode Island
2151,1832,1.9443215863701753,2.303226581566652,train,36021,62195,50.235549481469576,49.764450518530424,89.8962939143018,4.394243910282177,97.92477302204928,61.910938175529616,36.01383484651967,2.075226977950713,14.941740918437285,81.18262820113401,3.8756308804286874,30.009088499261562,46.879615253531256,23.11129624720718,42.29343510780637,28.42446974183501,29.282095150358614,11.740177755627544,20.203627107858733,11.812627291242366,15.660399199616348,5.0,28.003729862709307,75.91836734693878,37.8442639191599,5.064394689914801,10.92530215969883,59105.0,0.4573,32851.0,64.86762960841278,6.4246514855232455,75.24096709924075,74.94887525562373,17.74002476980238,98.05725971370144,10.04523181304184,0.11077027948193592,4.283302516279443,6.8888888888888875,25.034166733660253,22.66098560977571,38.281212316102575,20.104510008843157,5.7094621754160295,6.988888888888887,10.006416943704041,3.0175280548151537,"Columbia County, NY",New York
2152,3107,2.132192107065365,1.9243828173480784,train,55133,393873,49.112531196603975,50.887468803396025,92.88095401309559,1.4230475305491872,99.29845009021528,82.10151180643498,17.196938283780295,0.7015499097847161,12.990917381239498,84.00537140528391,3.0037112134766155,25.036773966830353,58.544777163755334,16.418448869414323,28.57142857142857,30.205663015614075,41.22290841295735,5.2610845048663695,7.353102089944196,5.035072244623656,9.830388927363936,2.0,23.939035217519976,79.96786910207689,30.41660483511946,2.5007903684730084,5.9113109793471885,76545.0,0.4281,38684.0,70.79545492179247,4.040342612820382,88.1964775893788,68.64861329147044,8.235846196652009,97.41136839351124,6.085522900652405,0.3303244374672946,4.483678749241507,8.333333333333334,29.604466414301058,23.766544038306765,37.567947028610746,15.905380668388036,5.6959984563552215,8.433333333333334,6.850919092410192,-1.5824142409231419,"Waukesha County, WI",Wisconsin
2153,982,1.2006339030604214,1.2942324934736054,train,20201,5686,50.7386563489272,49.26134365107281,97.22124516355964,0.7562434048540274,99.06323185011708,74.39500390320063,24.66822794691647,0.936768149882904,16.788149541500115,82.0597225487891,1.1521279097107924,19.94400172302391,60.26276114581089,19.7932371311652,47.966269841269856,35.06944444444444,16.964285714285715,11.719032141567352,21.26436781609195,11.105331599479845,14.208535926526206,6.0,28.474114441416894,76.2899262899263,38.57493857493858,3.276003276003276,6.0606060606060606,45159.0,0.4023,23440.0,68.89044943820225,2.514441046551138,79.78968123562275,67.53458096013019,9.201445941505092,99.26769731489016,12.882024318107133,0.0,3.2711924023918395,3.2222222222222223,28.877945831867752,20.594442490327122,33.32747098135772,23.53148083010904,2.0225114315863517,3.3222222222222224,3.648194885967507,0.32597266374528466,"Washington County, KS",Kansas
2154,1405,1.3552622518721622,1.2878703179479203,train,28021,9330,46.39871382636656,53.60128617363346,13.622722400857446,84.86602357984995,100.0,27.486785199423352,72.51321480057666,0.0,16.332034761762063,82.24453101588253,1.4234342223554093,54.46157901673916,23.210755239224987,22.32766574403585,51.70603674540683,32.733408323959516,15.560554930633671,42.00387552718568,118.59243697478992,61.79883945841392,13.529538594221648,5.0,13.367361015312454,57.706766917293216,42.951127819548866,14.974937343358395,22.99498746867168,23259.0,0.5062,12229.0,40.50034746351633,17.261496225120112,41.74210076857386,54.253731343283576,33.49274124679761,97.91044776119404,28.010247651579853,0.4477611940298508,1.082529474812433,3.7777777777777777,33.18327974276527,35.66988210075027,27.309753483386928,14.715969989281886,1.5112540192926047,3.877777777777778,3.625058107915371,-0.25271966986240724,"Claiborne County, MS",Mississippi
2155,2911,2.132192107065365,2.232274009437239,train,51540,45084,48.28985892999734,51.71014107000266,70.72797444769762,19.2374234761778,99.29742388758785,58.709016393442624,40.5884074941452,0.7025761124121779,18.366027766848408,53.79686358271037,27.837108650441238,55.284926470588246,27.851817810457522,16.86325571895425,32.003740603531995,18.203071610977236,49.79318778549077,25.846262341325808,26.15039281705948,36.631169128592695,8.940634366751668,4.0,15.052407597131374,82.44141505182516,19.045741324921135,4.70369535826949,9.818611987381702,49775.0,0.512,30378.0,64.68132332734383,4.2895661410245935,79.86706056129984,66.42463695543314,8.759231905465287,96.41962944416626,13.036927621861153,0.17526289434151227,4.961848992990862,8.333333333333334,22.067695856623203,49.76488332889717,25.725312749534197,9.189512909236091,10.034602076124568,8.433333333333334,9.321038126306933,0.887704792973599,"Charlottesville city, VA",Virginia
2156,860,2.1054882506179364,2.1701127069857993,train,19155,93213,49.29248066256853,50.70751933743147,94.44819928550741,1.2873740787229249,98.7988396337594,61.6263258090835,37.17251382467591,1.2011603662405947,14.751692674280068,80.80667189724812,4.441635428471797,28.701670772196646,48.710774338652676,22.58755488915069,45.72515666965085,34.07724772988873,20.197595600460414,12.98791514135756,23.52136752136752,12.468425598487688,14.604447051411565,3.0,30.98168591126337,78.09884687730009,32.33105253114522,6.1472616743450645,15.124171959763375,51976.0,0.4305,27057.0,68.48535947525616,4.709540105166514,74.08947901669066,65.75302522233561,16.30672425745214,97.58711182388106,13.917773156294992,0.2842980026242893,7.051591516204821,8.11111111111111,30.407775739435486,27.09386029845622,33.91157885702638,15.19423256412732,4.264426635769689,8.211111111111109,8.759271216165578,0.5481601050544693,"Pottawattamie County, IA",Iowa
2157,1543,2.0780516873907815,2.2063172887030476,train,29133,14208,53.842905405405396,46.15709459459461,73.79645270270271,24.232826576576578,100.0,50.12554927809165,49.87445072190834,0.0,17.1791012685444,79.4022790797678,3.4186196516878087,31.46981627296588,38.83639545056868,29.693788276465444,67.61846901579587,21.57756176589713,10.803969218307008,29.208436923570446,77.99773755656109,32.058365207536475,21.933471933471928,6.0,25.04997274214065,69.91321118611377,39.65284474445516,11.687560270009644,33.886210221793625,28347.0,0.4862,16515.0,59.68884120171674,12.1876685241776,47.71013683328679,50.41705282669138,24.26696453504607,99.11955514365152,31.8626082099972,0.0,1.9214527027027029,7.8888888888888875,27.63935810810811,28.427646396396398,32.9954954954955,16.054335585585587,1.970720720720721,7.988888888888888,9.082207580812058,1.0933186919231703,"Mississippi County, MO",Missouri
2158,2800,2.345005808877998,2.2050968669589146,train,50003,36589,49.05299406925579,50.94700593074422,96.35136243133181,0.4919511328541365,99.32837953701056,61.24607030580166,38.08230923120892,0.6716204629894256,16.31134996618856,79.7736413140193,3.9150087197921493,27.01862348178138,49.75222672064778,23.22914979757085,39.93561244826,26.559865092748733,33.50452245899126,13.500798357664234,30.953740719588808,12.394354967309836,16.987037447374252,5.0,30.415450410698533,74.37963673573805,41.09746738296239,5.698388334612432,18.41263750319775,49573.0,0.4542,29296.0,64.9699979308918,5.562632696390659,65.10648042134189,69.24472986178975,31.28921456377376,98.12927544325005,8.303182963132585,0.055842524082088514,1.7081636557435294,10.333333333333334,26.261991308863326,23.690180108775863,36.1638743884774,20.68381207466725,3.1566864358140423,10.433333333333334,9.07113021809778,-1.3622031152355536,"Bennington County, VT",Vermont
2159,3058,2.0640458562018624,2.082627592183579,train,55037,4476,52.41286863270778,47.58713136729222,98.45844504021449,0.20107238605898128,100.0,73.40286831812256,26.59713168187745,0.0,14.023555190358806,84.30566967953985,1.6707751301013425,19.37581274382315,57.607282184655396,23.01690507152145,48.05978729519978,34.80885311871227,17.131359586087953,9.268071606616816,13.056379821958457,9.639639639639642,19.918515165233128,5.0,44.89080614720949,65.80882352941177,46.21848739495798,6.144957983193277,12.5,48643.0,0.4165,25142.0,56.231169542591076,7.160253287871408,69.06556141672947,67.40220661985958,22.38131122833459,98.49548645937813,13.828183873398645,0.3009027081243731,1.0053619302949062,7.777777777777778,22.20732797140304,19.10187667560321,40.28150134048258,23.480786416443248,1.3404825737265416,7.877777777777777,8.025529050857346,0.14775127307956826,"Florence County, WI",Wisconsin
2160,682,1.3835127181580138,1.8924831192463032,train,17187,17701,48.59047511440032,51.40952488559969,91.25473137110895,2.638269024348907,99.57005563985837,62.08902377339404,37.48103186646434,0.4299443601416287,16.077682266794017,80.08595988538681,3.8363578478191656,29.922405431619786,48.66287931273383,21.414715255646392,47.2205464104111,31.914160131000603,20.865293458588297,14.956901784630327,28.812997347480106,14.50791340731308,12.822709618460133,6.0,27.36995271007639,74.54971445306779,37.38468296968809,4.48089032069117,12.97408112461561,43699.0,0.4264,22876.0,64.89597166888004,8.901773533424286,72.71428571428571,75.44204322200393,16.98095238095238,98.39554682383759,12.504761904761903,0.06548788474132286,9.044686740862101,3.888888888888889,30.817467939664425,27.461725326252758,32.331506694537026,17.869046946500198,6.106999604542116,3.988888888888889,6.635825786835372,2.6469368979464827,"Warren County, IL",Illinois
2161,2750,2.0208114572284313,2.113019443001729,train,48469,90099,49.00387351690918,50.99612648309082,85.55033907146583,6.303066626710619,98.99050646505434,62.872116499849646,36.118389965204685,1.009493534945659,12.221153405707481,84.54644007756555,3.2324065167269787,27.839965950202174,48.54933673831312,23.610697311484714,48.77918589434534,33.0033060128108,18.21750809284385,16.404009843986366,33.32749255300509,15.501493061654664,15.288248710717616,4.0,25.94689574385005,79.70778222085512,30.089203322054754,6.751768686557982,12.377729929252537,51758.0,0.4506,25987.0,66.44538506044641,6.090742438130156,64.92333070895663,61.81479078819332,11.052375060923033,97.25105416801813,26.73677501593372,0.3405773597145637,44.94611482924339,7.444444444444445,33.04920143397818,29.18678342711906,30.608552814126693,14.193276284975418,8.14659430182355,7.544444444444446,8.273184016678655,0.7287395722342094,"Victoria County, TX",Texas
2162,2603,1.7326383462202575,1.8328963305559374,train,48175,7410,49.29824561403508,50.70175438596492,72.19973009446693,5.614035087719297,100.0,61.77581863979849,38.224181360201506,0.0,11.83359552525782,83.9363747596574,4.230029715084775,23.196466546703743,53.91787992802225,22.885653525274005,51.03886110042324,35.05194305502116,13.9091958445556,18.564593301435405,44.23251589464122,17.93657331136738,18.29151240915947,4.0,33.88015886720774,67.44186046511628,43.90836515098925,5.310656022214508,9.961818812912185,51226.0,0.4886,29513.0,56.529360210341814,8.992248062015504,70.25750059059769,77.58152173913044,16.891093786912357,99.11684782608695,18.001417434443656,0.20380434782608686,35.519568151147105,5.5555555555555545,28.394062078272604,19.87854251012146,38.28609986504723,20.2834008097166,22.186234817813762,5.655555555555554,6.251968227396148,0.5964126718405938,"Goliad County, TX",Texas
2163,3049,1.2335316065674804,1.6599962751829163,train,55019,34518,50.62576047279679,49.37423952720321,97.12034300944435,0.4026884524016455,99.57652156785505,79.51546188694111,20.061059680913925,0.4234784321449675,13.90408077408498,83.69373159444679,2.4021876314682373,25.44044831689249,56.61152266533605,17.948029017771468,61.9124201626614,26.563433350181505,11.524146487157099,16.23024298183534,31.92747339377217,14.780978025676779,10.465047915809278,6.0,24.48652645415709,77.97921387825272,32.03094475267641,4.782370868172229,8.877080565757598,45048.0,0.4249,21699.0,66.85247275775356,4.708168766848473,62.10447681553812,69.87692908771244,18.712982231471106,97.42137136159408,23.20580545328424,1.3088493846454383,4.105104583116055,3.333333333333333,36.775015933715736,23.370415435424995,31.302508835969643,15.884466075670662,2.4769685381540065,3.433333333333333,5.259291254512501,1.8259579211791679,"Clark County, WI",Wisconsin
2164,26,2.6998686753609076,2.3762666972696245,train,1053,37935,51.4669829972321,48.533017002767885,61.42875972057468,33.42032423882958,99.40786357176692,53.008053055423964,46.39981051634297,0.5921364282330649,15.7217634915954,82.91433205544088,1.3639044529637274,31.2317949381837,39.976697520875135,28.79150754094116,62.221709539739294,25.239358634213858,12.538931826046836,24.24387496479865,46.56716417910447,28.09110629067245,20.02976942735979,6.0,27.262554677698283,61.37345340068819,44.271176513654005,6.069258364448347,22.146570027088366,32330.0,0.4645,17045.0,53.29676398041453,15.576431581128686,58.01523106759378,55.03155097974096,19.09086608958895,98.58850880106277,26.51246393264273,0.2158751245433411,1.2284170291287728,14.777777777777779,28.757084486621853,27.28614735732173,34.31395808620008,16.140767101621197,5.150916040595755,14.87777777777778,10.764640093886257,-4.113137683891523,"Escambia County, AL",Alabama
2165,3025,3.231682358915419,2.7741794279544045,train,54081,78493,50.122940899188464,49.877059100811536,88.3021415922439,8.280993209585569,98.53649612781271,63.32093420330508,35.215561924507604,1.4635038721873284,15.059181198654118,79.95012724384705,4.990691557498847,24.8346315529179,48.74041790306625,26.42495054401582,56.9043272844411,24.752138587637358,18.343534127921547,17.780209807009584,34.040429248814576,18.615251194966017,21.829717343505788,4.0,33.83374989921793,65.86941229136022,42.26194282790817,7.322376414913348,18.555349491590466,41032.0,0.4551,22405.0,51.82696701474097,6.446135257812754,61.48787415337558,69.22730344672223,27.852305003277248,98.79852819704138,17.393489185055714,0.12014718029586242,1.4294268278700009,25.222222222222214,26.105512593479677,26.99858586115959,34.61072961920171,17.453785687895735,3.4168651981705374,25.322222222222216,16.02547154492903,-9.296750677293186,"Raleigh County, WV",West Virginia
2166,871,1.7520942128356236,1.7732264569129905,train,19177,7432,51.11679224973089,48.88320775026911,97.92787944025835,0.6054897739504844,100.0,79.8731257208766,20.126874279123413,0.0,14.346971591924243,83.79489011970698,1.858138288368769,20.922871897384642,59.22038980509747,19.85673829751791,54.49136276391555,32.80230326295586,12.7063339731286,14.910130718954248,34.222919937205646,13.246231155778894,13.862864901561439,6.0,30.97453906935909,72.21467391304348,37.432065217391305,4.008152173913043,11.345108695652176,45111.0,0.4052,23268.0,61.99609305629551,6.215983958751076,71.63426925845933,69.33060109289617,17.134629229661627,97.60928961748634,15.4307655387569,1.7759562841530054,1.2378902045209903,5.666666666666668,29.46716899892358,20.93649085037675,35.27987082884823,20.45209903121636,1.4666307857911731,5.766666666666667,5.889826007549473,0.12315934088280667,"Van Buren County, IA",Iowa
2167,1999,0.19153821189887874,0.7233534496566396,train,38031,3366,49.73262032085562,50.26737967914438,97.59358288770052,0.11883541295306002,100.0,62.76747503566333,37.232524964336655,0.0,16.37065637065637,82.81853281853282,0.8108108108108109,23.024669288523413,59.13478727207722,17.840543439399354,43.69332234130257,37.51030502885408,18.796372629843365,9.599027946537062,13.980263157894738,9.755067567567568,10.272727272727273,6.0,28.367729831144466,78.97574123989219,33.82749326145553,2.6954177897574128,7.075471698113207,55769.0,0.4068,29710.0,69.18045402077722,1.3348164627363739,86.39455782312925,83.57558139534885,7.1690214547357405,98.98255813953487,9.419152276295137,0.0,1.1586452762923352,1.1111111111111112,27.540106951871657,21.4795008912656,35.353535353535364,22.341057635175282,2.2875816993464047,1.2111111111111112,2.061334213604542,0.8502231024934308,"Foster County, ND",North Dakota
2168,2332,2.6222502112988773,2.428117714967099,train,45045,474903,48.59518680656892,51.40481319343108,76.24483315540228,18.279732913879254,99.52100615466951,67.26786192132728,32.253144233342255,0.478993845330479,14.449951575229305,81.61112060616419,3.9389278186065058,30.38896808083354,48.46835778658078,21.142674132585693,39.55949575760626,28.36567955377002,32.074824688623714,15.594970298484563,30.959098152629405,15.019271822601151,11.493764202462009,3.0,25.964859961728678,77.56557805428606,29.801736887169053,4.423947248446031,11.866319734018305,50540.0,0.473,27200.0,65.58861542154817,7.376023561056162,70.55704814538619,60.854009850385644,11.850936245415818,97.45221943437723,20.624980846043048,0.4274695660254623,8.586174439832977,13.666666666666664,30.17584643600904,29.36873424678303,33.09307374348025,13.871253708652082,5.475433930718484,13.766666666666666,11.337521535894712,-2.4291451307719534,"Greenville County, SC",South Carolina
2169,784,1.9120085973796321,1.1040348237166546,train,19003,3892,49.8972250770812,50.10277492291882,97.32785200411101,0.6937307297019527,100.0,78.239608801956,21.760391198044015,0.0,15.699658703071673,83.1740614334471,1.1262798634812288,20.53432743087916,63.15625970798386,16.309412861136998,46.438746438746435,38.46153846153847,15.0997150997151,10.167714884696014,10.476190476190476,11.548458967694021,15.724751439037155,6.0,25.276512687052694,76.60069848661234,36.37951105937136,2.968568102444704,10.128055878928988,48043.0,0.4045,26428.0,67.50998668442078,3.007889546351085,79.24442421483842,69.76456009913261,15.157032316795629,98.51301115241637,10.878470641784252,0.0,0.7965056526207606,6.666666666666668,25.92497430626927,21.942446043165468,35.02055498458376,22.019527235354577,1.9784172661870505,6.7666666666666675,3.016311790805157,-3.7503548758615106,"Adams County, IA",Iowa
2170,201,2.8773240425036892,2.3492719294087703,train,6035,32645,66.83412467452902,33.165875325470985,74.88129882064635,8.543421657221629,96.87307138448877,65.99465130631557,30.878420078173214,3.1269286155112117,16.239468375459833,79.23341639966773,4.527115224872434,35.89108046779542,35.171932274393434,28.936987257811136,48.847443419949705,38.87678122380554,12.27577535624476,16.3515374024782,30.90010976948409,16.711239114036893,18.12844203723089,5.0,30.720606826801518,71.99958792623879,34.89234572988565,8.375399196456165,11.38353765323993,51555.0,0.4216,19274.0,58.80769905809394,10.684440907282132,69.12548091151228,65.33407883701426,22.93577981651376,96.86888454011742,14.508730393607571,0.4752585965893207,18.336651860928164,17.666666666666668,20.049012099862157,39.79476183182724,33.701945167713276,11.444325317812837,16.575279522132025,17.76666666666667,10.477938268235343,-7.288728398431326,"Lassen County, CA",California
2171,900,2.2204104848050292,2.2062142861350633,train,20037,39304,50.20608589456543,49.79391410543456,92.05169957256258,2.142275595359251,99.10324483775813,71.68141592920355,27.42182890855457,0.8967551622418879,16.887417218543046,70.38493377483444,12.727649006622515,36.21038225871668,43.553855245560015,20.23576249572331,38.212484637877694,33.169470695427385,28.61804466669492,21.955975850830804,25.011232589486298,29.057591623036647,15.823766677009,5.0,25.826587340290647,75.8114835711915,30.06306007301693,6.790574178559576,12.943909724527053,36534.0,0.4572,20346.0,64.9051355915367,5.458626670747884,72.55398721196767,62.41094863142107,11.159367836892269,98.63142107236595,18.47026179273736,0.0,5.040199470791777,9.111111111111107,29.666191736210056,36.324547119886006,27.401791166293503,14.568491756564214,5.806024832078163,9.211111111111105,9.081272138285588,-0.12983897282551737,"Crawford County, KS",Kansas
2172,2636,2.3555991282796627,2.44395738425046,train,48241,35768,48.44553791098189,51.554462089018116,79.31111608141356,16.27711921270409,98.95187647920658,67.8011946354108,31.15068184379579,1.0481235207934183,14.321462945139553,83.48026948989413,2.1982675649663137,25.289924460048947,48.05830407490159,26.65177146504948,59.87718785245834,30.54430009607753,9.578512051464136,17.016867192447187,31.87838651414811,17.10087442531326,21.53960878793093,6.0,28.825980209805817,64.25670186839967,39.53696181965881,7.717303005686432,16.28757108042242,40820.0,0.4378,20121.0,53.43725943033102,11.157530793056257,57.196495619524406,64.51290591174022,16.811013767209012,98.41798501248958,30.347934918648313,0.8492922564529558,6.4638783269961975,10.444444444444443,30.79847908745247,24.18083202862894,33.53556251397897,17.440169984343548,4.411764705882354,10.544444444444443,11.51853393117689,0.9740894867324474,"Jasper County, TX",Texas
2173,390,1.67189092708065,2.5372703832121797,train,13019,19019,49.79757085020242,50.202429149797574,84.13691571586307,11.430674588569325,99.22530664945127,66.66666666666666,32.55863998278459,0.7746933505487411,13.259123573340847,83.48597999154572,3.2548964351134284,27.14765321571984,47.60713580409453,25.24521098018563,56.71348975908342,30.793376755865964,12.493133485050617,26.159732185557147,48.379852422200834,31.681974209110308,19.82790871679761,6.0,28.900435332116274,63.394653636102326,36.77780971543547,7.027881575165278,22.46335153779821,31835.0,0.452,16523.0,52.346416382252556,13.148600923662048,50.54148393448492,55.2749913524732,19.4486709030699,99.06606710480801,34.64602165935738,0.3113109650639917,4.889846995110154,5.222222222222221,31.326568168673433,26.484042273515957,33.34034386665965,15.742152584257846,4.432409695567591,5.322222222222221,12.64510752203336,7.322885299811139,"Berrien County, GA",Georgia
2174,1188,2.6222502112988773,2.3722297135768047,train,24003,555280,49.488546318974215,50.511453681025785,74.72536378043509,15.87127215098689,99.42497370065412,73.35579653402304,26.069177166631075,0.5750262993458779,11.981180202462726,83.21933622980268,4.799483567734589,30.238132295719844,49.26914952751529,20.492718176764868,33.405342594182045,28.314428701588522,38.28022870422944,5.854310677307384,7.189362598801058,5.929956318491839,9.645888884113676,2.0,37.92309778499924,84.47840028327495,26.36965416846992,3.2950387535901164,7.344985639532597,89860.0,0.4162,41706.0,72.74213042478334,5.680488100203153,83.73293092479992,78.04016336682635,11.37780539404968,95.6374273964472,8.906543576997619,0.5878944616384731,6.863924506555251,13.666666666666664,28.93134994957499,29.38355424290448,34.822972194208326,13.001008500216109,9.403364068578016,13.766666666666666,10.721271016397125,-3.0453956502695405,"Anne Arundel County, MD",Maryland
2175,2155,2.6848194823870495,2.7847342726942417,train,40061,12850,49.50194552529182,50.49805447470818,74.76264591439687,0.8482490272373541,99.45773524720892,63.09409888357257,36.36363636363637,0.5422647527910686,13.448347536894618,81.80212014134275,4.749532321762627,19.807092751363992,51.12042088854248,29.07248636009353,59.85972174312982,28.642060480625506,11.498217776244678,19.791421626284013,34.34125269978402,21.847359110437196,22.830764415929888,6.0,33.36079077429984,65.69447277177238,44.52376096267592,8.423414236181928,21.84376912094636,35252.0,0.4266,18858.0,51.33257285077258,8.828282828282829,46.6842032396511,53.34710743801653,23.868198809359,99.00826446280992,34.874705800913745,0.2479338842975207,3.906614785992218,14.555555555555555,30.607003891050578,25.59533073929961,30.715953307392997,19.268482490272373,24.389105058365754,14.655555555555555,16.19551371469651,1.539958159140955,"Haskell County, OK",Oklahoma
2176,1525,2.2082744135228043,2.405419303175022,train,29097,117184,48.84625887493173,51.15374112506825,91.19845712725288,2.2366534680502457,98.68850253892457,67.57574738541211,31.11275515351246,1.3114974610754278,15.005417118093176,79.87422864948891,5.120354232417919,26.80449330783939,49.58065357204936,23.614853120111245,49.18556878079713,28.79374347728444,22.02068774191844,17.120745202409307,29.74731834298281,17.859560418307158,14.0349970275789,4.0,27.977187707984303,77.4687493134735,31.852632966453573,6.487400865572617,16.21520683670555,41811.0,0.4501,22431.0,67.34916418222103,5.752966911828032,67.22108386914435,64.41896618732996,13.783650109517415,98.30288897525587,21.86815516144987,0.29796605777950513,7.422515019115237,9.0,32.19893500819225,30.18244811578372,30.650942108137627,13.63240715456035,6.5648894046968875,9.1,11.083076477192094,1.9830764771920943,"Jasper County, MO",Missouri
2177,1173,2.502346284073356,2.5195301880194094,train,23005,286119,48.59376692914486,51.40623307085514,92.50766289550852,2.6590334790768875,99.66429316041487,69.10790324575508,30.556389914659796,0.33570683958513703,15.691383490753813,77.6417688995042,6.6668476097419775,31.126128944788604,47.762134201030385,21.111736854181007,29.659646622269182,27.361954144447452,42.978399233283355,11.62457988101871,17.575503355704697,12.089758598417573,11.738546380090494,3.0,27.66117334545009,78.97041874759893,30.19336662824945,4.6800700046954375,13.003799035301151,60051.0,0.4696,34081.0,70.09235015214776,5.157247785153588,77.07692983226487,66.7182944606414,14.31786247475191,97.38520408163264,11.391279529287784,0.20043731778425647,1.90480184818205,12.111111111111107,26.319817977834397,27.723429761742487,36.556817268339394,15.846553357169569,4.8333036254146,12.211111111111109,12.422758931388705,0.2116478202775962,"Cumberland County, ME",Maine
2178,1809,3.027984317391179,2.928272697887847,train,35037,8698,48.47091285352955,51.52908714647045,89.99770062083236,2.2074040009197518,100.0,62.493165664297436,37.50683433570257,0.0,19.520046824700028,76.32426104770265,4.155692127597306,32.63143215730024,43.78747733928323,23.581090503416533,54.87824807975159,29.596339271122734,15.525412649125677,17.130324368001848,24.7612551159618,19.621914930859443,25.99561352880065,6.0,35.085930672880856,54.25754406931581,51.68807887660592,8.694353152076486,19.48013146100985,29113.0,0.4270000000000001,17335.0,44.49809774656131,4.801052285432424,53.53577371048252,60.56268509378084,32.050748752079876,99.40769990128332,19.321963394342767,0.0,44.044607955851916,20.555555555555557,27.85697861577374,22.338468613474358,33.30650724304438,23.29271096803863,7.7948953782478725,20.65555555555556,18.69531014250424,-1.960245413051318,"Quay County, NM",New Mexico
2179,3011,2.9896024131784547,2.832343613531541,train,54053,27177,48.36442580122898,51.63557419877102,97.8658424402988,0.7248776538985171,99.32338653712699,65.89174184594032,33.43164469118668,0.676613462873005,14.967168791039011,82.16010042487447,2.87273078408652,23.156401046516784,50.52990998181899,26.313688971664227,63.38923937015951,26.255321331486893,10.355439298353593,19.209659714599344,38.2060606060606,20.320576107787907,21.615094339622644,5.0,37.680482220456994,60.158700867318686,45.5065510241742,9.282155379221258,19.542350987267024,36448.0,0.4303,19694.0,48.72178275130235,10.167310167310168,59.904354392147,70.70247933884298,30.059149257488045,98.84297520661156,15.410269317895795,0.2479338842975207,0.9824483938624572,19.777777777777786,27.28042094418075,24.428744894579967,35.8943224049748,18.453103727416572,1.4092799058027008,19.87777777777779,16.98522100888198,-2.892556768895812,"Mason County, WV",West Virginia
2180,1987,0.09531017980432493,0.19510408606964424,train,38007,969,60.06191950464397,39.93808049535604,91.640866873065,0.8255933952528379,100.0,91.46341463414636,8.536585365853659,0.0,16.48936170212766,82.84574468085106,0.6648936170212766,22.60024301336573,63.183475091130006,14.21628189550425,44.35146443514644,30.404463040446306,25.244072524407247,10.319917440660474,8.609271523178807,12.116991643454039,6.811145510835912,6.0,13.41614906832298,80.0982800982801,29.23832923832924,1.2285012285012284,1.2285012285012284,70469.0,0.4733,42729.0,71.05590062111801,1.3986013986013983,79.59501557632399,82.20858895705521,5.451713395638629,99.38650306748468,17.289719626168225,0.0,4.3343653250774,1.0,20.949432404540765,29.824561403508767,36.42930856553148,16.821465428276575,7.533539731682144,1.1,1.2154374900172233,0.11543749001722325,"Billings County, ND",North Dakota
2181,709,1.789905900578732,1.502832001083376,train,18037,42291,49.92315149795464,50.07684850204536,95.33943392211107,0.3877893641673169,99.92404822937435,75.84733694104243,24.07671128833191,0.07595177062565271,13.55662400103957,84.73783379897344,1.7055421999870053,23.97215639810427,56.92239336492892,19.105450236966824,53.97677437462722,27.326948040557138,18.69627758481564,9.82953447942824,15.459471414353645,9.444562221751113,9.671044704181227,5.0,26.349116340610532,79.07967881408277,31.260037059913525,3.1871525633106854,5.453983940704139,53513.0,0.4075,25972.0,70.52097800458641,3.2289090409453145,84.4015630665109,61.71391332681655,7.352052531926036,99.02248289345064,10.52249929500866,0.0,6.502565557683668,5.8888888888888875,32.06355962261474,23.707171738667803,35.766475136553886,15.617980184909316,4.272776713721596,5.988888888888888,4.494399207707165,-1.4944896811817232,"Dubois County, IN",Indiana
2182,134,2.8259978322655077,2.788676492864151,train,5051,96954,48.3951152092745,51.6048847907255,85.25692596489057,8.34932029622295,98.16836734693878,57.07142857142857,41.0969387755102,1.8316326530612248,15.499381673603446,80.68694068055797,3.8136776458385966,22.618691775021173,48.23768245902456,29.14362576595427,44.06596104139893,34.56023565766104,21.37380330094004,20.85277113762492,45.75528700906344,22.196740903438364,19.3798935825467,4.0,37.590860537217004,68.16331595929512,42.83445023579053,7.803425167535367,14.408041697691734,38733.0,0.4873,24070.0,56.87941390007261,9.055675462415,57.975791635145356,69.67435884765527,20.0889801505818,99.10559865592728,25.82765949782053,0.06423877056876019,5.1797759762361535,16.77777777777778,26.64356292674877,24.568352001980323,33.21678321678322,21.419436021205925,6.393753738886483,16.877777777777776,16.25948600910934,-0.6182917686684348,"Garland County, AR",Arkansas
2183,1622,3.105582694484669,2.319390757841953,train,30061,4238,50.33034450212365,49.669655497876356,98.44266163284568,0.07078810759792356,100.0,65.48556430446196,34.51443569553806,0.0,17.370892018779344,75.52816901408453,7.100938967136152,26.301518438177872,42.81453362255965,30.88394793926248,52.43433696348495,34.49711723254324,13.068545803971812,17.224080267558527,49.607843137254896,15.83756345177665,21.35690396559962,6.0,54.4748201438849,61.54830454254639,49.90403071017274,10.428662827895073,16.250799744081892,36031.0,0.4411,20691.0,49.51796669588082,12.09439528023599,48.428207306711975,58.93358278765201,27.442650807136783,99.15809167446213,34.324553950722176,0.841908325537886,1.5573383671543182,22.222222222222214,25.766871165644172,18.85323265691364,37.494100991033505,25.648890986314296,1.4865502595563944,22.322222222222212,10.169476744399143,-12.15274547782307,"Mineral County, MT",Montana
2184,1398,1.9120085973796321,1.981748604582933,train,28007,19175,47.061277705345496,52.938722294654504,55.535853976531925,42.73272490221643,100.0,50.60191797592329,49.39808202407672,0.0,15.375215641173089,83.35250143760781,1.2722829212190914,27.497507477567297,43.03755400465271,29.464938517779988,54.58395419967062,30.56230883852247,14.853736961806915,26.00816066981082,58.05098418844789,28.61745213549337,19.185923256306967,6.0,26.12903225806452,63.884042410414715,45.56435377801638,9.94497382901624,25.76835324117568,32886.0,0.5136,20604.0,53.2111405455717,11.65231431646932,57.3748819641171,60.763991708617105,25.07082152974504,99.08202546639029,22.76676109537299,0.11844832691738227,1.8409387222946545,6.666666666666668,31.69752281616689,22.868318122555408,33.01173402868318,18.518904823989566,1.7314211212516295,6.7666666666666675,7.255418757965273,0.48875209129860586,"Attala County, MS",Mississippi
2185,2067,2.707309185877491,2.5523492154738374,train,39061,804194,48.06812783979985,51.93187216020016,68.75480294555791,25.645304491204858,99.20949674325504,56.09843558495635,43.11106115829868,0.7905032567449677,19.180321299892146,74.63861275382257,6.181065946285282,37.912428074519966,40.72769210105,21.35987982443004,37.47937101623124,27.54691114728815,34.97371783648061,18.279645081603515,36.61776793714501,18.57864841017237,12.533283429122624,1.0,23.01759542207603,76.99057405966747,27.090683214830623,5.860305513843407,16.119986250067846,49013.0,0.5084,30360.0,68.08407915263979,8.498593818590539,72.470285770003,62.31569451100898,16.622457649884492,96.52674015392857,13.50885606432959,0.5948521327281442,2.8118836997043,14.888888888888893,29.981820307040334,29.98940554144896,32.7999214119976,13.889807683220715,5.599892563237228,14.988888888888894,12.837225796741947,-2.151663092146947,"Hamilton County, OH",Ohio
2186,2665,2.7788192719904172,2.6790980018043173,train,48299,19323,47.70998292190654,52.29001707809346,95.24918490917558,2.235677689799721,99.83760961351088,60.8314387788243,39.006170834686586,0.16239038648911985,17.078035402642733,80.77162802293692,2.150336574420344,14.042502529912493,57.592713852015,28.364783618072504,39.35917721518987,33.010284810126585,27.630537974683552,14.856455577053811,34.64739378011388,14.643903135938285,22.10802307288936,6.0,48.20832818485111,58.111855789230425,53.18927663508204,5.373237809105616,8.574069794314767,48259.0,0.5416,36279.0,48.25214182977926,5.83203732503888,60.88980858768753,65.20708188428706,14.433523021210554,99.08314890926336,27.128815312985,0.25292443882390137,9.273922268798842,16.0,20.25047870413497,16.208663251047973,34.22346426538322,33.6334937639083,2.5151374010246856,16.099999999999998,14.571943499481911,-1.5280565005180868,"Llano County, TX",Texas
2187,1375,1.3261904370501851,1.201714687348166,train,27135,15615,51.17515209734231,48.8248479026577,93.61511367275057,0.6852385526737113,98.37604668865772,68.10454199441766,30.27150469424005,1.623953311342299,14.533868715083795,82.92597765363129,2.540153631284916,25.335799887396444,57.42781307809861,17.236387034504947,45.4277566539924,35.55133079847909,19.02091254752852,10.654083957045232,20.260223048327138,9.361904761904762,11.054917979640797,6.0,27.763496143958868,81.82969294080404,29.89870212092434,3.2288698955365627,7.993035770813549,53199.0,0.4124,26698.0,73.55861348197178,2.6639829505091166,84.0099330598143,71.66666666666667,14.327359101705895,98.37837837837841,6.532066508313539,0.3153153153153153,0.9734229907140568,3.6666666666666665,32.59045789305156,23.330131284021768,36.20236951649056,15.209734229907136,5.699647774575729,3.7666666666666666,3.3258147688346593,-0.4408518978320073,"Roseau County, MN",Minnesota
2188,624,1.2653814324545796,1.9135174815314973,train,17071,7042,48.67935245668844,51.32064754331156,97.62851462652657,0.08520306731042318,100.0,62.29629629629629,37.70370370370371,0.0,15.299964501242455,82.30386936457224,2.396166134185304,19.829317269076306,56.25836680053548,23.912315930388218,56.01229350749135,30.080676142912026,13.907030349596619,9.911200229160695,24.46906740535549,8.200499327827924,17.457359896803784,5.0,37.51978891820581,72.55979314802845,39.722042663219135,3.555268261150614,10.73044602456367,47672.0,0.4091,26603.0,62.360049760085296,6.697064690795099,77.75308641975306,74.2549143944198,14.197530864197528,99.8731769181991,11.728395061728394,0.0,1.4058506106219826,3.4444444444444446,25.234308435103664,20.008520306731047,37.87276341948311,22.94802612894064,2.286282306163022,3.5444444444444447,6.77688448957788,3.2324400451334356,"Henderson County, IL",Illinois
2189,1083,3.3745491543996162,3.0959160205407077,train,21193,28041,49.38482935701295,50.61517064298705,96.3446382083378,1.4336150636567881,97.42115637319316,66.80354796320631,30.617608409986854,2.578843626806833,13.095014111006586,84.13922859830669,2.7657572906867363,22.395220027039993,51.349819006498315,26.25496096646169,59.118595485489074,26.872088857040488,14.009315657470445,25.41566820276498,41.41365071654117,32.201812088866824,27.030776532437663,6.0,21.11770072992701,60.3158844765343,43.97111913357401,12.63537906137184,31.75090252707581,32667.0,0.4731,18910.0,50.58442472891143,13.474387527839642,49.24614505996573,55.99789085156868,34.271844660194176,99.86817822304243,19.817247287264426,0.0,0.6062551264220251,29.11111111111111,27.67732962447845,26.507613851146537,37.231197175564354,14.432438215470205,2.221746728005421,29.211111111111112,22.107480171194236,-7.103630939916876,"Perry County, KY",Kentucky
2190,778,2.3555991282796627,2.4513587804524155,train,18175,27930,49.649122807017534,50.35087719298247,98.06301467955605,0.10383100608664518,98.3584738243123,66.25258799171843,32.105885832593906,1.6415261756876662,13.348340437760427,83.43311461276879,3.2185449494707594,24.24039918025484,50.77964893522231,24.97995188452285,61.83625978421831,25.79331499894225,12.370425216839433,15.240797322857555,29.407145661562623,14.784710017574694,17.745551858816718,2.0,30.88193591076661,73.57237715803454,34.5000948586606,6.554733447163725,15.490419275279832,41289.0,0.4183,20483.0,61.85256103398756,9.480690349044194,67.1311669829222,67.11376055638351,20.629743833017077,96.99453551912569,17.43358633776091,0.024838549428713358,1.367704976727533,10.444444444444443,31.285356247762266,24.67597565341926,36.16183315431436,14.951664876476908,1.833154314357322,10.544444444444443,11.60410344075961,1.059658996315168,"Washington County, IN",Indiana
2191,285,2.2082744135228043,2.1083287099729873,train,8091,4580,48.88646288209607,51.11353711790393,97.72925764192141,0.0,99.36406995230524,84.89666136724959,14.467408585055644,0.6359300476947536,12.57909390027841,79.75196152872691,7.668944570994682,21.80432645034415,57.940019665683394,20.255653883972467,21.266233766233768,26.70454545454545,52.02922077922077,7.771453590192643,8.43585237258348,8.424807903402852,10.262008733624457,6.0,36.82611996962794,74.54545454545455,37.17171717171717,4.191919191919192,3.737373737373737,61624.0,0.41,33392.0,60.921285750442934,6.065641877856254,73.21758404137421,67.68488745980707,10.195788695973402,94.45337620578779,18.544514222386404,0.2411575562700965,4.80349344978166,9.0,19.58515283842795,16.790393013100438,42.314410480349345,27.16157205240175,2.2707423580786026,9.1,8.234467594348935,-0.8655324056510647,"Ouray County, CO",Colorado
2192,773,2.312535423847214,2.3251237181329403,train,18165,15860,49.08575031525852,50.914249684741485,98.06431273644388,0.3278688524590164,99.29696287964005,59.30821147356582,39.98875140607424,0.703037120359955,17.16628022524015,79.29778072209342,3.5359390526664467,22.246220302375807,48.14871953100895,29.60506016661524,54.9968459944129,31.47697575921421,13.526178246372893,12.851715922992726,16.853932584269664,14.16304963200604,16.88286791488274,4.0,35.9375,69.4249005812175,38.8803915570511,5.062710308962987,12.58794738452126,43600.0,0.3976,22022.0,57.933487756452685,6.640011423675567,70.39999999999998,71.39697751566531,16.544,99.11537043862884,18.016,0.1474382602285293,1.0529634300126105,10.0,28.70113493064313,23.63808322824716,35.73139974779319,18.177805800756623,1.6078184110971,10.1,10.227945389826303,0.1279453898263032,"Vermillion County, IN",Indiana
2193,430,1.4891517465595983,1.7249181520524062,train,13101,4048,46.76383399209486,53.23616600790514,83.64624505928853,2.025691699604743,100.0,57.05009276437848,42.94990723562152,0.0,11.4073574080324,85.75767802902466,2.8349645629429627,29.482323232323232,46.654040404040394,23.863636363636363,64.67836257309939,27.017543859649123,8.304093567251464,28.960396039603964,67.2360248447205,33.108715184186885,14.476284584980235,4.0,21.565980425244685,72.95197740112994,30.29661016949153,7.274011299435028,17.725988700564972,32959.0,0.4617,16954.0,62.20047249409383,10.255018990775909,43.01248489730165,59.58333333333334,12.364075714861054,96.04166666666669,46.677406363270244,0.0,25.592885375494074,4.333333333333333,35.59782608695652,30.755928853754934,30.58300395256917,11.857707509881422,14.32806324110672,4.433333333333333,5.612061675164918,1.1787283418315857,"Echols County, GA",Georgia
2194,654,1.6072132174119893,1.7594687425036735,train,17131,16107,49.63059539330726,50.369404606692754,97.42348047432793,0.4718445396411498,99.88760887889858,74.00955324529363,25.87805563360495,0.11239112110143304,13.792262678803642,84.8179453836151,1.3897919375812744,20.985968904057643,59.461509290860825,19.552521805081533,50.23292607893117,34.10389382086666,15.663180100202162,9.443954104148279,15.095562034337544,9.151370045224796,12.636426723866002,3.0,34.35480009576251,73.1799606477978,34.493718783108825,3.632510973210232,8.17314968972302,54757.0,0.391,26823.0,64.0497884803124,5.385494728820019,80.52130651092364,76.46093237032173,14.146658014276445,98.62114248194356,8.025091931646116,0.3282994090610637,2.135717389954678,4.888888888888889,28.186502762773948,23.362513193021673,34.661948221270265,19.879555472775813,2.1046749860309184,4.988888888888889,5.809350313554911,0.8204614246660222,"Mercer County, IL",Illinois
2195,1214,2.4169053500233435,2.021221464570483,train,25007,17048,49.52487095260441,50.47512904739558,92.60910370717971,3.320037541060535,99.55668144395187,62.032932235592135,37.52374920835972,0.44331855604813175,12.505504183179214,78.31351827388816,9.180977542932627,31.630321910695734,45.53824852890274,22.831429560401524,29.88883669954595,29.849694692343828,40.26146860811022,11.66094471409968,24.772817068352428,10.83676268861454,8.088799669362935,5.0,15.855505083279256,77.92575328783087,31.579823539204263,1.2651906109538873,3.129682037622773,64222.0,0.5225,38560.0,67.38515131722185,5.22347872913301,70.1587001700359,68.65017225180081,19.761949744946154,94.11212026307548,12.100887965237105,0.5950516755402443,0.7801501642421399,11.111111111111107,24.043876114500236,21.603707179727827,40.79070858751759,18.99343031440639,4.0708587517597365,11.211111111111107,7.547538356278312,-3.6635727548327948,"Dukes County, MA",Massachusetts
2196,1154,2.2902875651836396,1.721967130232897,train,22095,44161,48.61076515477458,51.38923484522543,42.057471524648435,54.344330970766066,99.76901208244492,53.198294243070364,46.570717839374545,0.2309879175550817,10.322640805669527,87.3803307223673,2.2970284719631984,34.597156398104275,42.338072669826225,23.06477093206951,54.87086542818306,28.594332717576947,16.534801854240005,18.1677983657498,36.137713662262094,17.99069699300443,14.562481305078116,2.0,22.489740082079344,80.12001043569006,27.54369945212628,7.9246021393164625,19.55387424993478,50921.0,0.4215,22660.0,66.51762148734669,8.738679861824293,66.58677777368092,51.47521636506688,16.212529036539948,96.5381589299764,21.570001106153907,1.1211644374508258,5.282941962364983,9.777777777777779,32.55813953488372,29.252054980639024,33.298611897375515,11.960779873644164,3.5981975045854937,9.877777777777778,5.595524771092456,-4.282253006685322,"St. John the Baptist Parish, LA",Louisiana
2197,2534,1.9600947840472698,2.275229339695789,train,48037,93155,50.46857388223928,49.53142611776072,69.25339487950191,24.27030218453116,99.5008543933807,57.703030848097846,41.79782354528285,0.4991456066193004,13.412773488755304,81.05489609715906,5.532330414085624,29.92773986350863,43.25304429278737,26.819215843704004,48.70229495621045,33.048328325768715,18.24937671802084,19.052021274167405,37.73006134969325,19.410019835853767,14.861911158671253,4.0,31.766999618541693,72.39924602818418,33.9317236633456,5.744547168117763,17.152858809801632,42670.0,0.4869,22685.0,59.36994660564454,8.173805791813345,63.16102654663416,64.9446220173939,16.544138817974165,98.32007730617704,25.218342706873713,0.3419311677692708,7.102141591970372,7.0,30.55015833825345,29.369330685416784,31.624711502334822,15.059846492405134,6.476302935966937,7.1000000000000005,9.730150266394645,2.6301502663946446,"Bowie County, TX",Texas
2198,894,1.9756230463738251,1.5576792732827542,train,20025,2145,49.18414918414918,50.81585081585082,91.65501165501163,1.0256410256410255,99.20792079207921,62.97029702970297,36.23762376237625,0.7920792079207921,18.101265822784807,79.24050632911394,2.6582278481012658,18.166089965397926,55.42099192618224,26.412918108419838,34.24932975871314,36.05898123324397,29.69168900804289,14.94473810667948,26.51515151515152,14.992721979621544,13.860911270983214,6.0,30.36585365853659,77.56202804746493,32.793959007551244,3.02049622437972,8.090614886731393,42589.0,0.4345,25106.0,65.75949367088607,1.4436958614051971,81.31399317406144,66.42156862745098,7.593856655290103,96.56862745098042,14.419795221843009,0.0,12.12121212121212,7.1111111111111125,30.116550116550112,21.864801864801866,33.1934731934732,21.3986013986014,7.319347319347321,7.211111111111112,4.7477901265883595,-2.4633209845227526,"Clark County, KS",Kansas
2199,2395,1.7711787615280343,1.9299502218928224,train,46081,24645,49.511057009535406,50.4889429904646,93.27246906066141,0.5153175086224386,99.30988423864649,69.96883348174535,29.341050756901158,0.6901157613535174,17.116590498458926,75.44372409395258,7.4396854075884775,28.285536458083968,50.696605544118356,21.01785799779768,38.95486935866985,31.496437054631834,29.548693586698338,13.118551273952413,15.513249292513509,15.00328495490653,15.665218460529553,5.0,35.17427344452212,77.96352583586626,35.068389057750764,4.540273556231004,11.350683890577507,45548.0,0.4423,27083.0,67.11487133000958,3.661739326179936,71.83053659159063,69.45506692160612,14.151725898041216,98.61376673040155,18.99444905251069,0.7170172084130019,3.1000202880908905,5.777777777777778,26.11888821261919,29.2757151552039,34.61959829580036,17.459931020490973,6.212213430716169,5.877777777777778,6.889167303337565,1.0113895255597871,"Lawrence County, SD",South Dakota
2200,1777,1.789905900578732,2.0293526588123214,train,34019,126250,49.82257425742575,50.17742574257425,91.0621782178218,2.581386138613861,99.50600651173237,83.49986901687811,16.006137494854233,0.4939934882676546,11.188590871857343,86.7541114448342,2.05729768330848,27.58115322757164,56.281464422006295,16.137382350422065,28.28605628077149,23.002393965400422,48.71154975382811,4.404503582395087,5.302909842582286,4.416421006660117,8.50381854159512,2.0,19.181252273737822,83.30668031301308,29.41427322544191,1.9467366041919871,3.8422994093690686,105444.0,0.4421,51353.0,72.24216044280288,5.767336770754881,89.31961819553175,75.39491298527444,5.910426799136517,96.33199464524765,6.528128169783349,0.3748326639892905,5.8605940594059405,5.8888888888888875,28.998019801980195,21.813861386138612,41.51128712871288,15.104950495049506,6.356435643564358,5.988888888888888,7.609159042072985,1.620270153184097,"Hunterdon County, NJ",New Jersey
2201,1055,2.677209095579635,2.7774364822124413,train,21137,24498,48.27741040084905,51.72258959915095,95.78741121724222,2.6818515797207936,99.98292641283932,64.65767457742871,35.32525183541062,0.017073587160662457,12.545464415612614,85.64138754682156,1.813148037565821,21.58940397350993,52.48599083036169,25.924605196128372,66.43835616438356,22.9422275163788,10.619416319237642,24.96486151302191,51.72595520421608,28.392309835608806,20.891835138139747,5.0,23.93368742958313,68.09621289662229,40.94165813715456,9.170931422722619,24.94370522006141,37139.0,0.445,18564.0,54.829083016820405,10.133597229094507,59.64634649786708,55.08213552361397,23.365900646759318,99.51232032854207,21.893491124260358,0.2566735112936345,1.56747489590987,14.444444444444445,29.93305575965385,25.712303045146538,33.98644787329578,16.393174953057393,1.5307372030369826,14.544444444444444,16.07775246994813,1.5333080255036862,"Lincoln County, KY",Kentucky
2202,950,1.4637696732881809,1.647627370319779,train,20137,5590,56.92307692307693,43.07692307692307,92.20035778175313,2.450805008944544,95.08840864440079,56.286836935166995,38.80157170923379,4.911591355599214,16.031149301825995,81.90118152524167,2.0676691729323307,23.324227778945154,47.40491699936962,29.270855221685228,48.30363680742006,34.29338540395411,17.402977788625822,8.517012625722232,10.25943396226415,9.074992704989787,15.124106015986538,6.0,37.877461706783365,78.76356772062294,39.830108541764986,3.5865974516281263,9.8159509202454,47852.0,0.3921,23702.0,71.62740899357601,1.71898355754858,80.29304029304029,58.64811133200797,9.706959706959706,94.03578528827038,12.124542124542124,3.3797216699801202,4.973166368515206,4.2222222222222205,22.987477638640428,25.47406082289803,36.851520572450816,19.46332737030412,5.348837209302326,4.322222222222221,5.194640236725524,0.8724180145033031,"Norton County, KS",Kansas
2203,256,3.0439931971712446,2.7173554413734813,train,8031,649654,49.98506897517756,50.01493102482244,76.08080609062671,9.706397559316187,99.51494658506157,63.340445481325084,36.17450110373646,0.4850534149384639,21.80409829164344,67.40511023530496,10.790791473051588,41.64336934769389,36.16515775344188,22.191472898864216,31.544172381309988,23.5023901591756,44.95343745951442,17.31747793689347,35.31512858695215,17.601512981115825,9.538077830317034,1.0,18.84415063322205,82.31149948331188,20.01015246831886,3.7531499845900034,11.417538389020828,53637.0,0.502,35218.0,72.80870134169993,6.1830918436673565,67.51269035532995,56.89242674858222,16.013045139457454,94.96987240075615,18.685297381875078,1.0913870510396977,30.94247091528721,20.88888888888889,25.70937760715704,38.9932179283126,29.398726091119272,10.690305916687961,14.212796350057108,20.98888888888889,15.140230029281119,-5.848658859607772,"Denver County, CO",Colorado
2204,2604,2.118929313186954,1.957080875345225,train,48177,20172,50.17846519928614,49.82153480071386,56.41978980765418,6.702359706523894,99.29668702572643,58.00481214140293,41.29187488432353,0.7033129742735517,11.776916689731527,84.68032106282868,3.5427622474398004,26.615119176944212,45.39587194069908,27.989008882356696,61.56525777984209,24.63229602105589,13.802446199102027,20.282302944450066,42.096774193548384,20.29575475616848,20.22833576422069,6.0,24.15193987406053,75.9610930986568,38.49004168596573,7.071174926663579,16.952292728114866,42983.0,0.4734,21185.0,61.3121546961326,6.014868213561613,54.81742190937088,54.47833065810594,11.957765068191815,96.59711075441412,35.10778706555213,1.4446227929373996,49.08288717033511,8.222222222222221,34.0620662304184,25.65932976402935,31.43466190759468,16.121356335514573,36.87785048582193,8.322222222222221,7.078633462785539,-1.2435887594366823,"Gonzales County, TX",Texas
2205,857,1.1314021114911006,1.3973287751302375,train,19149,24853,49.36627368929305,50.63372631070696,96.80923832132942,0.5069810485655656,99.08931139159607,76.65761303722641,22.431698354369708,0.9106886084038984,14.509222661396574,83.83838383838383,1.6523935002195869,22.1191381495564,58.98098859315589,18.8998732572877,43.53491678019309,36.01255701001007,20.45252620979684,7.787805774492589,11.442965095358042,7.466807660674419,10.304955009975163,4.0,30.293896006028643,77.71885942971484,30.86543271635818,2.971485742871436,7.093546773386692,57130.0,0.3925,27991.0,71.40514838498116,3.321852277076158,83.90374708912567,66.5293262239457,10.563827535106908,99.39408628211342,9.413591136828735,0.0,3.713837363698548,3.0,32.14098901541061,23.14006357381403,34.116605641170075,17.539130084899206,2.6837806301050176,3.1,4.044382070790407,0.9443820707904069,"Plymouth County, IA",Iowa
2206,910,1.296248080435107,1.8834117404881543,train,20057,34714,51.5814944978971,48.4185055021029,87.9616293138215,2.313187762862246,99.50808816573645,66.72027244347744,32.78781572225901,0.4919118342635512,10.619695483430718,84.45856612786284,4.921738388706443,27.086103073433954,50.40275279580825,22.511144130757803,53.63484744432454,28.43618169331895,17.92897086235652,18.226034665723386,38.49721706864564,16.23174052983412,10.007592570961336,5.0,18.201462765957448,84.82820169567158,23.212851405622487,4.435519857206604,12.074966532797855,50777.0,0.4089,20619.0,72.06243126639032,6.221752655984036,67.03259005145797,58.63453815261044,8.179367802009311,95.70590052517763,26.336682185738788,0.6796416434970652,52.771216224001854,3.5555555555555562,37.96739067811257,30.860747825084978,28.276775940542716,10.183211384455838,9.72518292331624,3.6555555555555563,6.575901904792254,2.9203463492366972,"Ford County, KS",Kansas
2207,986,2.2082744135228043,2.2492280764392225,train,20209,160806,49.40425108515851,50.59574891484149,61.71100580824098,24.28018855017848,98.88660158930428,53.11552338579368,45.77107820351064,1.113398410695708,15.543089188976307,78.88817902558134,5.568731785442356,36.442461210955095,38.786588610963285,24.770950178081627,54.288014631334114,29.772578176251912,15.939407192413974,23.862893492909585,59.44613185635161,22.897788275713978,14.512167614846744,2.0,24.010506059187602,77.48938338712416,27.16833701375913,6.884661117717003,18.610497706811614,40113.0,0.428,18912.0,68.01930593080293,10.301698096229737,57.5449755053312,62.68526591107237,14.86558807788893,95.73379831444349,31.014573298752627,2.0807904678872418,27.155703145405024,9.0,34.73999726378369,30.76253373630337,29.98768702660349,11.059910699849508,14.008805641580539,9.1,9.480414855510338,0.38041485551033816,"Wyandotte County, KS",Kansas
2208,2478,2.3968846612924475,2.7260019620226155,train,47115,28306,48.96841659012224,51.031583409877776,93.53847240867658,1.5191125556419134,98.5473753714097,58.58369098712446,39.96368438428525,1.4526246285902935,12.274072387889824,84.62098793535169,3.1049396767584803,22.34991423670668,52.45283018867924,25.197255574614072,59.275095709242784,27.375329388952427,13.349574901804806,19.181814922376393,43.46764346764347,19.353789439444867,21.417598513808013,3.0,25.56733588991654,71.20173535791757,41.21475054229935,6.872017353579174,19.817787418655094,41348.0,0.4358,21784.0,57.46591893493822,6.656616947000952,65.67821491485614,58.73954721599021,18.555490311215504,99.28615133591678,19.5302407516148,0.0,1.543842294919805,10.888888888888893,27.068466049600787,24.10796297604748,36.69540026849431,17.79481382039144,4.942415035681481,10.988888888888894,15.271707934943302,4.282819046054408,"Marion County, TN",Tennessee
2209,686,1.8440707637960658,2.157121011272179,train,17195,57525,49.206431986092994,50.793568013907006,92.41373315949586,1.7870491090830074,99.0191605839416,64.06630170316302,34.952858880778585,0.9808394160583942,16.539686937248927,81.38708038971231,2.0732326730387403,25.422060554188512,51.137263293035204,23.440676152776287,46.87445016966194,36.20459972351389,16.920950106824186,11.961170562033045,22.014960704478746,11.30659700880967,15.083581931475171,5.0,32.48860405289525,73.0422965856973,37.344997452012905,4.522677085102768,13.546798029556653,47401.0,0.4206,25490.0,64.92732959249379,7.919810151241455,70.59160881376397,71.35406606142554,19.87624509507999,98.62854935290709,13.434953214609115,0.0,11.643633202955234,6.222222222222222,29.2690134724033,23.739243807040413,34.817905258583224,18.55367231638418,5.7992177314211215,6.322222222222222,8.646209452118164,2.323987229895942,"Whiteside County, IL",Illinois
2210,1868,1.7711787615280343,2.258678645661486,train,36093,154796,48.58652678363782,51.41347321636218,78.42838316235563,10.18372567766609,99.49477147221243,64.78674656327105,34.70802490894137,0.505228527787569,16.431686609147444,79.15372770986916,4.4145856809833885,35.635021413191794,42.20804315763737,22.156935429170844,39.49394627317442,30.03310631857737,30.47294740824821,12.61594563235538,26.34221273088307,11.4141913877419,13.063786976063552,3.0,23.252820976942306,75.66948555320648,31.76180408738548,6.397110641296687,13.971106412966876,58114.0,0.4345,28902.0,66.29117137717101,7.096479659125494,74.15284600126697,70.85300736948945,19.75533008629911,97.31697630289922,9.874030303345,0.6707559242751865,6.365797565828574,5.777777777777778,28.929688105635808,28.083413008088066,34.475051034910464,15.344711749657614,11.387891159978293,5.877777777777778,9.570434872561954,3.6926570947841757,"Schenectady County, NY",New York
2211,1484,2.538096293116917,2.7270400113085724,train,29015,18854,49.84088257133765,50.15911742866235,97.08815105547896,0.43492097167709776,99.609375,68.47956730769229,31.12980769230769,0.390625,15.741589213247805,82.59588951433435,1.6625212724178555,17.767597350337397,55.37051940815947,26.86188324150313,59.95576750293732,28.695832469417372,11.348400027645312,19.088703154489078,39.10228744065602,20.75977301387137,22.06970509383378,6.0,48.01623083859333,55.331942569640454,51.994109706712464,7.1051662780709295,17.020493312062833,33042.0,0.4298,19122.0,45.60109646260279,9.4461142121082,59.015916149068325,59.40613790354723,27.630046583850927,98.76444798724592,20.44836956521739,0.6576325229174971,1.7662034581521162,12.555555555555555,22.79622361302641,17.248329266999043,37.56232099289275,27.53792298716453,2.476927972843959,12.655555555555553,15.287568951294615,2.6320133957390617,"Benton County, MO",Missouri
2212,660,2.366081404553173,2.1606854244196176,train,17143,187112,48.44478173500363,51.555218264996356,73.95730899140621,17.53067681388687,98.91679748822607,57.19443821484638,41.72235927337968,1.0832025117739403,18.14973806752037,76.66108847497091,5.189173457508732,35.11818491480935,44.68117790853777,20.200637176652886,38.396110806540044,32.41558902254184,29.188300170918122,17.161058908962875,33.83858570330515,17.10079371129916,11.179277436946151,3.0,25.197620119275346,76.47012465028305,29.655996742542648,5.003086703531976,14.364336096042454,51147.0,0.4636,28610.0,65.9734999215552,8.359996540989277,72.54466050982839,72.39147712220414,17.895837543825735,97.83521931650455,12.945177192165408,0.1362449381220906,4.3743853948437295,10.555555555555557,30.537859677626237,30.14451237761341,31.28233357561247,14.684787720723419,8.512014194706914,10.655555555555555,8.67708310530489,-1.9784724502506652,"Peoria County, IL",Illinois
2213,2542,2.2204104848050292,2.431039898577251,train,48053,44144,49.58997825299021,50.410021747009786,93.19952881478795,2.3491301196085543,98.72689938398355,59.753593429158116,38.97330595482546,1.2731006160164269,12.237391867239447,83.19602189136704,4.566586241393515,22.695584817970573,53.57142857142857,23.732986610600857,46.8570127800722,30.405515267796172,22.73747195213164,15.992037159920375,36.54310467263173,14.882216156101508,18.827287246178415,6.0,36.19922658680545,70.05312868949233,41.13341204250296,5.879574970484061,11.670602125147582,49732.0,0.4413,26578.0,57.09466396784887,4.911884087756254,63.699284009546545,66.3090848139457,12.967382657120128,98.74846351547659,26.551312649164675,0.1564420605654263,21.32113084450888,9.111111111111107,28.198622689380212,23.425607104023193,33.911743385284524,20.573577383109825,4.451341065603478,9.211111111111105,11.37070030913043,2.159589198019326,"Burnet County, TX",Texas
2214,1595,2.232401036136941,1.5383278821650743,train,30007,5692,51.00140548137736,48.99859451862264,94.92269852424455,0.6148981026001406,100.0,75.90945836701698,24.090541632983022,0.0,13.371169125993193,83.76844494892168,2.8603859250851302,19.508021390374328,63.70053475935829,16.791443850267378,46.273745737944466,29.785679493424247,23.94057476863127,9.854661467564693,14.96282527881041,9.850374064837904,12.85005317263382,6.0,43.367003367003356,77.7091058920478,37.082818294190346,2.843016069221261,10.341985990935312,50115.0,0.4272,29188.0,64.4494892167991,4.543853469531525,73.72395046813652,60.96892138939671,11.809121111446693,99.72577696526508,20.17517366354576,0.0,1.5635980323260719,9.222222222222221,27.687983134223472,20.098383696416022,38.58046380885454,19.588896697118766,4.462403373155307,9.32222222222222,4.656797043816266,-4.665425178405953,"Broadwater County, MT",Montana
2215,1574,1.9120085973796321,2.01225857914823,train,29197,4395,48.577929465301466,51.422070534698534,97.99772468714448,0.3185437997724687,97.87798408488064,69.84969053934572,28.028293545534925,2.122015915119363,14.156813939016802,84.72308649657747,1.1200995644057252,21.602987647227806,56.133295030163744,22.263717322608446,60.01369394043136,27.559055118110237,12.427250941458404,21.22619600557362,50.82872928176796,20.464767616191907,16.233018650702277,5.0,23.45187001839363,72.06736353077817,44.77351916376306,5.052264808362369,16.202090592334496,37500.0,0.4449,19650.0,62.671232876712324,7.054148037754596,61.113419194017446,62.2360248447205,17.490652264229333,99.75155279503105,26.13211466555879,0.0,0.8418657565415245,6.666666666666668,33.03754266211605,22.84414106939704,32.03640500568828,19.38566552901024,1.6837315130830488,6.7666666666666675,7.480192890457632,0.7135262237909643,"Schuyler County, MO",Missouri
2216,1130,1.9120085973796321,1.9341449692875414,train,22047,33229,51.006650817057384,48.99334918294261,49.54106352884529,48.147702308224744,99.45000705119163,47.694260329995785,51.75574672119589,0.5499929488083486,14.181834605483036,82.89146831669753,2.9266970778194303,37.72029458102811,34.660902062799984,27.618803356171913,62.0267016852703,24.871963230466186,13.101335084263516,19.10272993396419,32.997198879551824,20.88425397859975,19.09875620199823,3.0,17.52969669011648,75.03350906978822,33.50013403627916,8.48002859440622,22.982753998748993,45117.0,0.4803,21428.0,63.37180581129025,7.7244702714194595,68.64715626725567,57.22877074813567,15.543898398674767,96.7043541015155,19.85643290999448,0.6735626653836901,2.377441391555569,6.666666666666668,27.614433175840386,30.46435342622408,34.626380571187816,13.364831923921876,2.31123416292997,6.7666666666666675,6.918126315341779,0.15145964867511186,"Iberville Parish, LA",Louisiana
2217,967,0.7934951543942272,0.893447590006528,train,20171,4928,48.6810064935065,51.31899350649351,95.23133116883116,0.0,100.0,93.68686868686869,6.313131313131312,0.0,19.650177644165076,80.34982235583495,0.0,18.156565656565657,61.944444444444436,19.8989898989899,48.48837209302327,31.017441860465127,20.49418604651163,6.5813905508562005,6.071428571428571,7.365023474178402,11.677326181142972,6.0,21.818181818181817,81.83060109289617,30.373406193078324,3.825136612021858,0.31876138433515483,51850.0,0.3676,30179.0,75.84039355015031,5.837837837837838,86.35386819484242,79.70011534025376,5.766475644699143,100.0,10.386819484240688,0.0,16.538149350649352,2.1111111111111107,29.646915584415588,21.692370129870127,35.47077922077922,18.72970779220779,4.768668831168831,2.211111111111111,2.4435394684111573,0.23242835730004652,"Scott County, KS",Kansas
2218,2614,1.5846897427449065,2.022409216550356,train,48197,3992,48.47194388777554,51.52805611222446,85.19539078156313,8.892785571142285,97.65886287625419,68.56187290969899,29.09698996655518,2.3411371237458187,18.67844291789336,75.46614327772326,5.8554138043833825,20.683343502135447,47.345942647956065,31.970713849908485,53.757427472911566,28.55644879412793,17.686123732960503,14.757820383451055,21.016483516483518,16.295737457563185,22.085427135678398,6.0,21.622495151906925,68.72705018359852,40.75887392900857,7.9559363525091795,13.035495716034276,37174.0,0.4549,20374.0,56.14661044437237,6.008087810514152,57.160909856781814,66.14950634696757,21.988205560235887,99.29478138222849,25.905644481887112,0.7052186177715092,20.36573146292585,4.777777777777779,29.008016032064127,23.84769539078157,35.89679358717434,17.760521042084164,5.9118236472945895,4.877777777777779,7.556508285875436,2.678730508097657,"Hardeman County, TX",Texas
2219,1711,1.9756230463738251,1.8740906142936982,train,31127,7168,48.56305803571429,51.43694196428571,96.19140625,1.1439732142857142,99.59322033898304,83.25423728813557,16.338983050847453,0.4067796610169492,17.055759212811115,77.25255643449741,5.6916843526914915,29.528619528619533,51.07744107744108,19.393939393939394,40.111063648013676,32.05894916702264,27.829987184963695,8.605697151424287,9.545115585384039,9.379600420609883,14.553191489361705,6.0,28.035902851108762,75.49530761209594,36.25304136253041,6.882168925964546,9.419534237052485,49656.0,0.4295,27087.0,66.52914798206278,7.549204637368562,80.65182464998853,60.09852216748769,12.233187973376177,97.45484400656817,11.911865962818453,0.0,2.34375,7.1111111111111125,29.659598214285715,30.357142857142854,31.01283482142857,18.052455357142858,2.6646205357142856,7.211111111111112,6.514891876112767,-0.6962192349983454,"Nemaha County, NE",Nebraska
2220,2514,1.9120085973796321,1.86266728162971,train,47187,199456,48.761631638055505,51.2383683619445,89.77218033049897,4.374899727258142,99.61079857056929,85.16258005165764,14.448218518911652,0.3892014294307045,8.558982645963606,88.65453523501722,2.7864821190191806,21.510697893066773,64.35580859357147,14.133493513361756,21.028106336546003,23.236849667212898,55.7350439962411,5.064910857770411,6.583721151106468,4.85110895113546,7.139014444952814,2.0,19.442791225257142,86.06177495034399,23.846397420766287,2.157517487550016,4.353896197357437,96565.0,0.4459,44671.0,70.77010622154779,4.11368216246265,89.5011860723587,66.02993847001561,5.0403928138944645,96.31279272660484,7.405902161471723,0.20663054458627966,4.672709770575967,6.666666666666668,35.961314776191244,23.337979303706078,37.164587678485475,11.125762072838118,5.8529199422429015,6.7666666666666675,6.440893557331919,-0.32577310933474823,"Williamson County, TN",Tennessee
2221,2060,2.455782938066032,2.4431198917884522,train,39047,28769,49.323925058222386,50.67607494177762,94.4801696270291,1.9256838958601272,99.18864097363085,57.968704723268615,41.21993625036222,0.8113590263691683,15.611557882925005,81.19973817093697,3.188703946138021,23.97289832556533,50.35387536682203,25.673226307612637,61.32329756395261,24.624930071708285,14.051772364339113,18.44867461305817,38.91421467053461,18.27677683209904,16.370711001061196,5.0,31.14919354838709,72.51704202260765,33.94598325998792,8.292346190352921,19.60479765294676,40503.0,0.4306,21632.0,61.8452464541497,7.826218589161368,62.24002828020975,61.38952164009111,23.372415012078015,98.0637813211845,18.547104224356328,0.0683371298405467,1.8283569119538392,11.555555555555555,30.671903785324478,24.644582710556502,35.19413257325593,16.152803364732872,3.5941464771107787,11.655555555555555,11.508891284221825,-0.14666427133373006,"Fayette County, OH",Ohio
2222,1910,2.145281299175379,2.0730171298876074,train,37053,24492,49.81626653601175,50.18373346398825,90.27845827208886,6.197942185203332,100.0,71.38675448225393,28.613245517746066,0.0,9.606824925816023,85.31157270029674,5.0816023738872405,21.992490613266586,57.21652065081352,20.790988735919896,42.85217189584179,36.60615902105202,20.541669083106186,10.26558131886203,15.68877551020408,10.272732581907377,12.686536315158527,2.0,47.4035962446295,81.64516129032258,32.645161290322584,4.268817204301075,9.043010752688172,60600.0,0.3804,27521.0,67.3451942084736,6.727489091630305,72.38231842482723,77.12340929269016,9.036380232103275,97.04054453980469,21.899856565393144,0.0,3.4501061571125264,8.444444444444445,28.39702760084926,23.734280581414342,39.74358974358975,14.171974522292993,3.5235995427078235,8.544444444444444,7.948769444956533,-0.5956749994879109,"Currituck County, NC",North Carolina
2223,2535,2.1959892467282267,2.2770149655741054,train,48039,331741,50.70099867064969,49.2990013293503,74.69863538121608,12.997187564997995,99.3723545638311,72.0184049764912,27.353949587339876,0.6276454361689059,10.953976629904396,86.00601093368108,3.0400124364145125,27.306438531366005,51.052032317434566,21.641529151199432,39.682020260573225,31.76104304086241,28.55693669856437,11.161150383096919,17.120951751487116,10.913718941833372,9.685649656339745,2.0,24.741513366860772,84.47338014398721,23.079726246555857,3.4521375877699763,9.523597902408676,69749.0,0.4304,30634.0,69.76145174025032,5.2915746702042785,72.59072641719007,59.85345160046278,7.725629581759797,94.51778456791956,21.886422844679604,2.2189919606039927,28.941553802514612,8.888888888888891,33.88516945448407,29.936908612441634,32.428912917004524,10.551002137209448,12.304177053785935,8.988888888888889,9.747540195843657,0.7586513069547678,"Brazoria County, TX",Texas
2224,2033,1.3552622518721622,1.563895086033835,train,38099,11005,51.20399818264426,48.79600181735574,90.41344843253066,0.2453430258973194,96.70731707317071,70.08130081300814,26.6260162601626,3.2926829268292686,19.538537064310265,79.41826215022091,1.0432007854688266,23.70881567230632,57.55788067675868,18.733303650935,49.84480082772892,32.992757371960685,17.1624418003104,10.361535594483787,13.583815028901732,11.002120890774126,17.19774637480373,6.0,30.53408292340126,76.77013593020897,35.341854331507406,3.5707039967539047,13.877054169202676,49411.0,0.4611,30154.0,65.98541890761325,3.405180220974461,76.17519653457406,72.6335520149953,13.653136531365314,97.79756326148079,13.749398363548856,1.218369259606373,10.631531122217174,3.7777777777777777,28.423443889141307,21.871876419809176,35.074965924579736,20.699681962744204,9.341208541572012,3.877777777777778,4.777393409916201,0.8996156321384232,"Walsh County, ND",North Dakota
2225,2858,1.9120085973796321,2.067094923477093,train,51093,35740,48.973139339675434,51.02686066032457,71.82148852825966,22.775601566871853,99.63532169835895,71.9718676738734,27.663454024485546,0.3646783016410524,10.794942909627922,86.45319309872852,2.751863991643554,22.965263477703136,56.800459102724226,20.23427741957263,41.38473642800944,31.70338316286389,26.911880409126677,11.672921192968595,24.468433104350677,10.484319174275507,12.086759285511766,2.0,42.872550781952185,76.06943133125135,32.96535696128986,5.149248311424214,12.978429806086135,65741.0,0.4156,31460.0,67.21400608960417,7.738769346923367,78.1401518616778,76.09151239958086,12.167230811453665,95.89591337757595,14.028908608544507,0.1921061823262312,2.515388919977616,6.666666666666668,28.04141018466704,22.14885282596531,39.77895914941242,16.57806379406827,5.402909904868494,6.7666666666666675,7.901834308554496,1.1351676418878283,"Isle of Wight County, VA",Virginia
2226,1857,1.9120085973796321,2.1464926713736663,train,36071,375384,50.04821729215949,49.9517827078405,75.09536900880165,10.056368944867124,99.802188165958,75.73746087098388,24.064727294974155,0.1978118340419891,11.539199927724724,85.13425509408961,3.3265449781856646,33.97815202548931,47.28496796853239,18.7368800059783,40.24620493758482,30.59650542392596,29.15728963848923,12.793514951912416,25.59876582888732,11.139540196465287,11.899396730421085,2.0,23.759488423114878,80.57715334876666,29.61762592799553,5.001995689311087,11.820068651712301,70848.0,0.4403,31023.0,68.15571608674671,7.042841068145018,75.07523106684819,65.91885441527447,16.862058465286232,96.69507898624843,11.665741205130045,0.3432208205477895,19.100174754384845,6.666666666666668,34.067781258657796,27.40127442831873,34.23108070668969,12.11506084436204,14.848262046331222,6.7666666666666675,8.554801218581902,1.7881345519152347,"Orange County, NY",New York
2227,1274,2.7649205075996024,2.526236754705989,train,26099,854689,48.63652158855443,51.36347841144556,83.19423790407973,10.288420700395116,99.33314295384355,69.72278630959936,29.610356644244195,0.6668570461564496,14.780211248093195,82.56792183394279,2.6518669179640044,31.455689245882827,47.974922238669826,20.569388515447347,41.71674471585875,34.954562713580565,23.328692570560694,12.585283111581495,23.33462904277817,12.091190504927221,13.814951754841024,2.0,24.01303319674351,75.3028577883875,33.13791883559913,5.598446989853708,14.72892184113753,54582.0,0.4212,27525.0,65.83839242350655,8.673662274433145,74.92263437928895,77.53208914087723,15.322717103160427,97.88566028821171,13.483427024384742,0.5283880620521301,2.4328147431404874,15.777777777777779,28.51926256217174,26.758271137220678,35.86661346992883,15.213370009442034,6.517341395525155,15.877777777777778,12.506352993846104,-3.3714247839316744,"Macomb County, MI",Michigan
2228,891,2.366081404553173,2.1887183457534105,train,20019,3520,51.24999999999999,48.75,88.38068181818181,0.5681818181818182,98.48275862068968,65.79310344827586,32.6896551724138,1.5172413793103448,17.900552486187845,80.03683241252301,2.0626151012891345,17.78006166495375,57.38266529633436,24.837273038711892,50.0392464678179,32.41758241758241,17.543171114599687,16.82161533991865,38.34296724470135,16.21160409556314,22.683706070287545,6.0,34.02952826791502,69.04303147077714,45.086705202312146,8.991650610147719,16.570327552986512,37993.0,0.4587,23584.0,57.63274336283186,4.798464491362764,65.06153023006955,67.73428232502965,15.837346174424827,98.45788849347568,22.09737827715356,0.3558718861209964,1.6477272727272725,10.555555555555557,25.68181818181818,20.681818181818183,33.01136363636363,25.53977272727273,11.051136363636363,10.655555555555555,8.923768596390458,-1.7317869591650972,"Chautauqua County, KS",Kansas
2229,327,2.995176563620268,2.6708591326972124,train,12029,16091,54.35336523522466,45.64663476477534,88.1051519482941,8.799950282766764,99.59390862944164,51.2351945854484,48.35871404399322,0.4060913705583756,15.248837609781301,80.02410883416566,4.72705355605304,25.10835231029163,42.812017924043204,32.079629765665175,62.1901343794341,29.94741674317669,7.8624488773892,21.12054095080384,31.774415405777173,25.597232731596588,24.303554274735827,6.0,41.13124238733253,59.990084283589475,54.05718063130062,7.0897372335151205,22.078995207403736,36292.0,0.4333,17850.0,45.37395645064118,7.226858877086495,45.00911854103343,49.17501473187978,28.79027355623101,99.76428992339422,29.386018237082077,0.0,3.6728606053073145,19.88888888888889,23.621900441240445,24.14393139021813,36.09471132931452,21.39705425393077,3.0948977689391586,19.98888888888889,14.45238037314518,-5.53650851574371,"Dixie County, FL",Florida
2230,1915,2.1054882506179364,2.0844416369123246,train,37063,288817,47.96705180096739,52.0329481990326,51.317270105291605,37.43200711869453,99.63898347837052,56.901879177702114,42.73710430066844,0.3610165216294615,17.794981943493756,72.83026884131517,9.374749215191068,39.71596683148447,39.34576725676564,20.938265911749887,29.95068148285717,24.28059966364359,45.76871885349925,18.033291116337978,34.589041095890416,18.729664339942712,9.903726028557514,3.0,21.088456545321968,83.07480060357835,21.65208018969605,3.9663720629446,12.781202845440829,52503.0,0.4774,30268.0,70.26816786079836,6.701755067425405,72.30840423629881,70.35638423412792,10.733779960665943,96.91493307259181,19.848448197890264,0.6777032266765568,13.423032577722225,8.11111111111111,28.384063264974014,36.23124677563994,31.02414331566355,10.713358285696481,11.25072277601388,8.211111111111109,8.040100932553994,-0.17101017855711476,"Durham County, NC",North Carolina
2231,1332,1.5380612495918724,1.7278209032595255,train,27049,46377,49.804860167755564,50.195139832244436,95.17001962179528,1.1126204799793002,98.9823093018832,68.24234354194408,30.73996575993913,1.0176906981167966,14.846973865199447,81.24140302613479,3.911623108665748,24.381709741550694,54.23194168323393,21.386348575215376,40.159475831375936,36.48164173569045,23.35888243293361,11.224489795918366,20.659722222222214,10.460791729702473,10.82444824711509,5.0,30.01930231907573,77.94923641781514,32.730271909753625,4.166444952907997,7.0079284840100025,57062.0,0.4311,30236.0,69.53147292130343,4.850623768877216,78.56696674627962,78.73834759290001,13.6726070181885,98.28885199846763,10.47584052911997,0.07661856723279274,3.122237315910904,4.5555555555555545,29.32488086767147,24.087370895055734,35.120857321517136,17.87308364059771,3.717359898225413,4.655555555555554,5.628375760377046,0.9728202048214918,"Goodhue County, MN",Minnesota
2232,2880,2.511404317020102,2.37443971122483,train,51141,18264,49.28274200613228,50.71725799386771,92.20324134910206,6.395094174332019,99.33634992458522,69.50226244343891,29.834087481146305,0.6636500754147813,16.053579927925476,79.89392806146732,4.052492010607193,19.34785377658897,52.120748949178456,28.53139727423259,57.24268452467607,30.12083272674334,12.63648274858058,21.185218066807234,51.44561725562186,22.428274428274428,19.027554471364414,6.0,29.821392735300016,62.926829268292686,47.779204107830545,4.557124518613607,17.72785622593068,33982.0,0.4303,19311.0,50.8558619752751,7.760117537064244,59.679711930256786,59.55864715759175,19.3594238605136,98.22499400335812,24.34378849616223,1.0793955384984408,2.688348664038546,12.222222222222221,24.008979413053,19.91896627244853,38.239159001314064,23.691414805081028,1.4016644765659223,12.322222222222221,10.74499120124928,-1.5772310209729419,"Patrick County, VA",Virginia
2233,1608,0.09531017980432493,0.15802686820419498,train,30033,1047,47.56446991404012,52.43553008595988,97.61222540592169,0.0,100.0,91.54929577464789,8.450704225352112,0.0,13.872135102533171,85.40410132689988,0.7237635705669482,17.165898617511527,66.93548387096774,15.898617511520738,52.248677248677254,32.936507936507944,14.814814814814813,9.169054441260744,11.398963730569944,9.762532981530343,11.938872970391595,6.0,20.552884615384613,77.80320366132723,42.5629290617849,1.8306636155606408,1.3729977116704806,39732.0,0.4671,26142.0,65.26442307692308,0.1841620626151013,69.37716262975779,68.8976377952756,8.477508650519031,92.91338582677166,25.08650519031142,6.692913385826772,0.5730659025787965,1.0,25.88347659980898,24.355300859598852,30.850047755491875,24.259789875835718,2.387774594078319,1.1,1.1711976622628715,0.07119766226287139,"Garfield County, MT",Montana
2234,2883,1.8082887711792655,1.8546043400699432,train,51147,23022,49.63078794196855,50.36921205803144,64.08218226044653,32.911997220050395,99.20678336980306,61.269146608315104,37.93763676148797,0.7932166301969366,13.410349952709096,76.36805837049046,10.221591676800433,47.35526447355264,33.88161183881612,18.76312368763124,52.56430120855283,23.032228075612025,24.40347071583514,21.003948720722672,29.53571428571429,25.889528973229407,13.11269563657563,6.0,22.839410395655545,74.3420164664597,37.21149952760157,6.829531650695101,17.559724659198274,41697.0,0.4486,17901.0,50.48601041834488,6.882246569513883,73.95154988278198,64.44104134762634,13.095858296431365,99.26493108728943,15.974212034383955,0.0,2.4063938841108508,6.0,30.84006602380332,41.8295543393276,27.191382156198422,14.963947528451044,3.005820519503084,6.1,6.389169811972029,0.2891698119720294,"Prince Edward County, VA",Virginia
2235,2465,2.6222502112988773,2.4240086940016603,train,47089,52490,49.29700895408649,50.70299104591351,94.76281196418364,2.5604877119451324,98.85924563017478,67.41490340386385,31.444342226310944,1.140754369825207,12.364756561811259,83.22730915648168,4.407934281707074,24.20521060484333,51.12360840123953,24.671180993917137,57.08127402526084,27.320153761669413,15.598572213069742,16.490423576384078,29.833374172996802,17.331612297582723,19.63653939101015,4.0,32.8086583425734,71.43147517658419,40.428883581482786,5.056151227196502,19.7723461558006,42417.0,0.452,22383.0,60.67379967191441,8.934264153988943,67.46160450252789,58.5373642750692,17.863843047473683,96.91292314243134,18.121402906292726,1.6925697253566103,3.433034863783578,13.666666666666664,27.81482187083255,25.566774623737857,35.151457420461035,18.378738807391887,2.6767003238712137,13.766666666666666,11.291031002907344,-2.4756356637593218,"Jefferson County, TN",Tennessee
2236,2098,2.2204104848050292,2.111686708516208,train,39123,41162,49.638015645498285,50.361984354501715,95.64161119479132,0.9669112288032652,98.55680276304427,67.66991488836808,30.886887874676205,1.4431972369557169,14.096221631315315,83.09009956094243,2.8136788077422548,22.462971534367046,55.83776903494562,21.69925943068734,46.013140951563365,32.30759071548849,21.679268332948126,10.717102020699851,21.69998473981383,9.86252442886987,15.670341001153856,5.0,32.21622931943518,73.68178146994346,38.848505826698975,4.015230183454484,10.361139956155533,53914.0,0.4101,29343.0,62.26947743103501,5.184053614546888,77.79664526817146,75.93557555660824,13.746117208531787,98.0696352439602,11.522054255539448,0.14211274277593558,4.751955687284388,9.111111111111107,25.572129634128565,21.259899907681838,37.7727029784753,21.1821583013459,3.391477576405422,9.211111111111105,8.262165403108632,-0.9489457080024728,"Ottawa County, OH",Ohio
2237,2592,1.2006339030604214,1.6982025754840653,train,48153,6178,48.88313370022662,51.11686629977338,91.58303658141793,2.929750728391065,99.82476635514018,58.820093457943926,41.00467289719626,0.17523364485981308,13.538600860312432,85.12565089427213,1.3357482454154403,23.621381787449824,55.165856750475385,21.212761462074802,55.26116578349736,28.160484481453448,16.578349735049205,22.445315050603984,62.60704091341579,19.37837837837838,14.227443302333171,6.0,22.637707120465738,76.95814338997099,36.13758806464981,7.5839204309987585,22.088686282635727,41026.0,0.4633,22195.0,63.07448494453249,8.076094759511845,52.6032315978456,63.069767441860456,14.183123877917414,98.6046511627907,35.36804308797127,1.3953488372093024,55.778569116218854,3.2222222222222223,34.16963418582065,25.040466170281647,29.054710262220784,18.193590158627387,5.487212690191001,3.3222222222222224,5.464117221627295,2.1418949994050727,"Floyd County, TX",Texas
2238,1725,1.094901709271574,1.520946529591772,train,31155,20913,50.5331611916033,49.46683880839668,97.25051403433271,0.6550949170372496,99.94301994301992,80.75973409306742,19.183285849952515,0.056980056980056974,13.585151416476718,83.77075871051773,2.644089873005536,22.280638143582312,58.677785835146246,19.041576021271453,39.51026744760426,35.86197163220662,24.62776092018912,9.711235137102644,19.59753029956552,8.03878856018551,12.282914524109831,3.0,33.68326718729996,79.19304779639974,32.68777157045314,4.047175667287399,6.517690875232775,60854.0,0.4122,29637.0,70.14789237083849,3.2878239063806074,83.21240930698023,72.51340083382966,10.557918438829123,98.36212030970816,10.149278625635894,0.2382370458606313,2.1469899105819352,2.888888888888889,31.836656625065746,23.038301534930426,35.00693348634821,16.77903696265481,2.094391048630039,2.988888888888889,4.5765549904060165,1.5876661015171276,"Saunders County, NE",Nebraska
2239,3094,1.895451927785184,1.9955221888957546,train,55107,14357,50.261196628822184,49.738803371177816,96.85867521069862,0.9820993243713868,99.08256880733946,64.48230668414155,34.60026212319791,0.9174311926605504,16.06049693914296,81.26575441123516,2.6737486496218943,22.02420981842636,54.42165433759247,23.55413584398117,55.12770897832817,29.827786377708968,15.044504643962847,15.965969514356615,35.2753755120619,15.296188898094444,15.823897601800411,6.0,32.98540468819107,69.45023240903991,41.72142971630069,5.946465779772399,17.037986856868088,39194.0,0.4203,21975.0,60.26685770574014,5.750371471025258,63.560363904597985,69.13946587537092,25.2889107450209,98.31849653808108,15.097123186624048,0.2967359050445104,1.5114578254509994,6.5555555555555545,27.561468273316155,20.045970606672704,36.915790206867726,21.780316222051958,2.15922546493,6.655555555555554,7.356043269249728,0.7004877136941738,"Rusk County, WI",Wisconsin
2240,1712,1.437726534752161,1.3704804443985215,train,31129,4391,49.533135959918006,50.46686404008198,97.97312685037576,0.04554771122751082,98.99441340782124,70.94972067039106,28.04469273743016,1.005586592178771,20.533099004100762,78.00234329232572,1.4645577035735209,17.534246575342465,59.91780821917809,22.54794520547945,48.549382716049394,34.104938271604944,17.34567901234568,11.766087364960075,16.574585635359117,12.561819980217605,17.475052216291484,6.0,40.58924485125858,72.96905222437138,43.230174081237905,2.756286266924565,11.266924564796904,40488.0,0.4097,24447.0,66.11013473930872,2.303943287549845,76.87687687687688,71.56048014773776,12.054912054912055,97.96860572483841,15.315315315315313,0.09233610341643582,2.3229332726030516,4.111111111111111,25.00569346390344,20.200409929401047,33.31815076292416,26.098838533363693,1.9813254383967207,4.21111111111111,3.9372418669333196,-0.2738692441777908,"Nuckolls County, NE",Nebraska
2241,107,2.9839970173355703,2.993073568651699,train,4025,215996,48.932850608344594,51.0671493916554,91.62438193299877,0.5949184244152669,99.3521928793459,66.16252644777056,33.18966643157537,0.6478071206540762,15.939523101049499,78.86295617607692,5.1975207228735725,22.019395630844787,51.59043091185428,26.390173457300943,35.97195250854208,38.389543029915686,25.638504461542244,16.022185069692302,30.578740429054285,16.853662606374108,18.180504405389023,4.0,45.99502123297701,62.747264651717046,49.3575993933485,4.594301809121438,13.022424439389017,44748.0,0.4352,25418.0,50.424938828111245,9.524881783382119,59.69076267813747,66.54549839782241,25.01333649457649,98.51497088516004,20.36630905103432,0.24463356648175585,14.066001222244857,19.666666666666668,23.297653660252966,19.83277468101261,35.19046649012019,27.193559139984078,7.780699642585974,19.766666666666673,19.946896526467956,0.18022985980128325,"Yavapai County, AZ",Arizona
2242,3016,2.9896024131784547,2.6730932916893213,train,54063,13525,49.434380776340106,50.56561922365989,97.65619223659893,0.6950092421441775,100.0,64.13843888070693,35.86156111929308,0.0,14.333800841514726,82.8424497428705,2.823749415614773,18.086616968406105,55.73304934327299,26.180333688320907,67.54819824366609,19.15817099020894,13.293630766124961,16.80597014925373,35.474159558454595,16.876024030584382,25.904378309838144,6.0,26.36111111111111,66.18000687049124,43.35279972518035,8.742700103057366,16.79835108210237,36918.0,0.419,20678.0,52.38986063043682,6.463131583645778,62.85677386026089,62.550881953867034,24.0733565801369,98.9484396200814,19.346506522019887,0.5427408412483039,1.0351201478743068,19.777777777777786,24.495378927911283,21.648798521256925,35.719038817005554,22.55083179297597,1.6487985212569316,19.87777777777779,14.484705384875268,-5.393072392902523,"Monroe County, WV",West Virginia
2243,1022,3.3630723643112255,3.3539058411275526,train,21071,38649,49.28458692333566,50.71541307666434,97.9482004709048,0.8046779994307744,99.3103448275862,62.69916765755053,36.61117717003568,0.6896551724137931,14.626093468123488,83.43714898396814,1.9367575479083696,25.56131806969832,48.45044589210043,25.98823603820125,59.635823114083976,27.56596060943887,12.798216276477143,30.04701000604039,76.73101133025598,35.592135345221756,29.682331320556568,6.0,17.26775956284153,54.91633156051369,47.373200155662225,14.405240627837589,29.854715267868727,30096.0,0.4942,18173.0,44.034407151290274,9.58326949593994,46.03075123255619,57.11784275958677,38.530960140386064,98.93188583435473,21.21250104453915,0.0,0.688245491474553,28.777777777777786,27.721286449843454,27.387513260368962,35.589536598618345,15.172449481228492,1.2471215296644156,28.877777777777787,28.61427848949691,-0.263499288280876,"Floyd County, KY",Kentucky
2244,1866,1.6507930981160142,2.3494962329719593,train,36089,112011,50.89410861433253,49.105891385667476,93.11764023176296,2.222103186294204,98.86016245960346,64.37680146737706,34.483360992226395,1.1398375403965413,15.345569146119368,79.38726218307221,5.2671686708084176,36.49560306923011,42.07367014397793,21.430726786791965,48.14968930315136,29.549489569462942,22.30082112738571,19.440344648769397,37.898675171737,20.65045441856137,15.512787393438387,5.0,27.07553129089022,71.41788704190692,35.12991869526406,7.867499819054742,17.650606769765254,44705.0,0.4556,22562.0,57.5479556520209,9.877474465352382,69.20397293795884,69.5337773549001,23.859219807110986,98.19854107199491,11.921692817043331,0.2029812876625436,2.156038246243672,5.111111111111111,29.552454669630666,31.75402415834159,32.63965146280276,14.90300059815554,4.660256581942845,5.21111111111111,10.48028877072697,5.26917765961586,"St. Lawrence County, NY",New York
2245,2640,1.789905900578732,1.8149130025178677,train,48249,41461,49.32346060152915,50.67653939847085,93.87617278888594,0.5788572393333494,99.4029341521665,64.62811327192085,34.77482088024565,0.5970658478335039,10.72342167195334,86.79013608922541,2.4864422388212417,29.800258748540607,47.09223438831214,23.107506863147265,62.982435642793156,26.04276200490712,10.974802352299724,22.272649635214602,46.09306409130817,22.83309605560673,16.71415698594774,5.0,21.136707583655625,76.04309783787694,33.25620073758045,10.253814447899344,17.202979246510953,42986.0,0.5005,21798.0,60.21476052497017,6.148097826086958,56.37086647132692,43.06703397612489,14.181665969024696,96.69421487603306,32.75847634993721,0.9366391184573004,79.46986324497722,5.8888888888888875,36.156870311859336,27.81891416029522,30.08610501435084,13.81298087359205,5.5449699717807075,5.988888888888888,6.140541942518802,0.15165305362991433,"Jim Wells County, TX",Texas
2246,2022,1.5846897427449065,0.9761972443040501,train,38077,16317,51.565851565851574,48.434148434148426,94.00012257155115,0.4657718943433229,99.48424068767908,79.19770773638969,20.2865329512894,0.5157593123209169,16.893874029335635,78.76617773943055,4.339948231233821,32.49482095294466,52.57472625036993,14.930452796685405,37.12838160787688,41.105056877927545,21.766561514195587,10.766086497890296,15.412782956058589,11.110056025068843,9.543568464730287,5.0,26.66614640237241,82.19302220208428,28.06222624981121,2.6128983537230024,6.932487539646576,55390.0,0.4109,28413.0,70.57754602196414,2.6866674129631702,84.80555012702754,77.79612051176228,10.025405511041628,98.01898472967396,7.670510064490912,0.0,2.451431022859594,4.777777777777779,30.759330759330762,29.411043696757986,33.737819452105164,15.462401176686893,5.534105534105533,4.877777777777779,2.6543432066670403,-2.223434571110739,"Richland County, ND",North Dakota
2247,1488,2.806050362353744,2.547820798435125,train,29023,42951,48.31785057390979,51.68214942609021,90.70103140788342,5.559823985471816,98.046756401174,61.89656917316061,36.15018722801336,1.9532435988260293,14.34672818530411,83.41490787791875,2.2383639367771297,24.131653470496445,49.352713402300175,26.51563312720337,55.45525768981844,29.96218959702967,14.582552713151893,21.31890139233264,45.1915795850371,22.569036705935826,24.052247443134853,5.0,36.20988066680837,69.1273161984459,40.2092050209205,9.593544530783024,22.92887029288703,35738.0,0.4494,19473.0,57.792988622699106,8.738796414852752,59.44805834811749,57.75325410299943,23.99763453577765,97.56649688737974,20.764833431894342,0.5234861346915676,1.7275499988358831,16.444444444444443,29.51502875369607,26.786337919955297,32.790854694884864,17.138134152871874,3.739144606644781,16.544444444444444,12.77922490993275,-3.7652195345116937,"Butler County, MO",Missouri
2248,1753,2.1959892467282267,2.0959158476366637,train,32027,6722,66.27491817911336,33.72508182088664,86.3582267182386,4.819994049390061,98.65659109991604,63.476070528967256,35.18052057094878,1.343408900083963,12.874335292471313,85.72628043660791,1.3993842709207949,26.591107236268524,38.46556233653008,34.9433304272014,57.1115100738081,30.48075004987033,12.407739876321564,17.519477784796802,38.140643623361136,16.634178037686812,16.781753504917347,6.0,33.33937635968093,77.43638982237158,34.94959193470956,2.784445511281805,16.17858857417187,45230.0,0.387,17332.0,64.04682274247492,9.617058311575283,66.20766654261257,56.15982241953385,13.211760327502791,97.89123196448394,24.26497953107555,1.4428412874583796,23.05861350788456,8.888888888888891,22.314787265694733,31.06218387384707,36.53674501636418,14.489735197857781,8.821779232371318,8.988888888888889,8.132886044878669,-0.8560028440102201,"Pershing County, NV",Nevada
2249,1487,2.1709566505156093,2.4006647030328203,train,29021,89561,50.031821886758735,49.96817811324127,88.80986143522293,5.22548877301504,98.7117787176122,59.96305478586359,38.74872393174858,1.2882212823878274,15.509558055197001,79.22275493269409,5.267687012108919,32.087279171512435,42.02386885972199,25.888851968765568,49.54982143755343,30.992740137149372,19.457438425297184,18.071063615849603,36.09159686571197,18.29777994897682,15.661719767991604,4.0,28.406728406728405,76.03689414034241,32.68627923800337,5.916927899686521,17.913551965276106,46315.0,0.4274,22218.0,67.69640398783679,7.2830070617681235,67.94157002676182,65.77727161799399,16.408340767172167,98.36492312698284,19.374442462087426,0.14642479459855204,5.927803396567702,8.666666666666666,29.379975659048018,30.528913254653247,32.07422873795514,14.32096559886558,5.964649791762039,8.766666666666667,11.030505955138457,2.2638392884717895,"Buchanan County, MO",Missouri
2250,942,2.118929313186954,2.06336723830585,train,20121,32688,49.24437102300538,50.75562897699462,95.58247674987764,1.3368820362212432,99.53632148377123,74.34312210200926,25.19319938176198,0.4636785162287481,13.587948228304686,83.37364735837046,3.0384044133248462,21.119968889753068,56.48454209605289,22.395489014194045,38.07335233017741,38.66623770567148,23.26040996415112,9.202109401816084,14.815323355759988,8.572083428833373,11.549725822532404,2.0,29.229943875866624,80.33439490445859,32.953821656050955,3.0732484076433124,9.068471337579618,60966.0,0.415,29413.0,70.37787629301246,5.489231507588936,84.2343044087864,71.18337850045167,8.744871994599366,99.00632339656728,10.842810406605391,0.0,2.939916789035732,8.222222222222221,32.88362701908957,23.71206558981889,35.79601076847773,14.623103279490945,3.080641213901125,8.322222222222221,7.872433590332682,-0.44978863188953877,"Miami County, KS",Kansas
2251,796,1.561647248597752,1.3928664868101024,train,19027,20629,48.79538513742789,51.20461486257211,97.07208298996555,1.5221290416404092,99.87949387427194,72.58485639686684,27.294637477405104,0.12050612572805786,18.856879768481978,80.25519600105234,0.8879242304656668,25.330744022332805,55.389003519844636,19.280252457822552,48.25948245303084,31.662531017369727,20.077986529599446,10.101658112909593,12.71032287403365,10.767783486504088,11.136879502615216,6.0,26.940814757878556,75.55867555867556,33.62583362583362,3.5919035919035918,9.687609687609688,50559.0,0.4366,27100.0,70.622097206777,3.121526491293072,84.60154241645246,72.0763063312137,12.013710368466153,99.80646944982028,6.589545844044559,0.0,2.1038344078724123,4.666666666666667,30.689805613456784,23.292452372873143,33.63226525764701,18.852101410635512,1.4057879683940084,4.766666666666667,4.026375077990201,-0.7402915886764658,"Carroll County, IA",Iowa
2252,2780,2.6848194823870495,2.5420897486825735,train,49021,47139,50.03924563524894,49.96075436475106,91.0710876344428,0.6597509493200959,99.37568058076224,82.61343012704172,16.762250453720508,0.6243194192377496,10.233144685039367,80.53334153543307,9.233513779527561,32.004386088227854,51.671493238114,16.324120673658165,33.041712232463674,38.341665364786756,28.61662240274957,21.02953258096597,29.619436272183727,25.417468257021927,11.450169172127286,5.0,21.21212121212121,78.58231202384896,29.870818151705862,5.5978800927459424,12.885061278569065,43855.0,0.4414,18995.0,65.26613197229311,10.15686822138435,65.24838012958963,63.41510903426792,14.838012958963285,97.02102803738319,23.948884089272862,0.5257009345794392,8.086722246971723,14.555555555555555,38.82135811111819,35.514117821761175,24.024692929421498,11.05029805468932,8.269161416237086,14.655555555555555,12.706196002212321,-1.9493595533432337,"Iron County, UT",Utah
2253,2481,2.8390784635086144,2.7496333197963283,train,47121,11716,49.12086036189826,50.87913963810175,96.24445203141005,1.5961078866507343,97.80844155844156,63.0275974025974,34.78084415584416,2.191558441558441,12.505489679402725,81.94993412384717,5.5445761967501115,18.510506798516687,53.27564894932016,28.21384425216317,66.18747772365451,25.62670785315433,8.185814423191161,20.83990881991934,37.85242951409718,23.716381418092908,24.578833693304528,6.0,29.71132014271813,60.108225108225106,47.38095238095239,11.623376623376625,27.72727272727273,34424.0,0.4276,19212.0,49.956082564778214,15.0989010989011,58.434430964760246,56.684981684981686,24.78336221837089,98.8095238095238,21.418255343731946,0.4120879120879121,1.391259815636736,17.0,26.527825196312733,23.41242744964152,36.36906794127689,19.161829976101057,2.1594400819392283,17.100000000000005,15.636897092224514,-1.4631029077754913,"Meigs County, TN",Tennessee
2254,712,2.4169053500233435,2.4561669875089063,train,18043,75900,48.47694334650857,51.52305665349144,90.40843214756258,4.919631093544137,99.45231776861836,67.55688555135227,31.895432217266105,0.5476822313816273,14.005690799873538,82.77479186426389,3.219517335862576,28.21891909511703,48.53641045700503,23.24467044787796,42.92682926829269,31.238946652414732,25.83422407929259,12.766584503268676,23.683104511067533,12.094331458243186,13.556199351160837,2.0,30.673612543841553,78.11468646864688,31.1709295929593,4.709845984598459,11.571782178217822,54914.0,0.4419,28116.0,69.19256396355432,7.1376216352837085,77.1587153631048,71.02335371354116,11.564697906957038,97.55437506264408,14.477586645199555,0.2405532725268117,2.870882740447957,11.111111111111107,30.03162055335968,27.08563899868248,35.541501976284586,14.013175230566535,4.671936758893281,11.211111111111107,11.660032724845212,0.44892161373410566,"Floyd County, IN",Indiana
2255,2759,2.4462043207689623,1.9894321386781078,train,48487,13158,49.82520139838881,50.1747986016112,82.82413740690075,9.135126918984648,100.0,57.079081632653065,42.920918367346935,0.0,18.47560327415755,77.53800361432975,3.986393111512703,27.83426779435522,45.70939846051506,26.45633374512972,51.01593165550681,32.49826829831448,16.48580004617871,17.774826158293614,30.401366353543978,19.102908824248352,19.50130829613668,5.0,24.877463238971693,75.09593246354568,33.749040675364554,10.034535686876438,17.613200306983885,41630.0,0.4251,20752.0,64.0596469872185,5.954077593032463,62.86598735973171,62.13776722090262,15.348897201083453,97.67220902612827,25.964142912420996,0.5225653206650831,27.975376196990428,11.444444444444445,31.106551147590817,27.64857881136951,31.752545979632163,16.57546739626083,8.040735674114606,11.544444444444444,7.311380732920934,-4.23306371152351,"Wilbarger County, TX",Texas
2256,1138,2.8455551700866035,2.745716416776043,train,22063,133949,49.12541340360885,50.87458659639118,90.99284055872013,6.147115693286251,98.50813362177955,65.62526339448767,32.88287022729188,1.4918663782204369,10.783185749799683,84.84786226449982,4.368951985700491,25.846103653095106,50.367036742057145,23.78685960484777,55.97912490495611,25.73673417663188,18.28414091841201,14.423251314914456,21.594556873691555,15.247925090444774,15.383921320941985,3.0,27.2574621169718,79.87103007897831,25.84649638716182,5.644009410183163,15.113006217442445,58251.0,0.4255,25999.0,67.2484420397729,6.876125919819242,69.4840900576456,51.62390829694324,12.340024411761153,97.53002183406113,20.972361535765646,0.020469432314410483,3.3236530321241657,17.11111111111111,33.41868920260696,30.518331603819362,31.759848897714807,11.137074558227386,2.86004374799364,17.211111111111112,15.575768677964623,-1.635342433146489,"Livingston Parish, LA",Louisiana
2257,496,1.8440707637960658,2.1180319267350916,train,13235,11590,41.98446937014668,58.01553062985332,62.88179465056083,33.57204486626402,96.50092081031308,53.591160220994475,42.9097605893186,3.4990791896869244,13.770783094301304,83.81774336844778,2.41147353725092,35.312594994426995,38.00790353632587,26.679501469247136,62.74973401111242,25.192103085471096,12.05816290341648,19.18448533068125,52.799433026222545,17.63216679076694,18.931024186324283,4.0,30.33851394507132,70.71193311375728,33.39244996199645,4.9911325057005325,22.726121104636434,38750.0,0.4499,17656.0,53.73968253968254,7.419659735349716,56.30814427941896,62.64302059496567,20.727925575322335,98.28375286041194,25.95070997225396,0.0,4.667817083692839,6.222222222222222,24.339948231233826,29.879206212251944,35.34081104400345,16.039689387402934,3.5461604831751505,6.322222222222222,8.314757322701414,1.9925351004791922,"Pulaski County, GA",Georgia
2258,761,2.1835512754360096,2.3121041568593235,train,18141,267246,48.441136630669874,51.558863369330126,79.52859911841523,12.921428197241495,99.02180685358256,62.43302180685358,36.588785046728965,0.9781931464174456,16.01746542212461,79.05770387219913,4.9248307056762615,34.350791512293696,44.94451929194268,20.704689195763628,43.17053698496998,28.88044245432561,27.94902056070441,17.806526296029784,37.60254150619057,17.203665925768043,13.154206754832304,3.0,23.094802189071427,77.44620361746973,30.702416548208426,5.319347090828881,13.839517670702415,45471.0,0.4623,24395.0,66.17197360085004,8.214913041183875,72.49789739276703,63.7813023997361,12.504723248132033,97.73495698067566,17.67469923574798,0.5690095934467687,7.951849606729381,8.777777777777779,31.699258361210276,29.809613614422666,32.017691565074884,14.040995936328326,7.549972684343263,8.877777777777778,10.095645142542935,1.2178673647651568,"St. Joseph County, IN",Indiana
2259,2808,2.1835512754360096,2.1792241600106026,train,50019,27146,50.13998379135048,49.86001620864953,96.57039711191335,0.5120459736241068,97.50677506775068,61.680216802168026,35.82655826558265,2.4932249322493227,15.355769230769232,79.35096153846153,5.293269230769232,27.99663969580404,49.60870141928638,22.394658884909585,52.42787847842736,25.46847076844524,22.103650753127393,15.519542421353671,26.017407668783807,16.554959785522787,15.888767309361205,6.0,30.207030707239127,70.4375,40.94642857142857,8.223214285714285,17.0625,42831.0,0.4307,23213.0,60.25390158927123,5.3861386138613865,58.3938379948229,56.68752444270629,33.77738493591768,98.31834180680485,11.901003851253236,0.3128666405944466,1.3040595299491635,8.777777777777779,26.460620349222733,23.35887423561482,36.44735872688426,19.74876593236573,2.917556914462536,8.877777777777778,8.839445602296848,-0.03833217548092982,"Orleans County, VT",Vermont
2260,1074,2.376454941560501,2.7918881624279077,train,21175,13428,55.68215668751861,44.317843312481386,94.288054810843,3.232052427762884,99.41245593419508,61.574618096357234,37.83783783783785,0.5875440658049353,12.056429734129136,86.82582745523601,1.1177428106348344,23.82295891377182,49.14477164521249,27.032269441015693,63.57798165137615,24.627930682976555,11.794087665647295,27.7242085502176,69.99321113374066,31.69929969987137,26.05334692490656,6.0,15.769088897085945,58.77703826955075,45.63227953410981,15.682196339434276,28.910149750415968,29707.0,0.4647,16007.0,44.872490504612045,9.600967351874244,53.12115831170605,42.50263991552271,35.88307608250239,97.57127771911301,15.721895915858493,1.2143611404435055,1.0425975573428656,10.666666666666666,24.92552874590409,29.475722371164732,36.71432826928806,14.566577301161749,2.479892761394102,10.766666666666664,16.31179005213976,5.5451233854730955,"Morgan County, KY",Kentucky
2261,2509,2.4462043207689623,2.72208156736865,train,47177,40015,49.48394352117956,50.51605647882044,91.94302136698738,1.3120079970011247,99.25771040250916,63.65917407213801,35.59853633037115,0.7422895974908521,15.517936316001613,80.4950960634153,3.9869676205830986,23.447651174412798,47.59495252373814,28.95739630184908,64.3831597476896,22.09549655273581,13.521343699574592,21.157851953462373,43.37386018237083,22.3862288915239,19.27665071043234,5.0,24.73220739961885,69.78481578443267,39.397228784879644,6.334205989400421,21.141689547283057,35376.0,0.4733,20534.0,58.3648093057459,7.55970448427925,57.39045681837443,58.12628580471594,25.57420120349182,98.57572400696311,20.819560979744047,0.3006804874188954,8.399350243658628,11.444444444444445,30.12620267399725,26.460077470948395,33.27752092965138,16.35636636261402,6.744970636011495,11.544444444444444,15.211954018797204,3.66750957435276,"Warren County, TN",Tennessee
2262,61,1.8440707637960658,2.2178857616217282,train,1123,41153,47.610137778533755,52.38986222146622,70.29378174130683,27.71122396909095,99.6153846153846,50.56561085972851,49.0497737556561,0.38461538461538464,13.828780518579268,84.10194940382311,2.0692700775976283,26.37142013581341,47.844700324771175,25.783879539415413,54.61463954614639,28.051058530510588,17.334301923343016,22.471716250523773,67.17354115187226,21.314855113961748,17.547272011030135,6.0,30.702080237741466,66.10304478343441,42.15524107088158,7.749800894443423,18.59952214666421,39206.0,0.4523,21177.0,54.09743202416919,8.312972658522396,64.55800197173842,68.46071044133477,21.812356227407165,97.8740581270183,19.343575418994405,0.09418729817007536,2.471265764342818,6.222222222222222,27.672344665030494,24.309284863800936,35.2853983913688,18.9026316428936,1.994994289602216,6.322222222222222,9.187884937511802,2.86566271528958,"Tallapoosa County, AL",Alabama
2263,272,2.4069451083182885,2.3071634535083927,train,8065,7362,54.61831024178212,45.38168975821787,87.06873132301007,0.06791632708503123,100.0,80.63725490196079,19.362745098039216,0.0,18.604233943308216,77.502691065662,3.893074991029781,27.559316409490624,49.70963995354239,22.731043636966987,43.46,29.1,27.44,11.540592962039346,16.23931623931624,12.14615539048384,9.377138945927447,6.0,28.48167539267016,82.94214876033058,17.71900826446281,3.6363636363636362,10.016528925619834,45367.0,0.3792,24399.0,76.7318878900053,5.4674936825178015,61.85897435897437,66.51982378854625,14.282852564102564,91.77679882525698,24.77964743589744,0.0,37.67997826677533,11.0,29.584352078239608,31.37734311328444,37.00081499592502,9.453952730236347,12.863352349904915,11.1,10.045888572199672,-1.0541114278003274,"Lake County, CO",Colorado
2264,1369,2.232401036136941,2.268494021773126,train,27123,527411,48.59360157448365,51.40639842551635,69.12483812434704,11.146714801170244,99.39190400886876,64.6790785633936,34.71282544547515,0.6080959911312541,17.668823021227578,74.72205652460096,7.609120454171466,38.92565200467108,41.75306981846492,19.321278176864013,31.963618082321602,27.66089001635337,40.37549190132503,16.462929264423963,32.10381028973852,16.324745264106852,11.373644856954998,1.0,20.021719448058857,79.37705758084087,26.704438331794428,5.580183411728876,14.075424085237627,56104.0,0.4609,30333.0,70.73497860776914,6.841614643654134,71.82413960309741,71.61274250303616,19.345952587066005,96.66801606825895,11.603942252486222,0.5963317036714103,7.300757852983726,9.222222222222221,30.044879610019514,33.0855822119751,30.91611665285707,12.677968415524138,19.728447074482716,9.32222222222222,9.664834817987076,0.3426125957648569,"Ramsey County, MN",Minnesota
2265,357,2.902031908413565,2.840433794682003,train,12087,75901,52.90971133450152,47.09028866549848,89.10027535869094,6.5480033201143595,98.62822193097422,63.96679772826562,34.66142420270861,1.3717780690257757,15.086934843099096,72.73092821642835,12.182136940472553,29.610640287118866,41.03507554965769,29.354284163223447,37.03590785907859,31.65819783197832,31.305894308943092,13.434199564644866,24.219353414984003,14.094759848991167,12.724405628335758,5.0,35.33031445747014,74.33068142511242,36.285022483569705,3.289519197509512,7.367692839847803,57290.0,0.5093,36208.0,64.61214528401206,5.97442354219128,61.771148430165844,57.25128761181893,10.762490873057263,96.08294930875576,30.530927297381872,0.8945513689346707,22.035282802598118,18.11111111111111,19.599214766603872,24.91139774179523,40.33148443367018,19.599214766603872,4.351721321194714,18.211111111111116,17.123191875850964,-1.087919235260152,"Monroe County, FL",Florida
2266,212,2.5977391802845275,2.6620912203013125,train,6057,98570,49.37404889925941,50.62595110074058,92.3688749112306,0.4879780866389368,99.8870311793945,73.96068685042928,25.92634432896521,0.11296882060551287,14.819880296623461,77.56377278944001,7.616346913936535,24.90656035311288,51.45647195624058,23.636967690646554,26.310591609507966,40.01379926133366,33.675609129158374,12.652697919011276,20.65974593634749,13.207413795540981,14.20844516380176,5.0,35.252709598122834,69.39477471763472,40.97040958212378,5.525333593540361,7.5403117605444825,56521.0,0.4461,32442.0,57.08847762390123,9.611335321986314,66.35810950058391,71.73430710918001,18.87923335852168,97.69344550244983,19.262210620320122,0.2727188684478136,9.031145378918536,13.333333333333336,23.82469311149437,21.804808765344426,37.797504311656695,22.329309120422035,7.1431470021304655,13.433333333333332,14.32621707075883,0.8928837374254979,"Nevada County, CA",California
2267,1926,2.118929313186954,2.180706000166004,train,37085,124320,49.29295366795368,50.707046332046325,67.93838481338481,20.961229086229086,99.47958013583842,67.8015936020699,31.677986533768486,0.5204198641615948,11.50481139559214,83.9781101619894,4.517078442418459,29.144875436261312,48.45251695261652,22.40260761112217,45.20567248690127,35.22117318507321,19.57315432802552,18.290946420292734,31.58348013309845,19.173513047995296,13.373131800668952,5.0,42.610949595432416,78.19178852643421,26.481064866891646,4.764248218972629,15.92379077615298,46353.0,0.4269,20864.0,61.61854112384147,10.976810642775774,66.66619746065707,65.24713659774002,16.7844373750739,97.70159120608808,21.99543931758678,0.5918979168268123,11.696428571428573,8.222222222222221,34.441763191763194,31.726994851994853,30.088481338481326,10.791505791505791,11.100386100386102,8.322222222222221,8.852553957586773,0.5303317353645518,"Harnett County, NC",North Carolina
2268,2996,1.928295602354331,2.221904809760167,train,54023,11815,49.77570884468896,50.22429115531104,97.37621667371984,1.3796022005924673,98.95309882747068,69.59798994974875,29.355108877721943,1.0469011725293134,12.068409164246535,82.01570399053459,5.915886845218887,26.865822784810128,47.10886075949367,26.025316455696203,68.35796578610497,19.31804957523566,12.323984638659375,15.356254822944354,24.655355249204675,16.60405709992487,16.514310123878687,6.0,27.701125026533646,68.52694610778444,41.94011976047904,3.8083832335329335,11.688622754491018,39088.0,0.4018,20052.0,56.72250859106529,6.6641423703142735,68.51316170089673,61.05087572977481,21.44923343939832,98.12343619683071,14.593578247035005,0.0,0.6263224714346171,6.777777777777778,25.950063478628863,22.894625476089722,35.71730850613628,21.134151502327548,1.2441811256876851,6.877777777777777,9.224885793671685,2.347108015893908,"Grant County, WV",West Virginia
2269,168,2.334299068483573,2.467502229269008,train,5119,390463,47.96664472690114,52.03335527309886,58.626553604310786,35.70146211036641,99.45218208732672,55.2150752574312,44.237106829895524,0.5478179126732866,18.141295782368864,75.7039092746771,6.154794942954054,34.36129697664661,40.834649250647814,24.80405377270558,37.30624150516944,29.81437363510026,32.8793848597303,17.632167254769087,35.064077156823885,17.67185317211812,13.721867521067688,3.0,31.04355689218984,77.19722510373444,29.58765560165975,5.886929460580912,13.419994813278008,46140.0,0.4907,27708.0,66.0419669482038,7.29393468118196,68.36914058479917,64.66663954765488,16.94295676372154,96.83927917666679,18.813112081705576,0.6162795427734614,5.910931381462523,10.222222222222221,29.73751674294364,31.018816123422713,32.15618381255074,13.030684085303859,5.671984285322808,10.32222222222222,11.79295393853269,1.4707317163104712,"Pulaski County, AR",Arkansas
2270,3035,3.11548866949555,3.015554106978386,train,54101,8927,49.14304917665509,50.856950823344896,97.9836451215414,0.12322168701691498,99.28295642581358,56.260341974627686,43.022614451185895,0.7170435741864313,14.852607709750568,81.78854875283447,3.358843537414966,20.302375809935207,51.957343412526996,27.740280777537798,72.01785439433584,18.700938894874557,9.281206710789595,26.08548168249661,55.20833333333334,31.030640668523677,23.12549329123914,6.0,25.302220972729828,59.04296372523798,41.93465397478776,7.280679187033702,30.76923076923077,29086.0,0.4751,17864.0,48.653628117913826,14.855811243810079,45.9551197435414,51.853964632059316,35.24420139543655,100.0,22.911559494625678,0.0,0.2576453455808222,22.44444444444445,25.52929315559539,20.667637504200734,38.792427467234226,20.230760613868046,1.8931331914416936,22.544444444444455,20.400391808778146,-2.144052635666309,"Webster County, WV",West Virginia
2271,1483,2.5640942911418034,2.430544733265787,train,29013,16643,49.203869494682465,50.796130505317535,95.46355825271885,0.5107252298263534,99.27842746951978,64.17019158994775,35.10823587957203,0.7215725304802191,16.136105246061394,80.27448432678253,3.5894104271560825,20.14291086874765,51.5983452425724,28.25874388867995,58.29246935201401,28.563922942206656,13.143607705779333,18.4641932700604,34.65928744379107,19.286197891478864,18.961404367239584,2.0,28.4182944259171,71.64424514200299,37.24962630792227,6.726457399103139,16.696562032884906,41060.0,0.4263,21715.0,60.79974044934707,6.216648879402348,68.43396628973757,69.30626057529611,16.03371026242799,98.17258883248728,19.543417964582886,0.10152284263959392,2.0969777083458507,12.888888888888893,30.601454064771982,23.968034609144983,33.07096076428529,18.656492218950913,4.025716517454787,12.98888888888889,11.365071326523774,-1.623817562365117,"Bates County, MO",Missouri
2272,2942,2.158201375540483,2.096190398908841,train,51810,448290,49.13671953423008,50.86328046576993,67.74074817640367,19.308260277945077,98.99862613440665,66.38383095648136,32.614795177925274,1.0013738655933744,12.100579668487113,81.7146929194213,6.184727412091597,31.010018999646515,47.33922101449276,21.65075998586073,29.03954953837073,37.11277973593398,33.84767072569529,8.307620415484102,14.16706721364617,7.590493624989143,10.089161794017578,1.0,55.93310268861411,83.88012656248121,24.775327534558052,3.2242153005858927,7.431335041686218,66634.0,0.4124,32269.0,70.6021886960141,5.893355790966713,81.02131156726871,76.82621104597347,8.724481219298081,96.98974082073437,13.972244532023385,0.6537334156124652,7.5058555845546415,8.555555555555555,29.37361975506926,33.37683196145353,31.74083740435879,11.809096790024315,12.95099154565125,8.655555555555555,8.13511924563879,-0.5204363099167644,"Virginia Beach city, VA",Virginia
2273,1558,1.9600947840472698,2.091812392764279,train,29163,18517,55.478749257439105,44.5212507425609,89.74995949667873,6.453529189393531,99.06010388325501,69.32970566411079,29.730398219144202,0.9398961167449914,15.039881588685141,82.69056820985116,2.2695502014636952,28.240710292666893,45.24827359421243,26.51101611312068,64.72431077694235,22.59555137844612,12.680137844611528,15.308702892740396,24.81203007518797,16.035677009203912,16.280499047384918,6.0,34.52520921225534,73.73229785290086,37.96253997259023,7.065631186234202,17.694533272422714,41750.0,0.4127,19005.0,62.278045986416814,6.122717119957956,67.47907173890007,62.10488505747126,17.505563208646816,99.53304597701151,19.720250079474408,0.0,2.1115731489982177,7.0,28.211913376896906,28.40092887616785,33.536750013501106,16.19052762326511,3.7965113139277418,7.1000000000000005,8.09958149260768,0.9995814926076791,"Pike County, MO",Missouri
2274,2741,2.1959892467282267,2.2958027166218526,train,48451,115056,49.46547768043389,50.534522319566115,86.22670699485468,4.370915032679738,99.83619983619984,63.3087633087633,36.527436527436535,0.16380016380016382,15.714494804117674,78.97253256574133,5.3129726301409965,31.174277726001865,43.738485879624605,25.087236394373523,47.11407736991718,30.776308381054395,22.109614249028414,14.859448800843769,24.772450032842265,15.271466323634279,14.383424590253394,4.0,35.256326830018565,78.99124343257444,30.970227670753065,5.036777583187392,12.294220665499125,46711.0,0.4666,25274.0,64.07688696845322,4.6246031895110535,65.468461492644,68.82024235574809,12.880457442372984,97.28762478809568,25.70135207576389,0.6655365103283732,37.452197190933106,8.888888888888891,30.82585871227924,33.453274926992066,28.90244750382423,14.203518286747322,9.402377972465585,8.988888888888889,9.932405720315534,0.9435168314266456,"Tom Green County, TX",Texas
2275,803,0.9766538816012459,1.6644451597499883,train,19041,16537,49.18062526455826,50.81937473544172,95.88800870774628,0.7135514301263832,96.44373673036092,68.04670912951167,28.397027600849253,3.5562632696390657,16.87560270009643,80.55287688846029,2.571520411443266,22.19898416492381,54.309829698237216,23.491186136838962,43.57508014903388,37.08517459492245,19.339745256043674,11.48610852134999,25.08602890571232,9.872077635641817,13.540449092586892,5.0,29.390062014286837,76.54631961936748,36.70584942625245,3.0366638678981253,10.187517492303387,50389.0,0.4144,27138.0,69.51229278449588,3.3986175115207367,80.24989500209995,67.12791090111374,13.555228895422092,99.05501181235235,10.877782444351112,0.16874789065136686,3.0416641470641594,2.5555555555555562,28.50577492894721,24.623571385378245,33.48249380177783,19.108665416943825,3.3984398621273506,2.6555555555555563,5.28274135893412,2.627185803378564,"Clay County, IA",Iowa
2276,1812,2.5810582263605166,2.3851658011312074,train,35043,136638,49.13786794303196,50.86213205696804,69.9717501719873,2.662509697155989,99.66267302547399,62.43166220774689,37.23101081772711,0.3373269745259974,11.553093769095822,84.26603063215784,4.180875598746328,31.298118641877302,47.386592323172636,21.31528903495006,35.421327367636096,36.108917840066674,28.46975479229723,14.237985662448006,22.79595608218285,14.674243961842905,12.480493478196859,3.0,41.57842099070479,76.68523502534894,30.95491435605349,3.8451106799357415,12.655692558052197,58982.0,0.4275,26742.0,62.41696071280728,8.749822350656117,68.64645430274659,57.980338668999956,18.512964927038,95.8721498790468,17.980226505260337,1.3330588295846415,36.854315783310646,13.111111111111107,32.07965573266587,26.201349551369308,34.280361246505365,14.336421786033167,27.365740130856715,13.211111111111109,10.860863259060359,-2.3502478520507495,"Sandoval County, NM",New Mexico
2277,398,2.3867219722002453,2.1988457854721064,train,13035,23445,53.10727233951802,46.89272766048198,69.65237790573683,28.052889741949247,99.11260106487872,64.38572273713271,34.72687832774601,0.8873989351212778,11.664885927974355,86.88328829111937,1.451825780906291,33.22947499610531,43.81263955964064,22.957885444254035,67.67833820511225,22.233969774239693,10.087692020648053,20.836542164035425,48.349633251833744,20.850094876660343,14.681651507214632,2.0,24.690887303230024,73.5271417545665,34.203756110110625,7.383586313352199,23.179830203241572,41667.0,0.4381,19433.0,60.12054244098442,10.307017543859649,61.88670484445132,65.43579507651364,16.096579476861166,94.04524284763805,24.694319764742303,1.497005988023952,2.9899765408402645,10.777777777777779,27.528257624226924,29.963744934954143,34.48923011303049,13.875026658136065,2.2947323523139262,10.877777777777778,9.014602707038334,-1.8631750707394445,"Butts County, GA",Georgia
2278,1084,3.261935314328648,3.3470508121933253,train,21195,63434,48.89964372418577,51.10035627581423,97.62745530787905,0.8891130939243939,99.04895311117664,69.4337953406075,29.615157770569162,0.9510468888233559,14.780377668308704,82.93513957307059,2.284482758620689,20.081551390776653,52.705936405230005,27.21251220399333,62.91823445913979,23.768109411261072,13.31365612959917,22.89789428034501,40.27385805372635,27.065771672390465,29.552124537450556,6.0,17.809867629362213,59.23288929719798,46.049609554432706,14.637880875822995,26.328280508344807,33183.0,0.4827,20061.0,47.02984406172387,10.384382304562378,53.76095055885611,54.77761225792722,36.48172389487464,98.77633539050863,16.053267546067868,0.3192168546499255,0.7771857363558975,26.0,27.41274395434625,26.84995428319198,36.32121575180503,15.430210927893558,1.483431598196551,26.1,28.418797561720663,2.318797561720661,"Pike County, KY",Kentucky
2279,486,1.9909138641722421,2.2386463376357764,train,13215,200285,49.09054597198991,50.90945402801008,45.818209052100755,44.767706018923036,99.50162074554295,51.06564019448947,48.4359805510535,0.4983792544570502,16.218615717887708,77.81171206363862,5.969672218473668,36.83550920415399,36.12827246563005,27.03621833021595,41.3148631592151,34.5500442939235,24.135092546861404,20.462120813837334,41.59233086190917,21.034420739801817,18.376762935320727,3.0,45.84652655290392,75.1003298515668,28.642111050027484,7.7803738317757025,19.733369983507426,42306.0,0.4901,23318.0,63.031491772910535,10.57211350067999,64.93268000591824,67.2438038319564,18.47100496958198,97.72367727192827,22.532833183926755,0.5493056776234839,7.26564645380333,7.222222222222222,32.13970092618019,33.982574830866014,29.608308160870763,11.707317073170733,9.414084928976207,7.322222222222222,9.380624490700876,2.0584022684786545,"Muscogee County, GA",Georgia
2280,3065,2.1709566505156093,2.070772278881307,train,55051,5907,49.669883189436256,50.330116810563744,97.12205857457256,0.4401557474183172,95.59613319011817,63.90977443609023,31.68635875402793,4.403866809881848,19.86414162206669,78.96253602305475,1.1733223548785507,19.68198565057204,56.176071359317426,24.141942990110532,42.893890675241146,36.09860664523043,21.007502679528407,11.348627042057698,13.060179257362357,12.754629629629633,16.718372974836267,6.0,41.298231511254016,65.32646048109966,47.0103092783505,4.364261168384878,13.608247422680412,42543.0,0.42200000000000004,25435.0,55.73804146992404,6.9244935543278086,66.35429262394196,70.24952015355086,22.70253929866989,98.91234804862444,15.024183796856105,0.0,0.9141696292534282,8.666666666666666,20.602674792618927,17.470797359065514,38.919925512104285,27.848315557812768,2.437785678009142,8.766666666666667,7.93094565523036,-0.8357210114363074,"Iron County, WI",Wisconsin
2281,902,1.6072132174119893,2.0721388333337183,train,20041,19516,49.78479196556672,50.21520803443329,94.50194712031154,0.5175240828038532,99.2781316348195,73.75796178343948,25.520169851380054,0.7218683651804672,14.798701747116914,81.45846281334163,3.7428354395414685,19.1757077742826,56.628362329074925,24.19592989664249,46.51336419292221,33.447812453337306,20.038823353740483,10.50013092432574,14.314164799601693,10.938575690354163,16.80327868852459,6.0,40.97741780492827,75.03196113525951,34.78649961646638,6.0470467911020185,12.183584760930707,49096.0,0.4123,24430.0,65.19340874179585,6.533147691978152,77.97613626013298,70.23631468740652,14.98314964933054,97.54711337122343,13.134165224519535,0.0,4.416888706702194,4.888888888888889,30.44681287149006,23.84197581471613,33.849149415863906,18.17483090797295,4.980528796884609,4.988888888888889,7.941791133107585,2.952902244218696,"Dickinson County, KS",Kansas
2282,2353,2.3867219722002453,2.286959431408481,train,45087,28125,47.88266666666666,52.11733333333334,66.45688888888888,31.306666666666665,99.76778901973793,49.16238182119754,50.605407198540384,0.23221098026206666,16.460562271316753,81.99249687369738,1.5469408549858736,28.78571737344919,43.69083127998962,27.523451346561192,59.78029766123317,27.984205730484966,12.235496608281867,20.280783008286,43.7394451145959,21.19975401129312,19.82496745262549,3.0,27.653363740022808,66.03805931767529,44.03394479684554,7.208983370478313,20.03257328990228,34033.0,0.4499,19087.0,57.702446469037596,12.078223932034945,63.01049475262369,58.892481810832656,22.776611694152926,99.21180274858528,19.556221889055468,0.1818916734033953,1.1697777777777778,10.777777777777779,28.174222222222227,23.92533333333333,35.992888888888885,18.236444444444444,2.236444444444444,10.877777777777778,9.844957856769925,-1.032819921007853,"Union County, SC",South Carolina
2283,2804,2.1835512754360096,2.0833329542043115,train,50011,48418,49.568342352017844,50.431657647982156,95.46862736998636,0.4481804287661613,99.34703961881232,70.40501191211506,28.94202770669725,0.6529603811876821,12.093557024974046,83.62478823979453,4.281654735231434,28.158780338568224,52.09055680195799,19.750662859473792,48.11726734803658,28.297770605462908,23.58496204650051,8.654548490097461,13.400605449041375,8.325457767277022,12.804177545691905,4.0,28.205197617758518,80.27294621354028,30.917848541610926,6.588172330746588,16.59084827401659,58199.0,0.41700000000000004,28394.0,71.83753900049264,4.7698872295032,70.70673712021136,68.02492809204217,24.593791281373854,97.34739533397251,8.183619550858651,0.15979546180888465,1.3445412862984842,8.777777777777779,30.03015407493081,26.806146474451648,36.33359494402908,13.44541286298484,4.083192201247471,8.877777777777778,8.031191951208733,-0.8465858265690454,"Franklin County, VT",Vermont
2284,1424,2.7856968781925207,2.514373067375609,train,28059,140676,49.18038613551708,50.819613864482925,72.28382950894253,21.82603997839006,99.60549979694841,62.1018738759645,37.50362592098393,0.3945002030515751,12.814311965038893,82.87934038521959,4.306347649741505,29.638223063056632,44.93119634475004,25.430580592193326,43.907251570515896,35.99867746029715,20.094070969186962,15.36054206922293,24.77785497495155,16.14644864250146,17.796488507974793,3.0,37.848876786929885,73.6216711118188,33.416265276063854,5.204808725767286,15.373591815612436,48406.0,0.4554,24001.0,61.161612789377784,8.827199001871492,63.76171897746462,59.666877503689655,15.43935247190357,97.57537423571578,25.333954463401852,0.5692599620493358,5.3598339446671766,16.11111111111111,31.090591145611192,28.31684153658051,33.44493730273821,13.710227757399984,5.890130512667406,16.211111111111112,12.358858178421563,-3.8522529326895487,"Jackson County, MS",Mississippi
2285,685,2.2082744135228043,2.1274217656891024,train,17193,14464,48.4375,51.5625,98.17477876106192,0.40099557522123896,99.23249120562842,72.88135593220339,26.35113527342501,0.7675087943716021,16.617995984668735,81.4473444059135,1.9346596094177768,19.96109278524909,57.08365051171446,22.95525670303645,47.431672804807135,38.95134716030238,13.616980034890485,13.609887768148885,21.493480837613593,14.24566503997508,19.115357395612172,6.0,30.98056537102474,70.70166909739102,39.199481445470745,4.9262680278723066,14.600550964187331,44648.0,0.4584,25534.0,59.80187221666819,8.085106382978722,67.27900382197016,66.63208852005532,22.697571199605473,98.13278008298755,14.165947478732585,0.0,1.27212389380531,9.0,27.02571902654867,24.274059734513273,32.425331858407084,21.563882743362832,1.424225663716814,9.1,8.393199257123772,-0.7068007428762275,"White County, IL",Illinois
2286,817,0.7934951543942272,1.5054991816860872,train,19069,10489,49.98569930403279,50.01430069596721,92.09648202879208,1.0677852988845458,100.0,67.90123456790124,32.09876543209877,0.0,13.555668272888665,81.84123763631752,4.603094090793812,24.377287215204817,56.23893282965411,19.38377995514107,49.95229657898324,33.351506065149245,16.696197355867525,13.273993808049536,27.62605042016807,11.983002832861187,12.877321981424148,6.0,25.53666708028291,73.3677782996712,37.05965241897604,3.1470173790511984,14.372945044621888,48605.0,0.4218,25417.0,64.88742727042752,3.996101364522417,76.02671118530886,78.49686847599166,15.843071786310515,98.90396659707724,11.469115191986644,0.208768267223382,11.507293354943275,2.1111111111111107,28.992277624177703,23.15759366955859,34.20726475355133,19.46801411002002,6.835732672323386,2.211111111111111,4.506402582563242,2.295291471452131,"Franklin County, IA",Iowa
2287,1527,1.4891517465595983,1.705032673450085,train,29101,54155,51.36737143384728,48.63262856615272,89.33247160926969,4.4077185855415015,99.32705248990578,75.97577388963661,23.35127860026918,0.6729475100942126,12.156478958922946,77.45126563863835,10.3922554024387,35.269625036772204,48.17723065782625,16.553144305401553,39.72341594235678,33.810462373582354,26.466121684060873,16.966015498869876,20.406688687035512,20.440601455955747,11.68404598428936,5.0,46.98409472026018,83.80651945320714,24.820990436132394,4.0308447248510335,13.384407390716536,49792.0,0.4139,22722.0,66.18773946360153,7.7873821723315215,78.46678646483721,70.56082830025885,11.05594980659702,98.9646246764452,14.710809246794385,0.638481449525453,3.8057427753670017,4.333333333333333,30.30006462930477,39.91505862801218,26.64943218539378,11.419074877665956,6.25980980518881,4.433333333333333,5.501565419398038,1.0682320860647057,"Johnson County, MO",Missouri
2288,3127,2.538096293116917,2.222602834656773,train,56031,8750,51.37142857142857,48.62857142857143,94.25142857142859,0.03428571428571429,99.30875576036863,54.66589861751152,44.64285714285715,0.6912442396313364,17.640237715610958,78.33019278156254,4.029569502826496,18.906761177753545,51.458560523446025,29.63467829880044,38.550997956938545,39.77683482633977,21.67216721672167,16.127536231884058,47.21984602224123,13.833470733718054,16.53935185185185,6.0,38.479098302182905,73.31027142096859,42.36295902075572,3.7253858435337945,8.355508249068654,38500.0,0.429,25899.0,60.182502896871384,2.3104693140794224,64.99392958316471,63.65953109072375,15.196276811007689,96.2283384301733,23.12828814245245,1.019367991845056,7.68,12.555555555555555,24.754285714285718,20.60571428571429,36.68571428571428,22.868571428571425,5.714285714285714,12.655555555555553,9.231327241507955,-3.424228314047598,"Platte County, WY",Wyoming
2289,746,2.1959892467282267,2.2818240218889363,train,18111,14057,50.50864338052216,49.49135661947784,97.02639254463968,0.27744184392117804,99.1321118611379,61.42719382835102,37.70491803278689,0.8678881388621021,12.9912460420935,82.15682622462283,4.851927733283666,23.68695652173913,50.80869565217392,25.50434782608696,63.48674184699786,26.83125063496901,9.682007518033119,13.696250180975824,30.834752981260646,12.199707541257572,14.479572686588712,2.0,24.91548652352673,74.81947787446771,35.6785780411035,4.2214404739862985,13.608591001666358,46895.0,0.40299999999999997,23154.0,62.25097747160677,8.867952744130402,69.08961761572155,68.71459694989107,13.164437078252632,97.4727668845316,20.338581744998226,0.0,5.648431386497832,8.888888888888891,28.398662588034433,23.305114889378963,37.31948495411539,17.23696379028242,2.6961656114391412,8.988888888888889,9.79452956227091,0.8056406733820207,"Newton County, IN",Indiana
2290,885,2.4462043207689623,1.6070514340677386,train,20007,4770,50.23060796645702,49.76939203354298,95.9538784067086,0.3354297693920335,97.5925925925926,78.24074074074075,19.35185185185185,2.4074074074074074,16.84528716680407,80.4341852157186,2.7205276174773294,18.3359415753782,59.80699008868024,21.857068335941573,45.03271861986914,34.800713860797146,20.16656751933373,10.870027653690704,18.46846846846847,10.50878255602665,13.82956227532248,6.0,29.51219512195122,77.53659767794043,38.919737506309936,2.7258960121150935,6.915699141847553,51811.0,0.4302,28174.0,65.11372978898329,2.9882154882154883,76.0,77.48917748917748,14.091743119266054,98.91774891774892,14.091743119266054,0.0,3.354297693920336,11.444444444444445,27.651991614255767,22.431865828092235,34.77987421383648,20.14675052410902,3.710691823899371,11.544444444444444,4.988081835046045,-6.556362609398399,"Barber County, KS",Kansas
2291,785,1.62924053973028,1.5289738476352002,train,19005,14060,50.98862019914652,49.01137980085348,96.67140825035558,0.7041251778093883,98.72733057588293,82.8825962456252,15.844734330257713,1.2726694241170855,16.29032258064516,80.99620493358634,2.7134724857685013,20.796924152394265,59.27997203774904,19.92310380985669,53.6563255439162,30.066478646253014,16.277195809830786,10.893548622780745,18.105423987776927,10.618083107120484,11.510215952883007,6.0,30.37974683544304,78.48875661375662,37.003968253968246,3.4226190476190483,11.276455026455029,45890.0,0.4277,26077.0,67.81500707881078,6.1238691718858735,76.01424392725424,73.02342606149341,13.620755436856161,99.56076134699852,13.900546865064225,0.43923865300146414,5.4409672830725455,5.0,28.364153627311527,21.83499288762447,34.92176386913229,20.782361308677093,2.6244665718349927,5.1,4.613440299844998,-0.4865597001550013,"Allamakee County, IA",Iowa
2292,1160,2.0918640616783932,1.874347807834993,train,22107,4893,48.27304312282853,51.72695687717147,42.7549560596771,56.46842427958308,100.0,31.484502446982056,68.51549755301795,0.0,21.523647691872,77.54177286887567,0.9345794392523364,40.655653071760455,31.724315952503872,27.620030975735673,66.26686656671664,23.47826086956522,10.25487256371814,35.42148412865252,105.70469798657714,42.60904684975768,14.757199915913393,6.0,27.161167166621212,62.402088772845964,39.530026109660575,13.159268929503913,15.926892950391645,22940.0,0.5047,16912.0,54.5737751345228,15.672029060716138,40.22411128284389,59.915164369035,23.14528593508501,90.34994697773064,40.1854714064915,5.090137857900318,1.6758634784385855,8.0,31.14653586756591,21.438790108318006,34.232577151032075,19.272430002043734,0.7766196607398324,8.100000000000001,6.516567679719232,-1.5834323202807692,"Tensas Parish, LA",Louisiana
2293,776,2.0059743897979634,2.0048477781227243,train,18171,8367,49.70718298075774,50.29281701924226,98.08772558862196,0.5617306083422972,100.0,66.95842450765865,33.04157549234136,0.0,11.478206917946329,86.4433069644796,2.078486117574065,19.743925505601627,58.54794121926379,21.708133275134593,55.04803640653971,26.31046688016181,18.6414967132985,9.083098072910275,15.961800818553884,8.517084665881166,15.842900302114804,6.0,29.68343783453127,77.94251134644477,35.642965204236006,3.9031770045385774,7.987897125567322,56042.0,0.3876,27731.0,65.14657980456026,5.595238095238097,83.71480656268989,70.0,11.99108770508406,98.14569536423842,9.378164877455944,0.0,1.2668817975379467,7.333333333333332,27.91920640611928,23.532926975020914,35.974662364049244,18.644675510935816,1.3505438030357355,7.433333333333334,7.424963568836536,-0.008369764496797494,"Warren County, IN",Indiana
2294,320,2.1959892467282267,2.2962280046891914,train,12013,14615,54.67670201847417,45.32329798152583,81.25213821416351,13.431406089633935,97.58298420883014,60.19980663873672,37.38317757009346,2.417015791169836,14.267676767676768,81.96548821548821,3.766835016835017,28.678553574404262,40.98483586068989,30.336610564905854,62.21189231067209,27.261282200271157,10.526825489056751,19.283768626822624,27.42832691484809,22.82243473765831,22.64600715137068,6.0,35.92689295039164,63.54515050167224,43.29013377926421,8.02675585284281,24.83277591973244,34510.0,0.4476,16536.0,54.8723897911833,9.878916009994237,49.84654017857143,55.70440795159897,24.232700892857146,98.14174589455489,29.84095982142857,1.5989628349178908,5.576462538487856,8.888888888888891,26.144372220321582,27.909681833732467,33.657201505302766,17.201505302771125,5.316455696202532,8.988888888888889,9.936630752312517,0.9477418634236283,"Calhoun County, FL",Florida
2295,3124,2.465270675271141,2.4219626497176368,train,56025,80011,50.61179087875417,49.38820912124583,92.5510242341678,1.1148467085775706,98.7155190566435,66.03495472731102,32.68056432933249,1.284480943356496,16.18550627051595,78.28297281373622,5.5315209157478336,27.31543834372161,48.18022363516772,24.50433802111066,36.22738244484778,41.91007241359953,21.862545141552683,10.736360850020434,16.52428758495978,10.688822874118083,12.946558694192044,4.0,31.72337909741838,81.88976377952756,26.591142510348266,5.066757959602875,7.839780896953099,56871.0,0.4372,30783.0,71.6376027259972,4.989740720014923,71.56548247623981,65.68860419464819,11.691804977186234,97.91300754210144,20.088067106338038,0.5992354582084927,7.963904963067577,11.666666666666664,29.92213570634038,31.273199935008932,32.25556485983177,12.607016535226407,6.3341290572546285,11.766666666666662,11.267952671158556,-0.4987139955081066,"Natrona County, WY",Wyoming
2296,837,1.0570183913692728,1.2564292560177626,train,19109,15280,49.92801047120419,50.07198952879581,97.67670157068062,0.3730366492146597,99.70475346914671,77.08886920578685,22.615884263359906,0.2952465308532625,18.76025209358543,80.27281360614694,0.9669343002676336,22.171547447591614,58.75340054408705,19.07505200832133,44.11302982731554,36.80856958167883,19.07840059100564,9.049079754601227,16.90434782608696,8.091787439613526,12.934362934362936,6.0,33.22122256789708,75.94823739402052,37.334523278298384,3.7037037037037033,8.418860627695969,51496.0,0.4320000000000001,28952.0,66.86721100128922,1.9537275064267352,85.87123449497932,69.74763406940063,10.336680448907263,99.05362776025237,7.1707028942705255,0.0,1.832460732984293,2.7777777777777777,28.50785340314136,21.675392670157066,34.024869109947645,22.133507853403138,1.950261780104712,2.877777777777778,3.5128555580143472,0.635077780236569,"Kossuth County, IA",Iowa
2297,2910,2.3968846612924475,2.2829397473246553,train,51530,6666,45.93459345934593,54.06540654065408,90.27902790279028,1.05010501050105,100.0,61.37640449438202,38.62359550561798,0.0,17.406861713323508,79.05704062302674,3.536097663649758,34.54018826937002,45.67342505430848,19.786386676321506,58.64588407208964,24.914758889430104,16.439357038480274,28.421052631578945,65.19721577726219,33.530073074761106,13.611532625189682,6.0,18.449197860962567,73.2188527584947,37.157471684325905,2.849835586408477,17.647058823529417,29097.0,0.4257,15707.0,58.46899224806202,6.827974809413326,65.09615384615385,59.0,14.711538461538465,100.0,23.89423076923077,0.0,1.3651365136513651,10.888888888888893,31.683168316831683,37.38373837383738,25.097509750975103,16.066606660666068,8.67086708670867,10.988888888888894,9.805463666629342,-1.1834252222595527,"Buena Vista city, VA",Virginia
2298,1443,2.1959892467282267,1.7457725264462065,train,28097,10464,46.8941131498471,53.1058868501529,53.54548929663608,45.0401376146789,99.37759336099586,46.30705394190871,53.07053941908714,0.6224066390041494,14.969077369683196,84.29887668812319,0.7320459421936135,29.77035984848485,46.63825757575758,23.59138257575757,58.88214904679376,25.34662045060659,15.771230502599654,29.585913312693496,99.91714995857498,30.505682754076762,19.048999710060887,6.0,21.71641791044776,62.3093170617226,42.40788547289369,12.954705468199954,20.2769302980521,30146.0,0.4799,17674.0,49.198535908115616,7.978450487429451,59.14774596906879,55.39295392953929,28.677196446199414,97.50677506775068,17.47285291214215,0.10840108401084013,1.0798929663608563,8.888888888888891,29.845183486238536,24.713302752293572,33.69648318042813,18.425076452599388,1.4143730886850154,8.988888888888889,5.730326594780233,-3.258562294108656,"Montgomery County, MS",Mississippi
2299,3080,2.8773240425036892,2.582365024932299,train,55079,955939,48.308940214804494,51.691059785195506,61.84453192096985,26.39990627016996,99.28098407832321,50.407541981734255,48.87344209658895,0.719015921676793,19.121454424714802,74.04994540039472,6.828600174890479,43.59394349424141,36.00629863938311,20.39975786637548,41.579886722547634,29.277368532213767,29.14274474523859,21.531935940766946,46.601086942751806,22.180237360344304,13.261175884046704,1.0,20.125813208306166,76.99959393788559,27.08512895746827,7.500884167507173,23.32735155809963,43873.0,0.4743,24984.0,68.0623633660155,9.086764490488893,65.0973057994821,59.559477765066916,22.42110980266447,97.05107951553448,15.413298431580328,0.772638956982804,14.029556279218653,17.666666666666668,31.350954401902214,32.86056955517036,30.668902513654114,11.911534104163547,11.75556180886019,17.76666666666667,13.228386657614031,-4.538280009052638,"Milwaukee County, WI",Wisconsin
2300,706,2.4267673628924595,2.205114388464204,train,18031,26240,49.48551829268293,50.51448170731707,96.23094512195122,0.7774390243902439,98.71224896520006,61.01487045837805,37.69737850682201,1.2877510347999386,13.332644307787714,84.63645289649114,2.0309027957211514,24.192620987062767,51.78246286535697,24.024916147580253,56.72564364296247,27.02733356016786,16.247022796869686,14.151565713398785,29.35444579780755,12.797999767414815,14.042126379137411,5.0,26.748491149769233,77.66527695056581,32.261266626960484,5.409966249751837,10.958904109589039,49799.0,0.3907,23346.0,68.21485643589877,6.362880677095141,73.4648139847602,69.75145425700687,11.871678299289234,97.96404019037548,17.557789588269195,0.0,1.8216463414634143,11.222222222222221,31.59298780487805,25.68216463414634,34.26067073170732,15.198170731707318,2.991615853658536,11.32222222222222,9.071289159346318,-2.2509330628759017,"Decatur County, IN",Indiana
2301,2517,1.86149280724273,1.7612454830372093,train,48003,16775,51.010432190760056,48.989567809239944,92.33979135618479,1.9612518628912068,98.48930743574651,75.49538944477143,22.99391799097508,1.5106925642534823,8.795576291688267,89.2604112666321,1.9440124416796267,24.945787486948838,55.01566139265922,20.038551120391933,59.13827655310622,29.178356713426858,11.683366733466933,12.25720834841356,20.52023121387284,11.352703482778525,11.436791943894985,5.0,22.06411794959712,85.28122717311906,24.08692476260044,3.9992695398100806,9.696859021183348,70423.0,0.4425,29423.0,70.01036806635562,3.5172158459829688,70.29225670382645,48.1756338899196,8.185196344280406,95.05256648113793,24.26433664758461,2.782931354359926,53.204172876304035,6.333333333333332,38.68852459016394,30.473919523099852,28.94187779433681,10.12816691505216,5.698956780923995,6.433333333333332,5.819681196662178,-0.6136521366711536,"Andrews County, TX",Texas
2302,844,2.0354316006833932,1.8461217053168817,train,19123,22396,50.017860332202176,49.982139667797824,95.46347562064655,1.3841757456688697,99.32457786116323,71.03189493433395,28.292682926829265,0.6754221388367729,16.502778965369814,80.15635497465338,3.3408660599767908,25.398239946530023,52.05525231146263,22.54650774200736,46.17336716976092,31.11393081340991,22.712702016829173,14.735487429333089,21.06709411495305,16.116751269035532,13.098998285353307,5.0,24.535054268113807,78.26665188961542,33.979829325058176,5.253241715615649,16.247367837747973,48726.0,0.4442,25228.0,68.70428732829875,7.87606023887831,77.34310097424665,70.02237136465325,17.181481761196284,98.74161073825505,9.198701004455858,0.2796420581655481,1.8753348812287909,7.555555555555554,30.94302554027505,26.28594391855688,32.96570816217181,16.882479014109663,3.1523486336845865,7.655555555555553,6.335202036151447,-1.3203535194041063,"Mahaska County, IA",Iowa
2303,680,2.5203810379816605,2.279392413063121,train,17183,80368,49.647869798924944,50.35213020107505,82.78916981883336,13.837597053553653,98.10358155114662,52.053594434424106,46.0499871167225,1.8964184488533882,16.688895728600258,79.65185869156322,3.6592455798365293,29.01484270467063,43.85132401904347,27.133833276285905,53.83026973211158,32.4157893766478,13.753940891240616,18.833367800641085,40.9574067093856,18.448679641443924,15.419782809138407,4.0,32.343965347509354,70.15001110018711,36.456185975706454,5.413719831277156,16.421933969744064,42977.0,0.4308,22233.0,61.23336003681672,10.430062630480167,65.11868359108608,74.06145927944294,24.495677233429394,97.44171964880412,14.616010735420288,0.5525280048440812,4.6224865618156485,12.333333333333336,30.73860242882739,25.84361935098547,32.945948636273144,17.047829982082426,3.373233127612981,12.433333333333337,9.7707420304495,-2.662591302883838,"Vermilion County, IL",Illinois
2304,1359,1.296248080435107,1.3160372248950394,train,27103,33086,49.84585625340023,50.15414374659977,93.60756815571541,2.4360756815571545,99.22003284072252,72.97482211275316,26.24521072796935,0.7799671592775042,14.518881547280445,78.75552443880456,6.725594013915023,34.24743951313641,49.48419177675522,16.26836871010836,32.8693940672009,34.64548479310183,32.48512113969727,12.412132257224679,12.054751905428526,14.835245301440079,10.481371178508477,4.0,21.93473193473193,83.82294718505028,27.254731174281417,2.0270805289413256,10.167075777971336,58640.0,0.409,28118.0,74.40034377685757,3.7070097138356526,82.51047206664471,75.3619857504022,15.051536687532355,98.66697310962999,5.821998399774087,0.3907147782119053,4.0591186604606175,3.5555555555555562,30.768300791875717,32.751012512845314,31.641782022607757,13.437707791815267,3.956356162727437,3.6555555555555563,3.7286163940034895,0.07306083844793321,"Nicollet County, MN",Minnesota
2305,2907,1.67189092708065,1.8482159552193151,train,51199,66471,49.14173098042755,50.85826901957245,77.04863775180155,13.509650825171876,99.5111219750672,78.44047910046444,21.07064287460279,0.4888780249327793,8.470062010775644,88.11222933821287,3.4177086510114867,24.535343873666054,59.19653406853092,16.268122057803033,25.54933806469224,32.27332696419635,42.17733497111141,6.420432820983407,8.907563025210084,6.203575747106582,10.066479725259144,2.0,62.14081524616199,82.60615910322123,27.890986373296666,1.958578155602784,4.267200066675001,81749.0,0.3879,35876.0,67.20236073369566,5.717896066972044,88.15973044828766,82.69884805266045,7.483745294690567,95.85298957761931,8.520887625365239,0.5704882062534283,5.453506040228069,5.222222222222221,32.212543816100265,25.970724075160604,35.53880639677453,13.857170796287106,9.441711423026582,5.322222222222221,6.348483434827273,1.0262612126050517,"York County, VA",Virginia
2306,2732,0.6875761355104899,1.4794620134571306,train,48433,1414,51.06082036775106,48.93917963224894,89.03818953323903,4.101838755304103,100.0,80.81841432225065,19.18158567774936,0.0,18.62139917695473,80.55555555555556,0.8230452674897121,13.138686131386864,59.671532846715316,27.189781021897808,57.11462450592886,27.27272727272727,15.612648221343873,19.469026548672566,44.360902255639104,17.675544794188863,20.46955245781365,6.0,40.76246334310851,67.75862068965517,44.31034482758621,5.172413793103448,10.86206896551724,42155.0,0.4558,22416.0,59.5679012345679,7.081174438687392,65.74675324675324,69.9438202247191,9.57792207792208,100.0,26.623376623376625,0.0,20.15558698727016,1.8888888888888888,33.026874115983034,13.083451202263086,32.46110325318246,26.8033946251768,6.85997171145686,1.988888888888889,4.390582970868958,2.401694081980069,"Stonewall County, TX",Texas
2307,108,2.334299068483573,2.2344869128478067,train,4027,202987,51.12593417312439,48.87406582687562,77.141393291196,2.118362259652096,99.13299647605021,68.55853672179441,30.57445975425577,0.8670035239498071,9.43096069377182,88.67271089086609,1.8963284153620903,27.85544177937247,52.751369209680156,19.39318901094736,53.88406028227414,31.74946176540946,14.366477952316403,20.697125456013246,40.81389183457052,21.37458507106988,11.567755535381822,4.0,30.001644601595263,71.5072410424836,34.37053185917128,4.028935856962868,20.651481476238338,40743.0,0.4398,19102.0,57.509735891807686,12.739316186700485,52.74243906985414,62.00383085310152,23.796076238408126,93.59952851038751,26.85772869192413,1.0608516281125682,61.105883628015604,10.222222222222221,34.0805076187145,30.284205392463555,26.37853655652825,16.861178302058757,20.74024444915192,10.32222222222222,9.341687522499727,-0.980534699722492,"Yuma County, AZ",Arizona
2308,798,1.7127964254212538,1.4734792747692638,train,19031,18375,49.05034013605442,50.94965986394557,97.25714285714285,0.3918367346938775,99.74347014925371,77.21548507462687,22.527985074626866,0.25652985074626866,14.968060394889662,83.0211962833914,2.0107433217189317,20.82212055974166,58.98143164693218,20.19644779332616,44.39510789125185,34.06559164913921,21.539300459608945,7.686789537578634,9.490918393451011,7.971918876755072,11.735509843930956,6.0,32.64071728456557,81.66666666666667,33.805774278215225,3.1102362204724407,9.566929133858267,59047.0,0.366,27879.0,72.06594836936871,2.809552478426651,84.5440928665044,76.3266603114077,12.825313611683207,98.57006673021921,7.4143418835424075,0.0,1.7251700680272108,5.4444444444444455,29.97551020408163,24.059863945578236,34.536054421768696,17.95374149659864,2.351020408163265,5.544444444444445,4.364393680224439,-1.180050764220006,"Cedar County, IA",Iowa
2309,663,1.8263398028248343,1.9462388222050946,train,17149,16144,49.882309217046576,50.117690782953424,96.748017839445,1.2264618434093162,99.27797833935018,74.22938072757567,25.04859761177451,0.7220216606498195,17.318435754189945,80.21345785041274,2.468106395397315,22.54559270516717,53.97416413373861,23.480243161094226,55.48146172312617,29.278918822797195,15.239619454076642,13.694144838212635,18.61471861471861,15.07662835249042,15.719684837614505,6.0,24.66703883882287,73.28141380859667,35.40512206080575,4.732664370226148,13.7486895312266,40588.0,0.4114,21594.0,62.59783513738552,4.948124501197127,67.85079928952042,61.3590939373751,19.77131438721136,97.80146568954031,16.096802841918294,0.4996668887408394,1.2202675916749255,6.1111111111111125,28.332507433102087,24.54162537165511,33.5294846382557,19.623389494549052,2.025520317145689,6.211111111111112,7.002301090181033,0.7911899790699213,"Pike County, IL",Illinois
2310,2943,2.6222502112988773,2.345786961415376,train,51820,21150,47.673758865248224,52.326241134751776,81.15366430260049,12.742316784869974,97.88477034649479,50.90652699435939,46.978243352135365,2.1152296535052377,17.44207831137201,78.14900393430338,4.408917754324611,28.046902759682574,44.94847802913656,27.00461921118086,53.589831672964614,27.99038131226383,18.419787014771558,18.267564966313763,37.11460151250727,18.603277720360254,14.38907135037365,4.0,30.027837921435204,74.02281032000886,35.32277710109622,6.8320230317794275,17.451002103864464,45643.0,0.3955,22156.0,62.35587410408227,4.877561219390305,62.71858808290155,68.3996750609261,15.730246113989635,98.64608719198485,23.58322538860104,0.0,6.718676122931442,13.666666666666664,28.354609929078013,28.01891252955083,30.609929078014183,17.900709219858154,6.104018912529551,13.766666666666666,10.441486542175276,-3.325180124491389,"Waynesboro city, VA",Virginia
2311,3051,2.049841071903545,1.8266711855834619,train,55023,16483,51.46514590790512,48.53485409209489,96.23248195110114,1.7897227446459991,99.04430929626413,66.7825079640892,32.26180133217492,0.955690703735882,17.464192708333336,79.42708333333334,3.108723958333333,27.620303230059328,50.44312605288215,21.93657071705852,52.755506793822256,32.146172672799395,15.098320533378345,12.83059554766284,20.16955139526669,13.305232291762115,14.704766721456568,6.0,34.33582032151373,72.59550052846141,39.00045296693341,7.051185263475766,14.857315415974634,44459.0,0.4212,23020.0,63.56651839870604,6.5139949109414745,71.15926327193934,63.79585326953747,21.386782231852656,98.34130781499205,11.505958829902491,0.19138755980861244,1.0920342170721349,7.666666666666668,27.21591943214221,22.902384274707273,35.994661166049866,19.97815931565856,1.9777953042528664,7.766666666666667,6.213169707318061,-1.5534969593486059,"Crawford County, WI",Wisconsin
2312,973,1.6507930981160142,1.5134903397144852,train,20183,3740,49.06417112299465,50.93582887700535,97.48663101604278,0.427807486631016,100.0,77.35602094240838,22.643979057591626,0.0,19.574905725059992,78.64244086390126,1.7826534110387384,19.527760051052965,59.7319719208679,20.74026802807913,44.62659380692168,37.304189435336966,18.069216757741348,14.759445501494973,28.76480541455161,14.656188605108055,17.870722433460074,6.0,37.399193548387096,70.72585482903419,43.5512897420516,4.199160167966406,6.23875224955009,43848.0,0.4773,27315.0,63.0568882796436,3.315217391304348,81.98473282442748,76.70514165792234,10.076335877862595,98.84575026232949,10.381679389312977,0.5246589716684155,1.9251336898395723,5.111111111111111,26.550802139037444,18.66310160427808,34.197860962566835,26.711229946524053,2.085561497326203,5.21111111111111,4.542558228074645,-0.6685528830364653,"Smith County, KS",Kansas
2313,471,1.8263398028248343,1.9559411122145056,train,13183,16588,48.81239450204968,51.18760549795032,64.73957077405353,23.37834579213889,99.69065786760157,63.353268715199,36.33738915240257,0.3093421323984327,9.879538954848773,84.71271340670769,5.40774763844354,27.41870734644721,42.83420313127258,29.747089522280213,51.74612815062253,33.23210851300739,15.021763336370075,17.931961155560984,29.946236559139784,18.75064320263456,13.83559006609767,4.0,46.36912383391258,81.64241578632651,21.44707992824397,8.530994618297786,21.06836755032888,48863.0,0.3727,18166.0,62.567542388671505,14.711137581893984,61.93582325092056,60.37428803905615,18.13782219884272,96.33848657445078,23.7453971593898,0.0,11.719315167591029,6.1111111111111125,35.5678803954666,35.29057149746805,27.64046298529057,7.836990595611285,11.882083433807573,6.211111111111112,7.070570093387254,0.8594589822761423,"Long County, GA",Georgia
2314,472,1.5846897427449065,2.023564387097374,train,13185,113203,49.139157089476434,50.860842910523566,57.79175463547786,36.12801780871532,98.9613283496262,56.1853076480736,42.77602070155261,1.0386716503737778,13.533843812889607,75.4601678692387,11.005988317871692,40.19002534415577,38.394721270110644,21.415253385733585,44.540448305281934,32.00031024586985,23.45924144884821,26.455622059927148,50.00817661488144,31.82023414067791,13.02721182465743,4.0,34.976814954354445,77.14096826688366,27.59357200976404,7.3052278275020335,19.357709519934907,36834.0,0.4809,19173.0,64.23541372213543,12.688425237883846,61.695263447238204,59.83009708737865,15.17895894216024,98.63037447988907,27.2040739561934,0.2860610263522885,5.354098389618648,4.777777777777779,33.067144863652025,38.23661917087002,26.643286838688024,10.46615372384124,6.080227555806825,4.877777777777779,7.5652423854015955,2.6874646076238164,"Lowndes County, GA",Georgia
2315,1923,1.7520942128356236,1.9914212553538715,train,37079,21328,53.91504126031508,46.08495873968492,54.66991747936984,35.849587396849216,98.73688717619352,54.249625347891254,44.48726182830229,1.2631128238064655,15.511913754034195,81.48733090709331,3.000755338872485,35.129396912836405,36.87381649165089,27.996786595512713,56.578055065780546,33.364980333649804,10.056964600569646,25.74452630486666,61.470795214637576,28.029642545771576,21.49784762201131,6.0,22.632975515619346,73.87150373857658,37.34422597618388,8.294101356964829,24.522292993630572,35777.0,0.4354,18107.0,62.03969883641342,11.407766990291266,60.6309201623816,58.29145728643215,19.15595399188092,97.5951184493898,24.30649526387009,0.8973438621679828,14.731807951987994,5.666666666666668,28.160165041260317,29.533945986496626,34.80401350337584,13.761252813203301,9.480495123780948,5.766666666666667,7.32593839590486,1.5592717292381932,"Greene County, NC",North Carolina
2316,2030,0.9766538816012459,1.6270100064725204,train,38093,21076,50.75441260201178,49.24558739798822,94.46289618523436,0.5219206680584552,98.64263983150008,62.485373274046346,36.15726655745378,1.357360168499883,21.6577716281215,75.53534954207024,2.8068788298082623,28.85054844606947,47.3034734917733,23.845978062157226,46.44774886410574,29.918766349993113,23.633484785901146,10.91859749846217,19.380733944954127,10.46796256299496,14.164558845409909,5.0,26.90236898779613,79.42831917006953,30.42710517602913,5.142920207482618,11.499834455358126,52359.0,0.4376,29490.0,70.59119813637223,2.274348911880129,82.36980410893455,73.29323308270676,10.081223124701383,98.04511278195488,10.519190953973563,0.0,2.0117669386980452,2.5555555555555562,27.495729739988608,28.482634275953693,33.644904156386424,17.24710571265895,5.015183146707155,2.6555555555555563,5.088636957918253,2.433081402362697,"Stutsman County, ND",North Dakota
2317,869,1.4891517465595983,1.6450552160136749,train,19173,6213,50.474810880412036,49.525189119587964,95.8796072750684,0.20923869306293252,99.24657534246576,71.16438356164385,28.082191780821923,0.7534246575342466,15.480541818963664,82.34788217587617,2.1715760051601807,17.31230031948882,60.623003194888184,22.064696485623003,50.71835803876853,34.77765108323831,14.503990877993159,14.126149802890936,21.573604060913702,14.953040039545224,14.351170021273113,6.0,27.45634336208711,77.47813411078717,35.714285714285715,4.336734693877552,12.93731778425656,44246.0,0.413,23821.0,67.34035691249194,4.118773946360154,73.03764225269916,68.70915032679738,14.356580099212135,97.95751633986929,16.924423694193173,1.062091503267974,7.468211813938518,4.333333333333333,29.454369869628202,22.179301464670854,33.5264767423145,20.795107033639145,3.9111540318686617,4.433333333333333,5.181295989560476,0.7479626562271431,"Taylor County, IA",Iowa
2318,748,2.538096293116917,2.400405397392496,train,18115,6033,49.97513674788662,50.02486325211337,98.90601690701143,0.961379081717222,97.53896636587368,68.82690730106647,28.71205906480722,2.461033634126333,14.594708105837883,84.29231415371693,1.1129777404451913,24.04208854476871,53.80186619019256,22.156045265038713,62.042301569251784,25.03979986354333,12.917898567204912,7.939189189189189,9.039548022598867,8.523245214220601,13.710081926099315,2.0,33.96343996676361,72.28966094600251,37.8401004604437,1.7580577647551276,7.57639179573043,48780.0,0.3758,23848.0,65.28769424611508,7.816018012222577,76.0555706891855,66.91109074243813,11.495505311904116,99.35838680109993,15.935712339961865,0.0,0.0,12.555555555555555,26.50422675285928,23.172550969666833,37.74241670810541,18.879496104757173,0.13260401127134094,12.655555555555553,11.02764605353899,-1.6279095020165624,"Ohio County, IN",Indiana
2319,2506,3.027984317391179,2.758737648111234,train,47171,18069,49.5046765177929,50.4953234822071,97.03912778792407,0.8024793845813271,99.5189586870402,72.60894170911148,26.91001697792869,0.481041312959819,17.156932743110097,78.95187776667144,3.891189490218478,23.3304822685703,49.23350220409238,27.43601552733732,62.3934846542493,25.1941784179172,12.412336927833495,22.500283093647376,45.12756168966959,25.626272461715498,25.00281944287809,4.0,29.62401873020245,62.15670436187399,47.7652127086699,7.673667205169628,22.52288637587507,33210.0,0.4695,20187.0,52.184329199549026,13.880637321091008,59.33289362103082,60.63146130203968,26.213134834636765,98.71472478345905,21.746914161876944,0.0,4.2503735679893735,20.555555555555557,24.6942276827716,24.030106812773262,35.33123028391167,21.00835685428082,2.158392827494604,20.65555555555556,15.779910570156936,-4.875644985398623,"Unicoi County, TN",Tennessee
2320,2003,0.2793138227812645,0.5478074787513896,train,38039,2329,50.32202662086732,49.67797337913267,96.82267067410906,1.2451696006869901,100.0,83.1081081081081,16.89189189189189,0.0,18.06020066889632,80.54626532887403,1.3935340022296543,16.50632911392405,63.544303797468345,19.94936708860759,49.263873159682895,32.44620611551529,18.289920724801807,7.998212689901697,10.173697270471463,8.333333333333332,12.734584450402146,6.0,37.082228116710866,79.61352657004831,40.57971014492754,1.352657004830918,8.019323671497585,48355.0,0.4338,29639.0,67.61426978818284,1.9785655399835118,83.81984987489575,80.67226890756302,8.17347789824854,96.97478991596638,12.760633861551291,0.0,0.3864319450407901,1.2222222222222223,24.98926577930443,17.003005581794763,34.47831687419493,29.454701588664665,1.9321597252039497,1.3222222222222224,1.729456986756612,0.40723476453438967,"Griggs County, ND",North Dakota
2321,1701,1.513905485712537,1.4254238376423294,train,31107,8556,48.6442262739598,51.35577372604021,87.52921926133708,0.07012622720897617,98.84615384615385,75.67307692307692,23.17307692307693,1.153846153846154,18.786034593209482,79.90070467648944,1.313260730301089,20.426028596440037,59.92121388969945,19.652757513860518,46.192552834619256,34.703119758470315,19.104327406910432,13.462697360491743,27.20496894409937,12.190305206463197,14.006006006006006,6.0,36.109394313967854,77.04520990312163,37.13670613562971,4.359526372443487,7.292787944025832,45411.0,0.45299999999999996,26560.0,68.96717373899118,3.111214302298584,76.3669227293267,69.32380428807036,11.59060099412562,98.7905442550852,16.199728874830548,0.0,2.4777933613838243,4.4444444444444455,30.645161290322577,18.78214118747078,33.39177185600748,23.515661524076673,12.400654511453952,4.544444444444445,4.159620472929344,-0.38482397151510117,"Knox County, NE",Nebraska
2322,936,1.8440707637960658,1.226151002230335,train,20109,2793,50.34013605442178,49.65986394557822,95.41711421410669,0.0,100.0,81.50470219435736,18.495297805642632,0.0,19.574468085106385,79.1016548463357,1.3238770685579195,19.573901464713714,57.922769640479366,22.503328894806923,43.209876543209866,38.580246913580254,18.20987654320988,8.430232558139535,7.966101694915251,9.585492227979273,12.350163458045769,6.0,34.94199535962877,80.77232502011263,34.43282381335479,2.8962188254223653,6.275140788415125,46875.0,0.4521,28974.0,68.1323877068558,3.5392088827203327,80.62064597846741,72.38805970149255,13.616212792906904,100.0,12.096263457884731,0.0,4.547081990691013,6.222222222222222,28.67883995703545,23.809523809523807,32.867883995703544,20.479770855710708,4.582885785893303,6.322222222222222,3.4080865413399883,-2.9141356808822336,"Logan County, KS",Kansas
2323,2433,3.0062325081878574,2.9255963397992772,train,47025,31748,48.9983621015497,51.00163789845029,96.25803200201588,1.0520347738440217,99.72717059861981,68.73696035949285,30.99021023912695,0.2728294013801958,15.045123006552107,82.72139118968146,2.233485803766432,24.155386403689675,50.418088417263476,25.42652517904684,64.01662421236091,21.799168789381948,14.18420699825714,21.879004962045283,40.589310187300136,25.166279969064192,21.452367224037413,6.0,20.53231939163498,64.12436048799685,41.51908697363243,11.019283746556477,24.02990948445494,34899.0,0.451,18817.0,51.59082723015968,7.749592739120318,64.18343949044586,58.448340171577776,24.36178343949045,98.61991794106676,16.107006369426752,0.5594927265945543,1.0016378984502958,20.11111111111111,25.81264961572382,27.768678341942802,34.83684011591281,17.768048381000376,2.689933224140103,20.211111111111116,18.64534169454252,-1.565769416568596,"Claiborne County, TN",Tennessee
2324,451,2.89591193827178,2.732445629903288,train,13143,28565,48.83948888499914,51.160511115000865,91.40556625240679,4.908104323472781,100.0,69.76645435244161,30.23354564755839,0.0,11.988636363636365,85.97537878787878,2.0359848484848486,21.12224272783197,53.77449688021793,25.103260391950087,59.290966386554615,26.612394957983195,14.096638655462186,20.325260989986507,38.36589698046181,21.760405273156405,19.402879228423515,2.0,25.02561714019562,70.2785800801267,37.314823441721785,8.553060654057576,21.056554551383584,41910.0,0.4387,20740.0,59.2902767920511,12.489027212512967,61.24140363251631,60.50460941290636,17.357314994416033,98.08345463367296,24.157996825956626,0.0,1.3197969543147208,18.0,31.447575704533524,24.92910904953614,35.186416943812354,15.102398039558905,3.6863294241204265,18.1,15.370431478118556,-2.729568521881445,"Haralson County, GA",Georgia
2325,2537,2.3867219722002453,2.286796604204472,train,48043,9235,48.01299404439632,51.987005955603685,93.22144017325392,1.3318895506226314,100.0,76.15131578947368,23.84868421052632,0.0,21.533196440793986,68.33675564681725,10.130047912388775,30.2234417875343,42.81980922514047,26.95674898732523,33.29762815608263,27.62050497322112,39.081866870696246,13.52562001529553,11.833231146535866,16.629535327816676,20.922102043046,6.0,38.46672965312458,74.03726708074534,34.11180124223602,3.279503105590062,11.428571428571427,38395.0,0.501,27265.0,62.55969436485197,4.950926935659759,64.74832805350229,67.21311475409836,10.471664906722983,96.47844565877352,28.088701161562827,0.3642987249544625,43.34596643205197,10.777777777777779,23.941526800216568,28.370330265295078,33.622089875473755,18.234975636166762,5.446670276123444,10.877777777777778,9.84335496030964,-1.0344228174681387,"Brewster County, TX",Texas
2326,1007,2.926143986747276,2.4337150020757194,train,21041,10830,51.615881809787616,48.384118190212355,92.73314866112648,2.5761772853185594,96.5326447805238,61.89597934341572,34.63666543710808,3.4673552194762083,15.745501285347045,79.24164524421596,5.012853470437018,29.13109577827155,43.8779090164893,26.990995205239162,65.88119091293918,22.8728658106392,11.245943276421617,27.897574123989216,68.98179366149698,31.21358415182287,17.936373076559992,6.0,29.892843946298804,72.44232698094281,33.851554663991976,7.096288866599799,21.74022066198596,41439.0,0.431,20129.0,60.910936310581064,13.455530097896268,58.921875,54.92577597840757,19.703125,98.04318488529016,23.984375,0.6747638326585695,6.795937211449676,18.555555555555557,31.9482917820868,28.457987072945517,31.929824561403514,14.579870729455216,4.6906740535549405,18.655555555555562,11.401158830992735,-7.254396724562827,"Carroll County, KY",Kentucky
2327,922,0.9339123332239747,1.2135927241436406,train,20081,4130,50.31476997578692,49.68523002421307,85.76271186440678,0.0,100.0,77.5,22.5,0.0,10.013860013860016,86.79833679833679,3.187803187803188,25.88235294117648,57.647058823529406,16.470588235294116,50.17807677087457,32.09339137316977,17.72853185595568,13.754282917278509,28.06830309498399,11.557788944723619,8.511160166789306,6.0,12.735364601163983,86.23655913978494,25.017921146953405,2.6523297491039424,4.802867383512544,56484.0,0.3883,24362.0,73.7573861661453,3.722902921771913,71.07822410147992,58.203125,6.13107822410148,95.1171875,24.101479915433412,0.0,28.54721549636804,2.4444444444444446,37.627118644067785,26.682808716707026,31.08958837772397,13.171912832929785,14.237288135593221,2.5444444444444447,3.3655544665989794,0.8211100221545347,"Haskell County, KS",Kansas
2328,2722,1.2006339030604214,1.2402115872835868,train,48413,3224,49.06947890818858,50.93052109181141,75.4652605459057,0.09305210918114144,100.0,60.94736842105264,39.05263157894737,0.0,9.498680738786279,89.1820580474934,1.3192612137203166,23.73233582709892,54.73815461346634,21.529509559434747,47.45139253809774,33.00052548607461,19.548081975827643,19.540942928039705,41.57973174366617,18.252730109204368,11.19727047146402,6.0,20.580474934036946,77.6536312849162,35.00931098696462,3.5381750465549344,9.404096834264433,55543.0,0.4839,25199.0,67.76605101143359,4.153147306943543,64.19821826280625,61.08786610878661,7.2383073496659245,94.56066945606695,30.902004454342986,0.0,50.465260545905714,3.2222222222222223,37.65508684863524,24.751861042183624,30.95533498759305,14.826302729528534,24.44168734491315,3.3222222222222224,3.456344705986755,0.1341224837645325,"Schleicher County, TX",Texas
2329,728,2.4267673628924595,2.0914362522023078,train,18075,21255,49.13196894848272,50.868031051517285,98.12279463655615,0.5786873676781934,99.49376242994032,70.8551798951365,28.638582534803827,0.5062375700596637,14.615982385701336,81.31071104779174,4.073306566506929,25.236895765863014,52.07508696173685,22.688017272400145,64.44683908045978,25.4382183908046,10.114942528735632,16.273393002441008,29.27765778737701,16.358997448596725,16.13194543466895,6.0,26.402598229637647,74.42404829370457,35.210052975237154,6.196870765060983,12.800295675742268,41021.0,0.4012,19591.0,64.79427318457371,7.56444709863641,69.3976897689769,62.28588304784407,15.206270627062707,98.34613112817483,17.739273927392738,0.2658003544004725,2.9498941425546934,11.222222222222221,32.96636085626912,24.30016466713715,33.14984709480123,16.42907551164432,1.2985179957657025,11.32222222222222,8.096535484372856,-3.2256867378493634,"Jay County, IN",Indiana
2330,764,2.0208114572284313,1.9440804206040487,train,18147,20856,50.618527042577675,49.38147295742233,96.2313003452244,0.5945531261986958,98.57024450891006,79.44467467882305,19.125569830087027,1.4297554910899295,11.513492871690428,86.01069246435844,2.4758146639511205,21.85266142848703,59.13629113251019,19.011047439002773,54.619583995577365,30.426369981341995,14.954046023080645,10.794595385590947,18.3791971724312,10.365045019892511,13.416997771101851,6.0,31.9089207735496,76.98392767453541,35.25866398794575,3.7292817679558015,8.525866398794575,55247.0,0.3853,24936.0,66.05742474070328,5.581617999042604,79.74448128082801,73.49782293178521,11.708579283577265,98.08417997097244,11.837955850246624,0.4644412191582002,2.6515151515151514,7.444444444444445,29.9530111238972,23.446490218642122,36.229382431914075,17.184503260452626,3.1741465285769084,7.544444444444446,6.987203611369416,-0.5572408330750305,"Spencer County, IN",Indiana
2331,2259,2.25595925165399,2.3124272787544404,train,42043,271094,48.37436461153696,51.625635388463046,72.09676348425269,18.0011361372808,99.48298783790436,60.117845946788776,39.365141891115606,0.5170121620956226,16.51973804161965,79.03199578185904,4.448266176521315,33.54103412335161,44.9988670865999,21.460098790048487,45.98555377207062,25.615302300695557,28.399143927233816,13.602031172649676,25.143272425249172,13.259062096973356,13.476838260012105,3.0,26.611205773278538,77.7291261870228,30.272844202402787,6.0981728286947074,13.220765715223994,53754.0,0.4463,29461.0,67.73628034015846,6.762708229069853,75.92434542318458,73.01815567140031,15.618528089954696,96.51780899309212,12.637943074049096,0.8782517141316349,7.9666093679683065,9.444444444444443,28.90547190273484,27.835363379491987,34.724855585147594,14.8313868990092,9.902100378466509,9.54444444444444,10.098907793622434,0.5544633491779933,"Dauphin County, PA",Pennsylvania
2332,2250,2.6540241312485775,2.4351167526989643,train,42025,64634,49.29294179533992,50.70705820466009,96.0748213014822,1.5255128879537083,99.01634265355123,64.74324219657656,34.27310045697468,0.9836573464487646,13.11891413396282,83.28907248942656,3.592013376610604,26.106988879225803,50.81324130784746,23.07976981292674,57.50052999788002,27.040491838032647,15.458978164087346,10.865086728836749,24.315303818592323,9.532617813434278,17.275632990724493,3.0,33.851009856509364,71.17005164847967,40.868315793561415,5.483282202632908,11.059764669333232,49973.0,0.4126,25398.0,61.44386602494843,8.091949613146621,74.81688265123186,73.40416561261489,17.98647748809097,98.591786828569,13.046150694053168,0.2445400118053799,3.9081597920599065,14.111111111111107,25.655227898629214,22.7573722808429,38.105331559241264,19.06581675279265,2.399665810564099,14.211111111111109,11.417151618821254,-2.7939594922898543,"Carbon County, PA",Pennsylvania
2333,3037,2.232401036136941,2.4119166826253062,train,54105,5841,50.265365519602824,49.734634480397204,97.41482622838556,0.8388974490669406,95.11798209926769,62.571196094385684,32.546786004882016,4.8820179007323015,13.920208152645273,83.30442324371204,2.7753686036426712,23.768115942028984,50.80745341614907,25.424430641821946,61.67635658914728,26.28391472868217,12.039728682170546,13.700051894135964,25.429184549356226,13.68005915701257,21.34908406094847,4.0,32.19861231569818,66.91358024691358,40.94650205761317,6.707818930041152,19.91769547325103,39352.0,0.435,22125.0,53.59930615784909,8.37378640776699,61.98439241917503,68.75,23.494983277591967,99.609375,17.614269788182828,0.0,0.15408320493066258,9.222222222222221,28.282828282828287,21.640130114706388,39.78770758431776,17.53124464988872,1.746276322547509,9.32222222222222,11.155321879277588,1.833099657055369,"Wirt County, WV",West Virginia
2334,2105,1.3552622518721622,1.5729123777285687,train,39137,34184,50.05265621343319,49.94734378656682,95.47741633512754,0.3247133161713082,99.79552425309556,87.65193683971373,12.143587413381805,0.2044757469044644,12.14684756584198,85.78212290502793,2.071029529130088,22.445031437181438,62.19353398563936,15.361434577179212,50.084033613445385,30.513047324192833,19.402919062361782,5.802833530106258,6.840629191562004,5.925020031206511,10.436013089236756,6.0,25.11721366376423,78.86428078779983,31.312744271591693,3.801057552302858,6.713158096405857,60524.0,0.3665,26269.0,71.03272553547258,3.1722901020065017,87.01653343925328,75.86899738798472,9.130629065091107,97.00622865179828,7.154560349535773,0.2612015270243118,5.751228644980108,3.7777777777777777,32.47718230751229,24.517318043529137,34.539550666978705,15.191317575473905,4.197870348701146,3.877777777777778,4.820667373588168,0.9428895958103896,"Putnam County, OH",Ohio
2335,1853,1.789905900578732,2.4596450881647325,train,36063,214150,48.64487508755546,51.355124912444545,87.95050198459025,7.388746205930422,99.56719766150779,61.380888717681465,38.186308943826326,0.4328023384922164,17.06458303188154,79.09612694737858,3.8392900207398837,32.28698292944433,45.2052564512779,22.507760619277764,44.64616203981093,32.10638439518008,23.24745356500899,13.709174813863315,24.809894114608745,13.765099297072272,13.420736164493384,2.0,26.94648886584209,71.94870568405706,35.533613493229474,5.979022173630804,15.053469541152756,49449.0,0.4382,26891.0,63.87202840106981,7.27135383151946,74.98966577228623,70.59549787527277,21.686095014768554,97.79200643160677,9.029484491142627,0.3244515906741702,2.5272005603548915,5.8888888888888875,27.006303992528597,26.14148961008639,36.36002801774457,16.854074247023114,4.660751809479336,5.988888888888888,11.700658100931676,5.711769212042788,"Niagara County, NY",New York
2336,2718,2.5726122302071057,2.4729783855113237,train,48405,8695,47.751581368602636,52.248418631397364,74.58309373202991,22.23116733755032,99.32697700504768,56.14133482893999,43.185642176107685,0.6730229949523275,13.929750825577905,83.3533473431402,2.7169018312818967,28.93195761293921,39.16620189626325,31.901840490797554,62.9746336852056,26.217110445879946,10.808255868914447,24.83775811209439,67.54966887417218,26.18106531150009,27.359490986214208,6.0,39.453125,52.116585704371964,55.343511450381676,10.65232477446218,19.1880638445524,28275.0,0.5429,19213.0,38.842482100238655,16.781874039938558,43.82742417770184,54.055390702274984,22.27680478428022,100.0,37.95386586928663,0.0,6.923519263944796,13.0,26.072455434157558,21.092581943645772,33.341000575043125,25.06037952846464,3.1857389304197814,13.099999999999998,11.857711145319891,-1.2422888546801065,"San Augustine County, TX",Texas
2337,305,2.47466924069478,2.389337816183029,train,9007,165165,48.95347077165259,51.046529228347424,88.98798171525443,5.0755305300759845,99.3689977837971,75.37244521053927,23.99655257325782,0.6310022162029058,14.751933448259502,81.53220832213067,3.715858229609831,30.194665055248624,50.47982849907919,19.325506445672193,33.02958389987248,26.393264025538606,40.57715207458892,6.712545126353789,7.7366586216143745,7.059910931854466,10.088326452608753,2.0,26.56647660763509,79.79490902491037,30.7273469758156,2.9992286401379373,7.541177004401287,79893.0,0.4338,41277.0,70.45148557265689,5.761316872427982,82.8663772310661,70.46243628573541,10.985045827303423,96.68316465982124,7.990352146647371,0.2326955750904927,5.5598946508037415,11.777777777777779,26.353040898495447,24.47855175127903,38.75397329942784,17.041140677504313,5.936487754669572,11.877777777777776,10.906269596153061,-0.9715081816247153,"Middlesex County, CT",Connecticut
2338,2955,2.7788192719904172,2.878948781250301,train,53019,7652,52.10402509147936,47.89597490852065,76.0585467851542,0.261369576581286,99.21203438395416,58.166189111747855,41.04584527220632,0.7879656160458453,16.275586620069895,77.73339990014978,5.991013479780331,27.73956900504356,46.018645881094294,26.241785113862143,43.94346036858114,39.398819108964034,16.657720522454824,21.999734783185254,32.723772858517805,27.23518480280817,24.40633245382585,6.0,44.177093358999045,57.170480180470534,49.59716403480503,11.118272639381244,24.589107315501128,38125.0,0.442,20602.0,44.72573839662447,12.046444121915819,52.14160839160839,56.93568726355611,33.435314685314694,96.84741488020175,21.74388111888112,0.37831021437578816,4.0381599581808665,16.0,26.07161526398327,23.03972817564035,37.38891792995295,21.04025091479352,23.6800836382645,16.099999999999998,17.795556321113434,1.6955563211134361,"Ferry County, WA",Washington
2339,2383,1.3261904370501851,1.2264067362176772,train,46057,5982,50.501504513540624,49.498495486459376,97.0244065529923,0.1170177198261451,99.7835497835498,83.17099567099568,16.612554112554108,0.21645021645021645,10.866222450025628,86.77601230138391,2.3577652485904665,19.25437599454421,64.37826778813367,16.36735621732212,51.94982274338697,27.979274611398964,20.070902645214073,7.276471597734684,9.583333333333334,7.064195541230191,11.932888204074645,6.0,29.949115580324694,83.4710743801653,30.48668503213957,1.8824609733700643,5.463728191000918,58602.0,0.3842,26153.0,71.1490215755143,2.2566995768688294,85.25870484868206,63.08871851040527,8.200455580865604,97.59036144578312,10.641067360885133,0.7667031763417306,3.1260448010698765,3.6666666666666665,37.863590772316954,23.186225342694755,28.43530591775326,17.368772985623536,2.8585757271815444,3.7666666666666666,3.4089582163541254,-0.35770845031254117,"Hamlin County, SD",South Dakota
2340,2556,1.561647248597752,1.4439051280265855,train,48081,3238,51.48239654107474,48.51760345892527,94.22483014206301,0.7720815318097591,100.0,76.33451957295372,23.665480427046266,0.0,19.20062695924765,78.21316614420063,2.586206896551724,13.438880706921944,63.107511045655365,23.453608247422682,45.323444581788216,34.03378656777915,20.64276885043263,11.607717041800642,12.909836065573769,13.18000884564352,16.501121435437362,6.0,29.919137466307287,72.32979387882573,43.347907557776395,3.185509056839475,7.682698313554027,42467.0,0.4688,29355.0,60.296991012114106,3.1756318859364887,69.35020126509488,73.65853658536584,6.958021851638873,97.6829268292683,25.35940195514664,0.0,20.877084620135886,4.666666666666667,24.95367510809142,19.054972205064853,34.65101914762199,26.49783817171093,5.003088326127238,4.766666666666667,4.237210399315018,-0.529456267351649,"Coke County, TX",Texas
2341,455,2.1835512754360096,2.0298376180109994,train,13151,211512,47.912175195733575,52.087824804266425,52.71237565717312,39.24883694542154,99.64237818506928,62.63367834668684,37.008699838382455,0.3576218149307108,8.854122233086803,87.63297261469606,3.51290515221714,30.394531558275204,48.1487552131709,21.456713228553923,40.91463004358585,32.09428898242361,26.99108097399053,12.948158741508758,24.608729675680376,11.595868500611234,10.112530630694929,2.0,35.19681331187944,82.73217512556738,26.214766437586263,3.6823608087534327,13.841578805082454,60424.0,0.3964,24996.0,67.53202323699497,10.144376899696047,73.47887377605059,65.71951454440378,10.52539337829085,97.5871701020998,19.636529889130188,1.0498940473897131,6.252127538863044,8.777777777777779,36.01497787359583,27.85137486289194,34.736563410113845,9.907712091985324,8.038787397405349,8.877777777777778,7.612850068670953,-1.264927709106825,"Henry County, GA",Georgia
2342,1231,2.2204104848050292,2.120372407690419,train,26013,8690,60.58688147295742,39.41311852704258,73.77445339470657,18.492520138089766,98.78484631879914,64.26018584703361,34.524660471765536,1.2151536812008579,21.349222379317307,77.53989093112502,1.1108866895576652,40.18555334658714,37.9324055666004,21.882041086812464,61.67146974063401,25.208554527529202,13.119975731836796,15.607300188797991,33.07392996108949,15.036900369003687,16.486613433536874,6.0,32.13550953230009,60.457296570275716,49.02488231338265,5.31271015467384,12.84465366509751,39803.0,0.4365,17461.0,50.38091419406576,7.958615200955036,71.57563625965113,69.55063715627095,22.39062053188448,98.72568745808182,13.554475264512439,0.1341381623071764,1.300345224395857,9.111111111111107,20.4487917146145,29.87341772151899,35.59263521288838,18.434982738780207,7.733026467203683,9.211111111111105,8.33424064514203,-0.8768704659690751,"Baraga County, MI",Michigan
2343,2278,1.789905900578732,2.3271547967791992,train,42081,116656,49.11191880400494,50.88808119599506,91.84439720202991,4.834727746536826,99.41267130420292,65.90161202982463,33.511059274378304,0.5873286957970592,15.413443079009989,80.6734184781984,3.9131384427916167,30.140329469188533,47.32112387669206,22.538546654119397,53.08831922971935,26.506936000198532,20.40474477008214,14.549680627753403,28.830000541917304,14.176134876171528,14.872007188034036,4.0,31.197952107838372,75.09040212608373,35.76003136844857,5.524332331285671,13.75637171611554,47313.0,0.424,24194.0,64.70667113643985,7.446551307291127,74.8173937757567,70.47594142259416,16.634929657524513,98.02824267782428,12.218274833025436,0.2196652719665272,1.7410163214922507,5.8888888888888875,27.062474283363052,27.793683993965157,34.380571938005765,17.198429570703606,3.320875051433274,5.988888888888888,10.248740262164539,4.259851373275651,"Lycoming County, PA",Pennsylvania
2344,1684,0.36000273403140703,0.9091422608012161,train,31073,1976,47.9251012145749,52.07489878542511,97.01417004048582,0.0,100.0,89.0625,10.9375,0.0,12.281879194630873,86.10738255033556,1.6107382550335572,18.78862793572312,63.96786155747837,17.24351050679852,40.11502516175413,40.4744787922358,19.410496046010067,5.702436495593573,10.301507537688444,4.855735397607318,13.673890608875125,5.0,29.057591623036647,81.62230671736374,29.404309252218,3.4220532319391634,4.942965779467682,54375.0,0.3593,27402.0,74.56375838926175,4.41044104410441,83.23036187113857,66.94677871148457,6.4430714916151794,98.8795518207283,15.092674315975287,0.0,2.479757085020243,1.3333333333333333,29.858299595141702,19.534412955465587,37.80364372469636,19.98987854251012,2.9858299595141697,1.4333333333333333,2.482192546182857,1.0488592128495238,"Gosper County, NE",Nebraska
2345,819,1.4891517465595983,1.622992725824391,train,19073,9174,48.84456071506432,51.15543928493568,97.90712884238064,0.05450185306300414,98.77010406811732,72.42194891201514,26.348155156102177,1.229895931882687,16.409071211902358,82.50758341759355,1.0833453705041167,20.231213872832374,58.42183089124882,21.34695523591881,44.12039925140362,37.273861509669366,18.60573923892701,12.580359122145865,22.038892162639947,12.294022617124396,16.215917871729776,6.0,31.72667989793025,75.70664629488158,39.44486885663356,4.1507512095747385,13.750954927425516,46898.0,0.4528,26918.0,66.91144708423326,5.272218635678931,79.5342411683442,74.8136315228967,16.518650088809945,97.71033013844514,8.683639234260902,0.05324813631522897,2.5506867233485937,4.333333333333333,29.191192500545014,20.808807499454986,35.08829300196207,21.059516023544802,2.0383693045563547,4.433333333333333,5.068235481806942,0.6349021484736097,"Greene County, IA",Iowa
2346,1137,1.5380612495918724,1.637730117112025,train,22061,47349,48.586031383978536,51.413968616021464,54.36228853830072,40.898435025026934,100.0,56.442166910688144,43.55783308931185,0.0,14.837174203285544,72.1948104719336,12.968015324780865,47.90378006872852,33.37151584574265,18.724704085528828,41.00479220677194,23.430748684107154,35.56445910912091,32.07491553862549,46.848804719031364,47.32298532851372,14.12217823900717,5.0,20.743452996895645,77.04583842972801,24.80633700273749,7.4727706913623395,20.001164890209093,33467.0,0.5393,21003.0,62.30959685666613,11.696108495659313,65.20644511581068,72.25938312894836,13.551107754279961,94.017094017094,23.810422960725074,0.24154589371980675,2.6969946566981347,4.5555555555555545,31.05239814990813,43.76227586643857,23.968827219159856,11.932670172548525,4.73927643667237,4.655555555555554,5.143481151797483,0.4879255962419293,"Lincoln Parish, LA",Louisiana
2347,1471,2.0354316006833932,2.0156024857524253,train,28153,20564,48.66757440186734,51.33242559813266,59.103287298191006,38.97588017895351,99.17084458156576,62.34091785576553,36.82992672580024,0.8291554184342461,13.063211208314149,84.72669867789251,2.2100901137933304,28.44572975633768,48.19714496677332,23.357125276889,59.81475948610696,26.561099492082466,13.624141021810575,27.155321141617783,64.8772504091653,30.086155420967327,22.723271055463172,6.0,21.266614542611414,68.30930537352555,37.15596330275229,10.773263433813892,23.47313237221494,32557.0,0.4945,20231.0,56.17704918032786,8.906268238589938,55.1579811243332,45.25285481239804,23.643824374230608,99.70636215334422,24.013130898645876,0.0,1.4248200739155807,7.555555555555554,32.75627309861894,27.69889126629061,31.715619529274463,15.220774168449713,1.920832522855476,7.655555555555553,7.505247824197473,-0.1503077313580805,"Wayne County, MS",Mississippi
2348,1565,2.145281299175379,2.273685770453297,train,29177,23031,49.84585992792324,50.15414007207677,95.73618166818636,1.354695844731015,99.50576606260296,68.82665202269816,30.67911403990481,0.4942339373970346,12.104531231892455,83.52068605863947,4.3747827094680725,23.705414697034808,53.00279329608939,23.29179200687581,58.64957481913948,27.585988069551977,13.764437111308546,15.885911077751775,34.83287258105052,14.676220806794054,15.96043956043956,2.0,30.179333902647308,76.69442516770759,34.99884339578996,5.887115429100162,10.733287069164932,52526.0,0.3998,24101.0,63.66003239990743,8.197764246114696,75.69732721578909,70.05347593582889,15.694414099482925,97.80467210807768,13.553273614449058,0.6754855052068675,2.227432590855804,8.444444444444445,30.52841821892232,24.453996786939346,35.534714081021235,16.278060006078764,2.909122487082628,8.544444444444444,9.715142691314023,1.1706982468695788,"Ray County, MO",Missouri
2349,1387,1.9120085973796321,1.9263173140269962,train,27159,13759,49.56755578167018,50.43244421832982,96.39508685224216,0.9521040773312012,99.45717732207476,67.61158021712907,31.845597104945718,0.5428226779252111,18.67145421903052,76.66068222621185,4.66786355475763,24.68832468832469,49.713349713349714,25.5983255983256,50.42390843577788,36.90122933446375,12.674862229758372,16.44844517184943,24.20694864048339,18.291972503786553,16.091185861736093,6.0,32.69801743128053,69.41653446148422,40.13749338974088,4.970914859862507,13.978494623655912,41906.0,0.4423,22002.0,59.619741897349996,5.155320555188368,61.41487781828,68.95043731778425,30.26866477656271,99.19825072886296,12.744700958552725,0.0,1.6207573224798315,6.666666666666668,30.285631223199363,22.37807980231121,31.768297114615887,21.75303437749837,2.65280907042663,6.7666666666666675,6.8641849999319575,0.09751833326529002,"Wadena County, MN",Minnesota
2350,1162,1.8263398028248343,1.9002713228726404,train,22111,22533,49.31433896951138,50.68566103048862,71.29543336439889,25.895353481560374,98.88475836431226,55.70338485619253,43.18137350811975,1.1152416356877324,14.016711780628455,83.87666235141815,2.106625867953396,30.262941208761053,47.92775978481638,21.809299006422574,61.32179081336003,27.017249176303377,11.660960010336584,28.07321070843198,102.98935298935301,27.33602875112309,15.517163402831173,4.0,28.303186907838068,65.12856639661852,37.13748972642949,9.604320770224255,16.531642597158626,34992.0,0.4817,19676.0,51.27647058823529,7.697602386142021,60.09530397356083,66.1820005013788,19.245254015832764,95.1867635998997,25.0172930597187,2.4316871396339934,4.322549150135357,6.1111111111111125,28.34953179780766,25.527004837349672,33.697244042071624,18.093462921049124,2.8092131540407403,6.211111111111112,6.687708724482519,0.47659761337140694,"Union Parish, LA",Louisiana
2351,15,1.8263398028248343,2.1007180126004954,train,1031,50884,49.473311846552924,50.526688153447076,76.77658989073186,17.35123024919424,99.85966650156843,62.7373287105828,37.12233779098564,0.14033349843156678,14.33889063646849,82.24284366152878,3.418265702002726,26.38359245135426,47.8488315243962,25.76757602424953,44.806174558960066,31.33414577530177,23.859679665738163,17.082736104475234,35.89396503102086,16.46739461965473,17.551963048498845,5.0,53.0950724947836,74.21189979123174,35.30271398747391,6.34133611691023,13.815240083507307,46729.0,0.4476,24936.0,60.303746569945936,6.95170300955127,71.16830735575608,72.34803337306317,18.194558381186766,98.23864388822672,17.66475252939568,0.834326579261025,6.438173099599088,6.1111111111111125,30.40641459004795,27.936089930036946,32.81385111233393,15.42331577706155,5.872179860073893,6.211111111111112,8.172035430968727,1.9609243198576145,"Coffee County, AL",Alabama
2352,1119,2.2442495159810822,2.0150681977206997,train,22025,10247,53.50834390553333,46.49165609446667,66.30233238996779,32.45828047233337,99.78118161925602,58.46827133479212,41.3129102844639,0.2188183807439825,14.844977853979142,84.62637519645664,0.5286469495642235,29.831932773109244,45.714285714285715,24.453781512605037,67.35045187204132,20.312724142877634,12.33682398508105,20.41036717062635,44.2884492661136,20.61002929519214,16.307626023265833,6.0,21.250941974378296,69.15688367129135,39.034151547492,12.940234791889008,16.67556029882604,34904.0,0.5187,21851.0,57.99399914273467,7.883715200788371,56.21022004000728,50.73333333333333,20.07637752318604,97.06666666666666,29.750863793416986,2.0666666666666664,1.0930028300966137,9.333333333333334,28.681565336195955,29.00361081292085,33.31706841026641,15.380111252073776,1.2393871376988386,9.433333333333334,7.501238931157022,-1.932094402176312,"Catahoula Parish, LA",Louisiana
2353,517,1.3552622518721622,1.9474580330327986,train,13277,40787,48.228602250717145,51.771397749282855,64.25086424596073,29.74722337999853,99.24457961346022,51.54517806337682,47.69940155008339,0.7554203865397822,13.487563054444252,80.5948860671421,5.917550878413638,39.42251031231585,38.23775703253419,22.33973265514995,53.92924232936757,29.26581089542893,16.804946775203508,29.24596234955252,73.13765877102644,32.790740569952966,15.500668879750284,5.0,18.800314156685648,73.37722092447088,28.95873150704325,6.406172577334182,20.067954979825867,37653.0,0.508,20078.0,55.86488369778013,5.6961273461629816,53.20195059041632,53.73779113448535,17.031394833353485,95.88655146506386,32.362068270664565,1.483846731780616,10.822075661362689,3.7777777777777777,33.012969818814824,30.54649765856768,30.779415009684453,13.595018020447693,6.001912374040747,3.877777777777778,7.010843577977651,3.133065800199873,"Tift County, GA",Georgia
2354,185,0.842524581634546,1.9948371194030956,train,6003,1131,57.824933687002655,42.17506631299735,69.23076923076923,0.9725906277630416,100.0,72.50996015936255,27.49003984063745,0.0,14.590747330960856,79.83392645314353,5.575326215895611,43.02083333333334,34.6875,22.29166666666667,41.09947643979058,31.413612565445018,27.4869109947644,17.488789237668158,9.30232558139535,24.82269503546099,22.192749778956674,6.0,52.15909090909091,72.62569832402234,46.64804469273743,12.011173184357546,13.687150837988824,52917.0,0.4583,21415.0,51.59090909090909,10.792951541850224,45.73170731707317,62.05357142857143,25.152439024390244,98.21428571428572,30.48780487804878,0.0,9.549071618037134,2.2222222222222223,31.91865605658709,25.28735632183908,32.714412024756854,19.80548187444739,29.79664014146773,2.3222222222222224,7.351005594195056,5.028783371972834,"Alpine County, CA",California
2355,1839,1.5846897427449065,2.3380102671300262,train,36035,54606,49.84250814928762,50.15749185071238,95.1983298538622,1.5767498077134383,96.90622261174408,57.41454864154251,39.491673970201575,3.093777388255916,15.015494636471988,78.22407628128725,6.760429082240763,28.28775897866325,46.468171577505856,25.24406944383089,52.475502836513655,31.28416709644146,16.24033006704487,17.073811400052534,32.01690821256039,17.954785901219445,16.119552885598974,5.0,28.16914476583702,71.29841569049863,37.72272339661596,7.706117319689423,16.772137695794626,46969.0,0.4236,24339.0,61.98470038249045,9.080866948539217,65.93975903614458,70.30806204937731,26.256024096385545,97.9790255625956,13.0,0.0,2.7158187744936453,4.777777777777779,27.370618613339197,25.442259092407433,36.18100575028385,17.349741786616853,3.224920338424349,4.877777777777779,10.360601211338489,5.48282343356071,"Fulton County, NY",New York
2356,2663,1.895451927785184,1.7686492798145632,train,48295,3483,53.574504737295435,46.42549526270457,86.27619867929945,0.3732414585127764,100.0,78.71878393051031,21.281216069489687,0.0,11.958680969408025,82.47914183551849,5.562177195073501,25.814719882826804,53.71658733064811,20.46869278652508,54.57001350742907,26.83475911751464,18.595227375056282,9.225844004656578,12.073170731707316,9.48238364506307,11.285631180919141,6.0,25.29274004683841,84.72454090150251,25.041736227045075,3.756260434056762,5.676126878130217,63125.0,0.4437,30237.0,68.57369884783472,5.040556199304751,69.12114014251783,67.71844660194175,9.406175771971496,96.35922330097088,24.13301662707839,0.0,29.74447315532587,6.5555555555555545,35.05598621877692,31.380993396497274,29.371231696813087,12.805053115130635,13.350559862187767,6.655555555555554,5.862928834355772,-0.792626721199782,"Lipscomb County, TX",Texas
2357,1869,1.410986973710262,2.243189202083351,train,36095,31913,49.96709804781749,50.032901952182506,95.97969479522452,1.4163507034750729,98.1960915316519,66.76131618506764,31.434775346584267,1.8039084683480882,14.17831167769878,81.95636185339545,3.8653264689057782,30.90935964231608,47.11968370099397,21.970956656689943,50.25960539979232,30.186464400198652,19.553930200009027,12.905764312413929,22.62622065239975,13.090257023311414,15.788811672588912,3.0,32.1619113894688,70.81956644371022,41.41349020871948,5.786122975259893,12.829398017567895,51195.0,0.4134,25498.0,60.622405028908474,10.222108429879023,73.38765775613633,70.0088573959256,21.34552320381596,98.58281665190434,10.513763291265027,0.05314437555358724,3.00191144674584,4.0,27.01406950145709,26.894995769749,36.51176636480431,17.694983235671984,2.6039545013004113,4.1,9.423336339810259,5.323336339810259,"Schoharie County, NY",New York
2358,1672,1.86149280724273,1.7612719645869717,train,31049,1946,50.20554984583762,49.79445015416238,95.94039054470707,0.0,93.44262295081968,66.74473067915689,26.69789227166277,6.557377049180328,18.758344459279037,77.43658210947929,3.8050734312416568,21.97871008140263,52.84909204758922,25.172197871008137,45.664739884393065,37.066473988439306,17.26878612716763,12.926957435627955,37.288135593220346,9.985315712187957,12.519480519480519,6.0,36.734693877551024,77.00729927007299,40.632603406326034,1.2165450121654502,6.326034063260341,50962.0,0.4091,27439.0,70.76101468624833,4.339622641509433,70.91254752851711,64.34977578475336,8.650190114068442,99.32735426008968,21.57794676806084,0.2242152466367713,8.735868448098664,6.333333333333332,26.97841726618705,21.83967112024666,32.322713257965056,23.895169578622816,4.059609455292908,6.433333333333332,5.819835312879999,-0.6134980204533331,"Deuel County, NE",Nebraska
2359,433,1.789905900578732,2.0668011853899566,train,13107,22731,48.963969908934935,51.036030091065065,61.08838150543311,34.090009238484896,100.0,48.142278570170795,51.857721429829205,0.0,15.055888346816527,80.47921941579696,4.464892237386525,33.11648596052266,38.543230469835976,28.34028356964137,63.67812985609081,25.49152084318627,10.830349300722924,30.56011676701332,78.36812144212523,35.00248714972641,17.433866047443427,6.0,24.891444666119,70.59833251593919,35.00490436488475,10.115252574791565,25.833742030407066,32229.0,0.4822,17096.0,58.13682141979857,13.098130347522972,48.788157692897684,47.47381392483056,18.975302960576773,98.39802834257549,34.95934959349593,1.4171287738755391,4.469666974616163,5.8888888888888875,31.94316132154327,27.99260921208922,31.718798117108804,15.261097180062473,4.821609256082003,5.988888888888888,7.899513579719743,1.910624690830855,"Emanuel County, GA",Georgia
2360,906,2.7220261549581837,2.108072039746678,train,20049,2683,49.906820723071185,50.093179276928815,94.3719716734998,0.7827059262020127,100.0,79.92633517495396,20.073664825046038,0.0,20.697896749521988,77.10325047801146,2.198852772466539,17.42996887505558,58.870609159626504,23.69942196531792,46.32936507936508,36.25992063492063,17.410714285714285,18.330170777988613,32.439024390243894,20.091848450057405,20.49335863377609,6.0,39.81308411214953,66.87898089171972,47.77070063694269,5.414012738853503,9.872611464968154,36458.0,0.3985,21764.0,55.73613766730402,5.4030874785591765,68.53448275862068,70.42857142857143,16.666666666666664,99.42857142857143,18.103448275862068,0.4285714285714286,3.8017144986954894,15.111111111111107,25.158404770778976,17.853149459560193,34.774506149832284,27.133805441669768,4.845322400298175,15.211111111111109,8.232354322906488,-6.97875678820462,"Elk County, KS",Kansas
2361,3081,2.118929313186954,2.0190726373501713,train,55081,45274,50.54335821884526,49.45664178115474,94.0341034589389,0.9961567345496312,98.9637305699482,67.87564766839378,31.088082901554408,1.0362694300518136,15.087654999694585,81.83067619571193,3.0816688045934884,26.2565599304016,51.35408189038251,22.38935817921589,50.05913272010513,32.844940867279895,17.095926412614986,15.112278160086925,31.41816472799906,13.805236469005484,13.431352620999615,6.0,47.37269283953586,77.85208497246262,31.79161515117455,4.821850061818591,13.28537709340227,50694.0,0.3887,23709.0,67.22043750956097,6.308315506804424,74.05864138537406,65.04750229849832,19.668183034519668,97.28777198896721,12.802477158912804,1.2411890897946676,3.9647479789724787,8.222222222222221,32.08243141759067,25.28824490877767,33.78097804479392,15.31563369704466,4.969739806511464,8.322222222222221,7.531337413159709,-0.7908848090625122,"Monroe County, WI",Wisconsin
2362,1414,2.6461747973841225,2.6266580331206484,train,28039,23104,50.415512465373965,49.584487534626035,89.27891274238226,7.929362880886427,99.81860158311345,69.44261213720317,30.375989445910285,0.18139841688654354,11.206008843661033,86.74056575201405,2.0534254043249134,27.418460173064126,48.19170179720435,24.389838029731532,60.76974564926372,27.18875502008032,12.041499330655956,18.40740904861081,33.075392438646915,19.136069114470843,19.43978086065212,6.0,19.497003173110823,68.6788917146299,35.64449203587204,8.057823584526838,15.72747958773926,44258.0,0.4595,21413.0,54.09112883732173,9.026924365992627,60.40143262199672,52.225047679593146,16.012535442471272,98.283534647171,26.593045814057607,0.0,2.2550207756232687,14.0,33.115477839335185,27.61859418282549,32.21087257617728,13.828774238227147,2.7917243767313016,14.1,13.827481612672202,-0.2725183873277981,"George County, MS",Mississippi
2363,1526,2.7293042074630365,2.6191954880825348,train,29099,221577,49.714997495227394,50.285002504772606,96.26946840150377,0.9784409031623318,99.18423601281384,69.42002532965805,29.76421068315577,0.8157639871861729,10.605978375575132,85.00099498887421,4.393026635550652,25.95676885006949,52.52822002011277,21.515011129817747,46.000881127843634,35.795818647869275,18.203300224287087,10.919915147920896,17.323532016650432,10.734557373554336,12.942935980834708,2.0,31.598437639762665,80.03293084522502,30.52445420173192,4.565190876936212,12.4746920356141,55348.0,0.3879,25247.0,68.91132815319108,7.9200230400670275,77.43987564945812,58.39862341656293,11.135418315798564,98.3451709745918,14.563693671651242,0.05491689243611335,1.7470224797700118,15.222222222222221,30.584401810657248,27.5145886080234,35.458553911281406,12.75944705452281,2.752090695333901,15.322222222222218,13.724677475717822,-1.5975447465043953,"Jefferson County, MO",Missouri
2364,458,2.6222502112988773,2.341384984943798,train,13157,61420,49.52458482578965,50.475415174210355,88.42885053728428,7.219146857701074,99.64130639984896,74.63344031212638,25.00786608772261,0.3586936001510289,8.940729992186627,87.7263087398147,3.33296126799866,23.23228116931789,54.15382693428833,22.61389189639377,51.57915466607586,29.210053418014425,19.210791915909702,13.659514342982945,18.528773479009207,14.89703743397382,12.888341543513956,5.0,29.840927592352198,76.47282402128468,32.2595971113645,4.537248194602811,13.131889015583427,53379.0,0.4251,23504.0,63.867582649680955,7.794061336025343,70.65258291673386,60.491444744628836,11.232059345266896,98.6491702045542,22.004515400741816,0.06432522835456066,6.717681536958648,13.666666666666664,32.45197004233149,26.28785411917942,34.833930315858034,12.956691631390429,4.352002605014654,13.766666666666666,10.395624380224664,-3.3710422864420018,"Jackson County, GA",Georgia
2365,1761,2.6222502112988773,2.3938837477831436,train,33007,31870,50.91308440539692,49.08691559460308,95.54753686852841,1.735174144963916,99.33928571428572,58.41071428571429,40.92857142857143,0.6607142857142857,18.20993935447108,79.01827506207009,2.77178558345883,25.064863877215423,50.04567878677142,24.889457336013155,51.79476526796842,30.37390943082676,17.83132530120482,14.055535378215074,27.657616198803506,14.088729016786573,19.679957854532283,5.0,37.83474479285878,69.79856317791238,40.63952669390055,7.740526834765459,16.56571348077194,42312.0,0.4343,24546.0,62.48029427220179,6.2495956524551985,65.43741148273233,65.99279109857389,20.781130842139667,99.10672308415607,18.313541780150345,0.12537219871493496,1.4967053655475369,13.666666666666664,23.21619077502353,22.187009727016004,38.76686539064952,21.29902729839975,2.7172889865076875,13.766666666666666,10.955961614431853,-2.8107050522348125,"Coos County, NH",New Hampshire
2366,2925,1.9756230463738251,1.8760454334798102,train,51678,7071,61.83000989958988,38.16999010041013,78.68759722811484,10.86126431904964,100.0,65.4357459379616,34.5642540620384,0.0,28.106287425149702,59.95508982035928,11.938622754491018,71.95458729671678,17.275237803007055,10.770174900276158,38.06136060471321,18.09693196976434,43.84170742552245,20.24484920871902,20.46263345195729,26.695116168800386,11.323763955342903,6.0,15.304151915030575,60.805860805860796,39.80463980463981,3.6019536019536016,8.669108669108669,34017.0,0.5167,14792.0,39.251012145748994,2.269210933470861,86.03981770208685,64.72114137483787,6.284480690813145,97.01686121919585,8.323338930199089,0.0,3.8608400509121767,7.1111111111111125,32.6262197708952,65.66256540800453,12.770470937632586,11.624946966482813,10.451138452835526,7.211111111111112,6.527639767599589,-0.6834713435115232,"Lexington city, VA",Virginia
2367,1706,0.09531017980432493,-0.004463488471200483,train,31117,433,51.50115473441108,48.49884526558889,98.38337182448036,0.0,100.0,89.13043478260867,10.869565217391305,0.0,16.320474777448073,82.7893175074184,0.8902077151335311,12.711864406779661,72.03389830508475,15.254237288135593,33.63914373088685,41.89602446483182,24.464831804281346,14.780600461893766,26.02739726027397,15.202702702702705,16.628175519630485,5.0,38.709677419354854,73.09644670050761,32.99492385786802,0.0,1.5228426395939088,54306.0,0.4243,27364.0,65.10263929618768,0.9009009009009008,95.27559055118108,94.2528735632184,4.724409448818896,95.40229885057472,3.149606299212598,0.0,0.9237875288683602,1.0,25.404157043879906,17.321016166281755,41.33949191685912,20.092378752886837,1.6166281755196306,1.1,0.9955464580891771,-0.10445354191082301,"McPherson County, NE",Nebraska
2368,1512,2.6222502112988773,2.481093891819498,train,29071,101828,49.70145735946891,50.2985426405311,96.25054012648779,1.0340967121027616,99.6326564305762,71.62374112596996,28.008915304606237,0.3673435694238072,13.144763071150315,83.81040480502391,3.044832123825779,23.510419724097446,54.41493004598375,22.074650229918795,47.687372664614855,33.70901787391449,18.60360946147066,11.868483565415316,19.606857372681112,11.691068494744036,12.378539906196195,2.0,29.84988005880988,76.55267443317048,33.61142427658775,4.276587748966554,12.198421645997744,48480.0,0.4301,25241.0,66.44096046669097,6.9183129507682635,76.43304898539486,53.67114093959732,12.141333850329586,97.86577181208055,14.472663823187284,0.20134228187919465,1.5938641630985584,13.666666666666664,30.121381152531715,25.852417802569047,35.203480378677774,15.11372117688651,2.715363161409436,13.766666666666666,11.954334016370446,-1.81233265029622,"Franklin County, MO",Missouri
2369,1322,2.118929313186954,2.16569029615245,train,27029,8752,50.60557586837295,49.39442413162706,86.7687385740402,0.2513711151736746,97.9657882570504,72.81553398058253,25.150254276467876,2.034211742949607,14.828544949026876,82.80815569972195,2.3632993512511584,23.19884726224784,56.18155619596542,20.61959654178675,51.44101876675603,33.612600536193035,14.946380697050936,16.881908086096562,33.842239185750635,16.493180186647525,16.418255343731946,6.0,38.479052823315115,70.53930005737234,42.22604704532415,5.077452667814113,15.088927137119908,43421.0,0.4439,23391.0,58.69665690956709,6.9291338582677175,61.40960163432073,61.65413533834586,27.395301327885605,98.93483709273184,15.99591419816139,0.0,1.576782449725777,8.222222222222221,30.88436928702011,22.097806215722127,34.152193784277884,19.02422303473492,12.979890310786107,8.322222222222221,8.720619649794566,0.39839742757234475,"Clearwater County, MN",Minnesota
2370,651,2.132192107065365,2.064344222001645,train,17125,14126,49.511539006088064,50.488460993911936,97.38779555429704,0.8990513945915334,97.82608695652172,61.59420289855072,36.231884057971016,2.1739130434782608,17.930082796688133,79.30082796688133,2.7690892364305437,23.80504489097905,51.27832407011543,24.916631038905514,54.01612421618394,31.88016323280581,14.10371255101025,15.132909563709907,26.46299483648881,15.702917771883287,15.768319816263544,6.0,32.26854358419058,70.42184434270766,37.50817527795945,5.493786788750818,16.514061478090255,41567.0,0.425,24173.0,61.81517848949253,8.77375296912114,69.82494797404823,71.81085043988271,21.287795323785037,98.90029325513196,13.490023258660793,0.0,0.5875690216621832,8.333333333333334,27.813960073623107,22.68158006512813,35.735523148803615,20.090613053943084,1.7131530511114257,8.433333333333334,7.880128587928188,-0.5532047454051456,"Mason County, IL",Illinois
2371,2220,2.538096293116917,2.441069122964569,train,41037,7842,53.57051772507013,46.42948227492987,90.283091048202,0.612088752869166,99.09027291812455,81.66550034989503,17.424772568229532,0.9097270818754376,22.329767362879945,74.68160978094754,2.9886228561725248,21.106128550074736,50.32884902840061,28.565022421524677,48.96010910330719,33.32765086941698,17.712240027275826,18.59673024523161,25.21968365553603,22.286541244573087,23.40714576823801,6.0,45.91932457786115,67.27169597277367,40.72603516732842,4.934770277935336,21.951219512195124,32369.0,0.4293,20142.0,55.30008453085377,10.088657902782023,57.51123728412586,50.0,26.922167021528267,98.75592417061613,22.07239176721079,0.0,7.689364957918898,12.555555555555555,24.419790869676103,21.333843407294054,38.115276715123684,22.111706197398618,9.104820198928843,12.655555555555553,11.485313393443718,-1.170242162111835,"Lake County, OR",Oregon
2372,71,2.118929313186954,2.0188856282307865,train,2060,970,57.0103092783505,42.989690721649495,56.39175257731959,0.5154639175257731,100.0,60.83333333333333,39.16666666666666,0.0,14.935988620199149,80.08534850640113,4.978662873399715,30.69053708439898,45.52429667519181,23.78516624040921,38.67488443759631,41.29429892141757,20.030816640986128,7.20250521920668,9.1324200913242,7.3134328358208975,12.095933263816473,6.0,25.416666666666664,91.77718832891243,15.649867374005305,2.6525198938992043,9.549071618037134,79750.0,0.3571,38267.0,78.16411682892907,5.5160142348754455,70.46153846153847,43.47826086956522,8.923076923076922,94.20289855072464,23.538461538461537,2.898550724637681,7.1134020618556715,8.222222222222221,32.061855670103085,25.46391752577319,42.680412371134025,7.1134020618556715,43.092783505154635,8.322222222222221,7.529929116068589,-0.7922931061536325,"Bristol Bay Borough, AK",Alaska
2373,736,2.2204104848050292,2.2807927331626177,train,18091,111280,51.73885693745508,48.261143062544924,84.0115025161754,10.874370956146658,99.33001062178283,61.712558215540476,37.61745240624234,0.6699893782171746,15.696948637761734,81.2504021723743,3.0526491898639683,30.14927996309193,46.242736469787005,23.607983567121053,52.6034038030305,30.233703612490114,17.162892584479383,17.43185781749064,41.605711276259576,15.899382302597306,13.55309924618209,4.0,28.530848373575363,76.43009952562552,34.892103060180446,5.9227048646637535,15.166031066877501,46872.0,0.4406,23499.0,65.91151351698453,9.563150305911694,70.51826539744529,64.33881779402803,14.849890163534296,98.5313833028641,17.45179399560654,0.0,5.962437095614666,9.111111111111107,28.298885693745504,27.94033069734004,34.67469446441409,15.229151689432063,5.1141265276779295,9.211111111111105,9.784433781081194,0.5733226699700893,"La Porte County, IN",Indiana
2374,556,2.267533454935127,2.167557476225011,train,16023,2653,53.675084809649455,46.32491519035055,92.91368262344515,1.9977384093479085,100.0,75.30303030303031,24.6969696969697,0.0,15.52254098360656,80.27663934426229,4.200819672131146,20.32288698955365,53.18138651471986,26.49572649572649,46.77695379349686,37.59269823160297,15.630347974900172,17.604286261002677,34.97942386831276,17.39652069586083,16.93425076452599,4.0,39.30722891566265,67.59167492566897,40.73339940535183,4.757185332011893,12.784935579781964,37891.0,0.4793,21982.0,52.24948875255624,6.849315068493151,65.578231292517,65.4320987654321,14.421768707482991,99.1769547325103,24.421768707483,0.0,6.106294760648322,9.555555555555557,33.961552958914424,22.84206558612891,33.09460987561252,19.18582736524689,5.088578967206937,9.655555555555557,8.736917828106817,-0.9186377274487398,"Butte County, ID",Idaho
2375,2748,1.4637696732881809,1.684084350504133,train,48465,48980,50.690077582686826,49.309922417313174,93.00939158840343,1.0902409146590444,100.0,66.01330066503324,33.986699334966744,0.0,9.933272672126176,87.73733697300577,2.329390354868062,29.274625412452,47.5279926434792,23.197381944068805,60.50635506355064,22.49555828891622,16.998086647533142,20.62349104155195,38.452543363866695,21.28003527077669,12.20448662640207,5.0,29.35840442148264,78.26910074374578,31.088573360378646,8.492224475997295,21.95402298850575,42174.0,0.4507,18632.0,61.95574144011985,8.992443324937028,54.74745116351467,43.32124270619776,13.600280177445715,95.61583346475321,34.029885594209674,1.6716606213530991,80.39403838301348,4.2222222222222205,36.878317680685996,31.06369946917109,26.339322172315235,13.358513679052674,5.900367496937527,4.322222222222221,5.38751559723519,1.0652933750129687,"Val Verde County, TX",Texas
2376,1728,1.2653814324545796,1.472524075619522,train,31161,5294,49.26331696259917,50.73668303740083,84.54854552323386,0.4344540989799773,100.0,68.24489795918367,31.755102040816325,0.0,17.337382941027588,80.53657301948874,2.1260440394836757,22.542685740655283,54.19935394554682,23.25796031379788,40.87071240105541,34.5910290237467,24.538258575197894,16.50934309381622,41.909196740395814,14.302158273381295,14.860442733397493,6.0,35.33316941234325,74.14785303231518,42.186808322266494,4.338202744577247,8.986277113767152,41985.0,0.4316,23734.0,64.55919395465996,1.443620756925478,67.36918604651163,63.62889983579638,14.425872093023255,95.48440065681444,23.074127906976752,0.0,4.174537211938043,3.4444444444444446,30.317340385341897,19.49376652814507,33.22629391764261,24.14053645636569,15.017000377786172,3.5444444444444447,4.360226805506367,0.8157823610619226,"Sheridan County, NE",Nebraska
2377,2170,2.8835584766621185,2.80118375445962,train,40091,20280,49.37376725838264,50.62623274161736,70.08382642998028,3.5059171597633143,99.11185789726356,67.42678828612578,31.685069611137784,0.8881421027364379,14.906043676993392,81.62138141188422,3.4725749111223974,19.841222821257183,53.812429646306065,26.346347532436752,55.25742304549168,30.95886679378916,13.783710160719151,21.125276048986148,41.52046783625732,23.438475952529675,23.55297416382936,6.0,39.598358617259386,59.73963931685178,47.04407022572555,10.271109518691027,19.049325211990922,36011.0,0.4456,20599.0,48.43284999683405,10.419662701006668,49.26032834205304,63.649883152751215,26.27638462926213,98.25791374548544,29.532744001443266,0.7223284469938389,2.406311637080868,17.777777777777782,26.474358974358967,21.11932938856016,34.20611439842209,24.06804733727811,26.41025641025641,17.877777777777784,16.46412472132994,-1.413653056447842,"McIntosh County, OK",Oklahoma
2378,676,1.4891517465595983,1.7933885849400355,train,17175,5859,49.34289127837515,50.65710872162485,97.610513739546,0.7509813961426864,98.4126984126984,74.60317460317461,23.809523809523807,1.5873015873015872,15.540240106714096,81.65851489550911,2.8012449977767897,23.32577786935916,55.738718318565844,20.935503812075005,50.275317213311006,32.128321762030176,17.596361024658847,11.928845483083364,22.740814299900688,11.254019292604502,16.498784300104198,3.0,34.898891063274625,71.76913425345045,39.23044751150147,4.51693851944793,9.159347553324967,50085.0,0.4369,27148.0,61.13828368163629,7.6,73.96449704142013,81.89588189588191,17.159763313609467,97.59129759129759,14.201183431952662,0.3108003108003108,1.1094043352107867,4.333333333333333,28.05939580133129,21.11281788701143,34.05017921146954,23.331626557433015,1.638504864311316,4.433333333333333,6.009782660651356,1.5764493273180236,"Stark County, IL",Illinois
2379,2823,2.8455551700866035,2.3682667111832636,train,51021,6662,55.824076853797656,44.17592314620234,94.22095466826778,5.028519963974784,100.0,83.43666961913199,16.563330380868024,0.0,16.720955483170467,82.62757871878394,0.6514657980456027,24.067326045462433,49.24518479958356,26.68748915495402,54.21425758172509,31.646317447814106,14.139424970460816,10.847161572052402,16.06217616580311,11.258758154143512,17.635760433036488,6.0,31.704668838219323,66.3733741392502,44.4912012241775,5.58530986993114,15.378729915837797,45294.0,0.3834,20169.0,57.56850804697696,7.820173781639593,80.13739545997609,54.08,10.63321385902031,99.44,13.679808841099165,0.0,1.3209246472530771,17.11111111111111,22.050435304713297,25.758030621435005,37.73641549084359,19.558691083758628,0.7505253677574303,17.211111111111112,10.678866673451676,-6.532244437659436,"Bland County, VA",Virginia
2380,953,1.2006339030604214,1.574674835780929,train,20143,6048,51.81878306878308,48.18121693121692,96.80886243386244,0.2976190476190476,98.4594775619558,76.8251841929002,21.634293369055595,1.5405224380442064,15.717488789237668,83.47533632286995,0.8071748878923767,19.116732324279496,61.662865436450346,19.220402239270165,39.82683982683983,38.79268879268879,21.38047138047138,7.878275570583263,11.579754601226993,7.599517490952954,14.362506299344867,5.0,31.547749725576292,78.21901323706378,34.05535499398315,5.014039310068191,6.097071801042921,52479.0,0.3886,26260.0,70.13452914798206,5.147058823529411,80.00582920431361,72.40038872691935,9.38501894491402,98.9310009718173,14.893617021276595,0.0,2.69510582010582,3.2222222222222223,31.398809523809533,22.73478835978836,34.70568783068783,17.873677248677247,2.8935185185185186,3.3222222222222224,4.829171089138243,1.5069488669160207,"Ottawa County, KS",Kansas
2381,1986,2.118929313186954,1.6233642047318686,train,38005,6794,51.47188695908154,48.52811304091846,42.714159552546356,0.0,98.39826839826841,40.995670995671,57.4025974025974,1.6017316017316017,13.34527541424093,84.99776085982981,1.6569637259292431,41.763245033112575,40.107615894039725,18.12913907284768,47.44620171117449,37.9569613689396,14.596836919885922,33.511269276393826,91.48397976391232,35.627653123104906,8.92462015046467,6.0,26.517857142857146,77.63157894736842,33.46491228070175,6.008771929824562,22.938596491228072,41296.0,0.5186,20697.0,57.82054150816738,6.230650154798761,55.72644877780829,60.6280193236715,19.527602307058498,98.18840579710144,26.14666300466905,0.7246376811594203,2.2225493082131296,8.222222222222221,41.47777450691787,24.345010303208714,29.467176920812484,12.18722402119517,57.285840447453644,8.322222222222221,5.070118574129447,-3.252103648092774,"Benson County, ND",North Dakota
2382,367,2.4267673628924595,2.6983072144732434,train,12107,72696,49.2805656432266,50.719434356773405,77.76081214922418,16.464454715527676,99.23477388195448,47.901900520604656,51.33287336134981,0.7652261180455372,15.787183902836945,78.14737605365721,6.0654400435058475,27.095503442702984,41.52286998535378,31.38162657194324,60.3877303493877,27.78864587816425,11.82362377244806,28.650691088886393,84.41849492804906,31.287662168868298,17.298326149023122,5.0,37.67952092423466,59.51305855579236,47.27450059603367,6.9320521619766655,23.512625076761907,31715.0,0.4698,18082.0,49.51975924891428,12.361717612809315,47.47714852843875,53.15947160561079,25.39270223246012,98.73348767533705,31.129463082314306,0.2723682418629988,9.437933311323867,11.222222222222221,27.894244525145808,23.19247276328821,34.17244415098492,20.593980411576982,5.774733135248157,11.32222222222222,14.854564837448033,3.5323426152258133,"Putnam County, FL",Florida
2383,1325,2.0208114572284313,1.9270184792134135,train,27035,63048,49.89690394619972,50.10309605380028,96.52962821976908,0.6391955335617308,99.30970680330202,69.57016794762312,29.739538855678905,0.6902931966979788,14.9964655495031,81.07405713335274,3.9294773171441637,24.867869332033163,54.55290102389079,20.579229644076054,38.294895518346344,38.493478358983616,23.21162612267004,11.283977971517107,16.761840779308027,11.608646503794956,14.280443988194532,5.0,35.25398028809704,71.40147923383273,38.5397307035843,4.896643277071876,9.937417030153613,49435.0,0.4507,27936.0,62.59274611398964,5.410416873613457,70.6299541093033,73.8999593330622,23.390349047420386,99.0971939812932,10.938673341677095,0.0,1.3005963710189063,7.444444444444445,28.01357695723893,23.607410227128533,33.94556528359345,20.05773379012816,2.8311762466692043,7.544444444444446,6.868999615210095,-0.6754448292343511,"Crow Wing County, MN",Minnesota
2384,2711,1.9756230463738251,1.8816683159563665,train,48391,7277,49.965645183454725,50.034354816545275,83.70207503091933,6.142641198296001,99.9407231772377,62.418494368701836,37.52222880853585,0.05927682276229994,13.60707052108267,84.51482231633217,1.8781071625851595,26.280963691890047,48.269426535459786,25.449609772650145,55.97649918962722,34.319286871961104,9.70421393841167,16.934121621621617,34.05448717948718,16.7203954437997,22.92778870469233,6.0,30.590339892665487,75.33599709407919,42.063203777697055,5.158009444242643,14.892844169996364,44240.0,0.474,24902.0,60.3387958018781,6.713457430576748,61.829967589129886,64.71830985915493,13.487908252306154,98.73239436619718,26.97581650461232,0.2112676056338028,49.20983921945857,7.1111111111111125,30.177270853373646,25.079016078054146,30.90559296413357,20.832760753057574,10.155283770784663,7.211111111111112,6.564447304110107,-0.6466638070010049,"Refugio County, TX",Texas
2385,1695,1.5380612495918724,1.5433166619390202,train,31095,7433,48.99771290192385,51.00228709807615,97.17476120005381,0.013453518094981841,98.34050399508295,69.0842040565458,29.256299938537182,1.6594960049170249,19.971870604781998,78.48101265822784,1.5471167369901548,20.36036036036036,56.9041769041769,22.735462735462733,53.02745393004889,33.28318916886048,13.689356901090633,12.457174181170346,25.410476935105553,11.430808377373262,14.959016393442626,6.0,32.29417843610059,74.03989282524563,38.55314081571896,4.674010122060137,9.49687406966359,43008.0,0.4405,25469.0,66.34463376075882,4.156738151972465,77.37403100775194,71.82108626198081,16.76356589147287,98.33865814696483,11.167635658914733,0.12779552715654952,3.457554150410332,4.5555555555555545,28.02367819184717,20.799138974841927,35.046414637427695,22.265572447194945,2.811785281851205,4.655555555555554,4.680086824209675,0.024531268654120808,"Jefferson County, NE",Nebraska
2386,3125,1.789905900578732,1.8900098091551543,train,56027,2516,46.26391096979332,53.73608903020668,93.20349761526232,0.2782193958664547,93.63207547169813,85.61320754716981,8.018867924528301,6.367924528301888,21.330401319406267,75.04123144584936,3.628367234744365,19.606003752345213,50.891181988742964,29.50281425891182,37.64769065520946,41.08485499462943,21.26745435016112,14.868540344514964,24.038461538461537,16.155810983397192,18.145161290322573,6.0,31.57135992311389,68.80382775119618,36.65071770334929,9.186602870813395,9.473684210526317,40398.0,0.4751,25272.0,62.610619469026545,1.5901060070671376,71.15987460815047,58.458646616541344,12.225705329153605,98.68421052631578,18.8871473354232,0.0,2.583465818759936,5.8888888888888875,20.548489666136728,29.968203497615267,31.915739268680447,21.26391096979332,6.518282988871225,5.988888888888888,6.619433611775951,0.6305447228870626,"Niobrara County, WY",Wyoming
2387,1225,2.5810582263605166,2.553432298845072,train,26001,10550,50.33175355450236,49.66824644549764,97.53554502369668,0.2748815165876777,97.96918767507002,74.50980392156862,23.459383753501395,2.030812324929972,17.627420431782774,79.4903182728689,2.88226129534832,17.6501804287837,58.883464232647,23.466355338569304,51.33814289038864,34.39609029555504,14.26576681405632,15.166104959075591,27.247191011235948,16.58486179281839,21.88635928831069,6.0,51.89651392238545,50.62987402519497,55.948810237952394,7.258548290341933,15.656868626274743,38033.0,0.4337,23933.0,40.82650121870153,12.048846675712348,61.63213376953834,81.27128263337117,27.081061432206468,99.43246311010216,18.72046528535078,0.0,1.3554502369668249,13.111111111111107,18.04739336492891,14.483412322274884,38.04739336492892,33.933649289099534,2.1895734597156395,13.211111111111109,12.851137114733868,-0.35997399637724037,"Alcona County, MI",Michigan
2388,1249,2.5977391802845275,2.4974720054114163,train,26049,415874,48.20522562122181,51.79477437877818,74.77168565478969,20.42012725008055,98.72890797496305,54.31259748414933,44.416310490813714,1.271092025036968,15.804994192053705,80.59792967571767,3.597076132228647,33.28394456907805,43.11818352904628,23.59787190187568,43.526674482051504,37.14996576287836,19.32335975507014,20.8784970678595,45.83402202821897,21.3757339158185,16.385628458536278,3.0,24.84077036513084,67.43955272648064,36.40934724205533,8.152213374639983,23.443134787133626,42327.0,0.4535,22957.0,58.39670015487901,12.888978444848654,63.9804895802016,80.73997177661352,28.13266452521481,98.75590014760508,12.747440543063753,0.09407795493990366,3.20000769463828,13.333333333333336,30.722526534479194,26.57126918249277,34.486166483117486,15.118521475254527,4.808187095129775,13.433333333333332,12.151735576790182,-1.2815977565431496,"Genesee County, MI",Michigan
2389,701,2.2442495159810822,2.3773696294663047,train,18021,26686,49.01071723000825,50.98928276999175,97.38064902945364,0.23607884283894176,98.44271412680756,73.87573494358811,24.56697918321945,1.5572858731924362,12.284558125593245,86.05685167607534,1.6585901983314184,21.51052069301872,56.88141576478238,21.60806354219889,57.57608993693447,27.337537702221013,15.086372360844527,14.530534351145036,22.113463843387933,15.528843388738716,17.154668891754536,4.0,25.879581922567354,73.83276945384245,36.99371677138714,6.138231029482843,15.70807153214113,47602.0,0.4041,21856.0,62.815722612464505,7.708779443254818,71.46170239438383,65.96261228453507,14.667168108311396,99.10172371934937,17.920270778488153,0.0,1.2815708611256842,9.333333333333334,30.22183916660421,25.86749606535261,34.47125833770517,16.079592295585705,2.3832721277074125,9.433333333333334,10.776519311813225,1.343185978479891,"Clay County, IN",Indiana
2390,1107,2.6222502112988773,2.5899825362722115,train,22001,62163,48.29721860270579,51.70278139729421,78.97302253752233,17.434808487363867,98.99928092042187,60.726270373921366,38.27301054650048,1.00071907957814,14.205287573751294,81.07237760662973,4.722334819618969,30.966698461410857,45.15613984157922,23.87716169700991,65.45084336743672,24.054196727080768,10.494959905482515,20.632517729912955,29.52928953887957,24.75854539346603,18.620824762464487,3.0,20.85533262935586,72.79083145271916,32.09434045754237,10.712863401035444,21.403601929288907,37649.0,0.4679,20552.0,60.1862448109503,9.331891730668854,59.45394718951405,55.171971252566735,18.701221004541377,98.49845995893223,24.974845674815764,0.1026694045174538,2.0671460515097406,13.666666666666664,33.54246094943938,28.291749111207643,31.541270530701546,13.290864340524106,3.5921689751138137,13.766666666666666,13.32953881772567,-0.437127848940996,"Acadia Parish, LA",Louisiana
2391,2430,2.7856968781925207,2.755402579820432,train,47019,56941,48.92081277111396,51.07918722888604,96.68428724469187,1.2837849704079658,99.24716553287979,68.18140589569161,31.06575963718821,0.7528344671201814,15.770674142062663,81.82393633856309,2.405389519374237,21.283048862115127,51.223644578313255,27.49330655957161,58.36663093265764,25.494591170451226,16.138777896891142,23.613151261266164,52.4270482603816,26.53026233068526,21.589648136879404,4.0,31.974777998385445,66.41834770235205,42.44998744454675,6.7422783962501045,21.047124801205324,33213.0,0.4512,19166.0,55.74717772522422,8.13623084003682,60.18844330706372,58.01629132726402,22.78186523977084,98.22712026832774,22.197342018786173,0.21082894106372785,1.6420505435450732,16.11111111111111,24.953899650515453,25.73892274459528,35.70713545599831,19.12154686429813,2.03192778490016,16.211111111111112,15.727371150756795,-0.4837399603543169,"Carter County, TN",Tennessee
2392,794,1.2335316065674804,1.3336868397449007,train,19023,14966,49.639182146198046,50.360817853801954,98.2360016036349,0.3942269143391687,99.57615145521332,79.74003955919751,19.836111896015826,0.42384854478666295,14.45944737548064,84.21711526424036,1.3234373602789948,19.622516005653946,62.64238796042238,17.73509603392367,48.55640535372849,36.2906309751434,15.152963671128106,9.003609616563372,15.018074268813672,8.38340763713898,10.05780346820809,6.0,25.95092024539877,75.94651200257773,36.15273078782021,2.5132914451425807,8.055421298533911,52360.0,0.4049,26498.0,67.97420741536808,3.8076416337285903,83.86591100928493,74.55621301775149,11.0936934764259,97.91159067177166,8.356445194742554,0.2436477549599721,1.0824535614058532,3.333333333333333,29.57370038754511,22.083389015100888,33.656287585193105,20.61339035146332,1.3697714820259257,3.433333333333333,3.795009217676476,0.3616758843431427,"Butler County, IA",Iowa
2393,3093,2.366081404553173,2.2517590370320644,train,55105,160727,49.09878240743622,50.90121759256378,90.11553752636459,3.4916348839958435,98.93760364842457,60.439987562189074,38.49761608623549,1.062396351575456,14.78773208267144,81.26948906091094,3.942778856417626,29.143016872558988,48.423390196367706,22.433592931073303,47.90382015813938,31.72231172342277,20.373868118437862,14.958589826019974,30.204053447501984,14.097834190354213,13.944308119065402,4.0,28.493680638657107,76.60897486099147,31.336831388519073,6.0787845563474034,18.72816978620095,50324.0,0.4157,25219.0,67.50227894257065,7.9896875575471125,72.49216060794869,75.34150305266394,18.16491833753817,98.46707954495541,13.028201383001544,0.2327930777001801,8.08700467251924,10.555555555555557,30.717925426344053,27.240600521380976,34.029130139926714,14.655285048560602,6.392827589639577,10.655555555555555,9.504439802185228,-1.151115753370327,"Rock County, WI",Wisconsin
2394,2441,3.125297477908635,2.632972579395778,train,47041,19038,49.97898938964177,50.02101061035823,94.78936863115874,1.4497321147179325,97.29539040451552,66.60395108184382,30.69143932267168,2.7046095954844778,12.174515235457065,84.1343490304709,3.6911357340720223,26.407009465336397,46.783064722435405,26.809925812228194,65.24149453219928,20.914337788578372,13.844167679222355,20.875402792696022,43.03051317614424,22.33099839648916,19.50401788090043,6.0,23.663346208578982,66.27167630057804,42.008670520231206,7.297687861271676,22.369942196531788,38319.0,0.5323,25573.0,54.87997799023317,7.59493670886076,60.466543891958246,49.202806122448976,22.95010085065334,100.0,22.353766552661575,0.0,7.196134047694086,22.66666666666667,29.514654900724867,25.70648177329552,34.80407605840949,17.013341737577473,3.760899254123333,22.766666666666676,13.915072141362417,-8.85159452530426,"DeKalb County, TN",Tennessee
2395,180,2.0208114572284313,2.361514581851452,train,5143,216432,49.966733200266134,50.03326679973386,78.68568418718121,3.3197493901086714,99.5157251233704,70.01178463578111,29.503940487589308,0.4842748766295942,14.855232121102155,76.43342232820964,8.711345550688199,33.71604938271605,46.459729570840686,19.82422104644327,44.348288867806644,25.18144865832119,30.47026247387217,20.067906503870095,33.95384577250081,22.280797574663787,10.334047707789788,3.0,20.84283515953798,81.77112650204351,24.11957612393236,4.7955262964685135,10.774332493086316,43524.0,0.4955,24638.0,67.57921023880132,5.936532865259365,70.9378364512656,58.24074924249381,10.79895659462545,96.28133321090807,20.972158996481035,1.3176016894683684,16.047534560508613,7.444444444444445,33.412341982701264,37.055056553559545,27.296333259407113,10.432375988763214,17.994566422710133,7.544444444444446,10.607004469028299,3.0625600245838527,"Washington County, AR",Arkansas
2396,2198,2.4267673628924595,2.50898257008598,train,40147,51760,48.321097372488396,51.678902627511604,78.41383307573416,2.573415765069552,97.96418935491785,66.46226800752187,31.50192134739596,2.0358106450821682,15.391167436698241,81.02366879178173,3.5851637715200173,21.659894693818675,52.92236674440411,25.41773856177722,43.61478621316222,29.461700073817497,26.923513713020267,14.421331017604802,28.219533275713054,13.766309925230903,16.4628684917637,5.0,31.143392215417318,72.6727298700062,35.97923908385315,4.3331269939526695,11.399457168706252,50023.0,0.46299999999999997,28145.0,61.148743641522465,4.936878187442521,69.50440049526486,71.08681532799307,11.083224575845804,98.08400086598827,22.66506040223539,0.4979432777657502,5.53323029366306,11.222222222222221,30.150695517774338,25.81530139103555,32.297140649149924,18.228361669242663,19.012751159196288,11.32222222222222,12.292417023225566,0.9701948010033465,"Washington County, OK",Oklahoma
2397,1034,3.2228678461377385,3.2003222137576453,train,21095,28400,48.86267605633803,51.13732394366197,95.40845070422537,2.4823943661971835,98.70696370151111,65.16591369372176,33.54105000778937,1.2930362984888613,14.862195466089736,82.6686106669175,2.4691938669927573,22.013015184381786,49.570498915401295,28.416485900216927,63.88362444296471,24.396865235875634,11.71951032115966,31.222062004325885,72.5068870523416,39.02517962327659,31.26074498567335,6.0,23.707957342083674,53.831316850780276,42.977380326144136,16.85954760652288,31.229177625810976,25814.0,0.4732,15840.0,42.012109920819746,9.76718403547672,46.46740710589057,52.937046571495436,39.19288247950225,97.23847413994852,21.76542420189568,0.21062485373274045,0.8450704225352111,25.0,28.62676056338029,25.95422535211267,35.49999999999999,15.834507042253524,2.1091549295774645,25.100000000000005,24.54043618949006,-0.5595638105099461,"Harlan County, KY",Kentucky
2398,2187,2.7649205075996024,2.618807575450104,train,40125,71136,47.663630229419695,52.33636977058029,76.19911156095367,2.8565002249212776,99.31768243321385,65.27697467329709,34.04070775991673,0.6823175667861686,13.699661272111404,81.58588039538063,4.714458332507973,25.063527916990186,48.57415119644244,26.362320886567375,48.545948041876706,33.39795786480548,18.056094093317824,18.177514792899405,34.67089611419508,18.537773406397825,17.511145964942855,5.0,34.375408031933745,73.08432066471765,35.54777658101247,7.697338052008003,18.02969687644253,44688.0,0.4491,21974.0,60.295830421616586,6.615800656751016,64.28884345794393,62.85960874568469,16.352706386292837,98.16839278864596,23.800136292834893,0.5370157268891446,4.733187134502924,15.777777777777779,31.69000224921277,28.410368870895187,31.87837381916329,15.227170490328385,20.944388214125052,15.877777777777778,13.71935453243417,-2.1584232453436076,"Pottawatomie County, OK",Oklahoma
2399,13,1.7326383462202575,2.2576611736267473,train,1027,13537,49.279751791386566,50.720248208613434,81.73893772623181,14.500997266750385,100.0,59.42857142857143,40.57142857142857,0.0,15.259834871296745,81.33074307916466,3.4094220495386107,22.7737881508079,50.49371633752244,26.73249551166965,61.21657052962769,29.197692711064487,9.585736759307812,16.65027611770936,28.98103220114689,17.64369786310136,17.987184319638146,6.0,32.082978118783736,66.43292120317402,44.04871747554899,7.824321830596051,16.940394906809374,35327.0,0.4217,18905.0,55.05344995140914,9.443954104148279,62.81190626979101,66.68058455114823,21.84927169094364,99.3319415448852,21.73527549081697,0.0,3.1764792790130763,5.5555555555555545,29.16451207800842,22.767230553298372,36.36699416414272,18.888970968456825,3.760065007017803,5.655555555555554,9.560702174932313,3.905146619376759,"Clay County, AL",Alabama
2400,553,2.118929313186954,2.417556228434469,train,16017,41066,50.073053133979464,49.926946866020536,95.51697267812789,0.17532752155067452,96.6809421841542,68.91506067094933,27.76588151320485,3.3190578158458246,14.900950133515494,80.46016270260199,4.638887163882506,19.481965483899323,55.17302001230625,25.34501450379443,40.17892776373554,38.88186776639617,20.939204469868297,15.259498385895204,23.96463471382038,16.619697955054555,15.848926869996562,5.0,43.37360480804613,68.81288896643983,40.96434595474903,6.57244227301809,12.865701157447797,42171.0,0.4562,23981.0,53.68362352066423,6.163434903047093,64.81881648936171,63.90309228147065,16.373005319148938,96.2016070124178,23.690990691489358,0.8156805454102751,2.683485121511713,8.222222222222221,26.109190084254607,20.90537184045196,38.27497199629864,20.233283007841035,4.3076998003214335,8.322222222222221,11.218410556566091,2.8961883343438704,"Bonner County, ID",Idaho
2401,1129,2.0780516873907815,2.2159842980535007,train,22045,73938,48.71243474262217,51.287565257377786,62.288674294679325,31.42633016851957,99.39061547836685,48.979280926264465,50.41133455210238,0.6093845216331505,11.961390685034205,84.49442414019305,3.5441851747727484,33.02054008966739,43.19848469050847,23.780975219824143,64.61671445437679,22.35199865069995,13.03128689492326,19.59188714458228,43.604135893648454,18.583952946398846,16.008097055243255,3.0,23.993805195523514,76.55722148415259,30.90529512241413,7.614348073638263,19.58246346555324,45261.0,0.4936,23977.0,65.03996555661631,9.995682832062169,61.70483460559797,66.528442317916,17.082424572882587,96.25730994152046,25.02271901126863,0.04253056884635832,3.7342097432984387,7.8888888888888875,33.47940166085098,28.015364224079644,32.18642646541697,13.165084259785225,6.284995536801104,7.988888888888888,9.17043110820312,1.181542219314232,"Iberia Parish, LA",Louisiana
2402,1602,2.1709566505156093,1.6011323578340557,train,30021,9365,52.57875066737854,47.42124933262146,95.00266951414845,0.8435664709022958,98.83070665988815,68.58159633960345,30.2491103202847,1.1692933401118455,15.167727009832275,81.56448814343551,3.267784846732215,24.95446265938069,58.027582617746546,17.017954722872755,43.60393603936039,37.6230012300123,18.773062730627306,13.639950400180366,37.76824034334764,10.889350151684496,13.527586970972747,6.0,25.07099391480731,80.77503774534473,30.77503774534474,3.5228988424760943,11.449421238047307,52738.0,0.4145,27878.0,66.48250460405156,1.8325165139569568,78.73902919577289,78.92953929539296,9.99462654486835,99.59349593495935,16.478595737058928,0.20325203252032525,2.658836091831287,8.666666666666666,26.85531233315537,27.97650827549386,34.06300053390282,16.924719701014414,4.153764014949279,8.766666666666667,4.958644206136085,-3.808022460530583,"Dawson County, MT",Montana
2403,840,1.8440707637960658,1.519104515640411,train,19115,11271,51.0247537929199,48.97524620708012,92.25445834442374,0.9138497027770384,99.74150664697191,72.23042836041358,27.51107828655834,0.258493353028065,12.786418140804939,84.56606909652143,2.647512762673632,26.367831245880023,54.889035376840255,18.74313337727972,54.845441502543366,31.94208947437068,13.212469023085955,12.205432631768305,24.02208927749655,11.004217185028994,11.462166771384974,6.0,26.587162399158192,79.63349570865228,31.802366040361857,3.2707028531663185,11.227093481790767,51144.0,0.4225,26176.0,68.79971506589101,4.693701466781708,79.48794729749963,70.12614678899082,13.160652792334185,98.68119266055044,10.480610869890702,0.2293577981651377,16.121018543163874,6.222222222222222,31.7451867624878,24.514240085174347,35.21426670215597,16.15650785200958,6.831691952799219,6.322222222222222,4.568132671660256,-1.7540895505619662,"Louisa County, IA",Iowa
2404,2605,2.1835512754360096,2.1946773482110506,train,48179,22983,53.31331853979028,46.68668146020972,85.83735804725231,4.755688987512508,99.6202313136544,71.20662868979805,28.413602623856374,0.3797686863455895,15.407388338267472,81.96035525807697,2.6322564036555542,24.761168479761444,48.854160914462426,26.38467060577613,52.49251594429259,33.88650266822856,13.620981387478853,13.281911391214376,20.745131244707874,13.4461134606971,15.587945821811873,5.0,26.10673665791776,75.03030303030303,32.33939393939394,5.054545454545455,10.254545454545458,43288.0,0.4209,21555.0,63.07791371538956,5.3184973458554525,62.12333856187568,65.70090722856307,12.515479237183195,97.89288849868305,28.944109634277225,0.3219198127011999,26.402123308532392,8.777777777777779,31.592916503502593,29.26075795152939,29.948222599312533,15.511464995866511,9.40695296523517,8.877777777777778,8.977104110791162,0.09932633301338356,"Gray County, TX",Texas
2405,24,2.2082744135228043,2.593356251226882,train,1049,71068,49.91557381662633,50.08442618337367,86.41723419823269,1.8221984578150503,99.79296066252589,71.73073694812825,28.062223714397632,0.2070393374741201,13.021201751199648,83.7115491234443,3.2672491253560714,24.52800113350572,49.92384258439304,25.548156282101235,62.79882270734961,26.021131979587945,11.180045313062443,18.689075151911887,33.67669172932331,19.74086409051508,15.315315315315313,6.0,23.068677598916803,69.06408667492904,36.28513173149962,6.620557310198697,16.895214488466,38192.0,0.44299999999999995,18411.0,57.10802057534769,7.662796904190017,62.2371999527019,57.38363547280746,17.211777225966653,97.65801077902992,24.902447676481014,0.2155805977462028,14.010525130860586,9.0,32.010187426127075,25.706365734226374,34.199639781617606,14.920920808239995,11.760567343952275,9.1,13.374584825643218,4.274584825643219,"DeKalb County, AL",Alabama
2406,1560,2.6059764591510066,2.3126435520712354,train,29167,31107,48.96325585880991,51.036744141190084,95.49619056803937,0.9804867071720192,98.96004378762998,73.01587301587301,25.944170771756983,1.0399562123700057,12.867019843764027,83.37972524019037,3.7532549160456137,26.02919533829204,53.1482439043793,20.822560757328667,51.77150387754068,29.44396573571899,18.78453038674033,18.485620433062948,30.118321979204016,20.463155648044395,17.228464419475653,3.0,30.87077938563087,72.9067392784207,36.89584751531655,6.841388699795778,17.903335602450646,41130.0,0.4187,19908.0,60.229118577413004,9.488999290276793,66.68489853962699,66.15143807474075,18.973910189793802,97.02602230483272,18.060493354482308,0.6847974955977304,2.0992059665027165,13.444444444444445,32.661458835631855,28.92275050631691,30.276143633265825,16.880444915935318,3.5233227247886334,13.544444444444446,10.101092154107896,-3.4433522903365503,"Polk County, MO",Missouri
2407,1297,2.4069451083182885,2.30606282515621,train,26145,196479,48.46115869889403,51.538841301105975,75.27013065009494,18.404002463367586,99.1323110825452,57.05169405931503,42.08061702323018,0.8676889174547792,16.56388146045953,78.97383070457893,4.462287834961524,33.38852543712768,43.800536566843654,22.810937996028656,46.14523025693418,33.62545881106444,20.229310932001358,18.2802641386623,36.67588091379913,18.744364292155094,16.15570189062144,4.0,26.723177905590425,68.15142765479628,38.492139878087904,8.293872313121591,21.362848893166504,43042.0,0.4515,23139.0,60.121288303769035,10.74868213260971,67.7067095899695,81.20618000697948,23.941036936631647,98.3693410742045,13.358183666553712,0.2696614955109292,8.073127408018161,11.0,29.47897739707551,27.342871248326798,33.74101048967066,16.61398928129724,6.325866886537492,11.1,10.03483786489068,-1.0651621351093201,"Saginaw County, MI",Michigan
2408,2905,3.231682358915419,2.782534077469837,train,51195,40530,51.77892918825562,48.2210708117444,92.66962743646678,5.41820873427091,97.28506787330316,67.22514369573193,30.05992417757124,2.7149321266968327,14.912131035659444,82.25558778365469,2.8322811806858903,29.09759497049316,45.43459565256072,25.467809376946114,58.42228864218618,27.60461144321093,13.973099914602905,22.433145812781614,46.34594197576203,24.9080221592591,24.929540709812105,5.0,23.604698007375497,62.540972859577806,48.59708928805559,11.41339976399633,21.18788514488003,37407.0,0.4752,20321.0,50.52970675168543,10.588235294117649,60.27028147411184,63.30995323981296,27.587779297765607,99.31529726118904,18.44297972888944,0.2004008016032064,1.2089810017271159,25.222222222222214,26.45201085615593,30.049346163335805,34.39921046138663,15.2973106340982,1.912163829262275,25.322222222222216,16.159919594130535,-9.16230262809168,"Wise County, VA",Virginia
2409,205,2.714694743820879,2.47882390300542,train,6043,17789,50.20518297824497,49.79481702175503,87.56534937320816,1.0793186800831975,99.66397849462365,68.88440860215053,30.77956989247312,0.3360215053763441,13.636692469073287,81.588656586848,4.77465094407871,22.18035343035343,54.0410602910603,23.778586278586282,39.01512384014029,38.890918389712866,22.09395777014685,15.054801521949004,24.349286314021825,16.46787531806616,17.79632152588556,6.0,38.74172185430464,65.11912865895167,43.539823008849574,5.459496255956434,10.047651463580667,47681.0,0.4552,28316.0,55.63221531525378,10.965127701375243,71.21489916047477,66.7913938260056,18.75904660812506,96.65575304022451,14.435974138762903,1.1459307764265672,10.135476980156275,15.0,22.19349035921075,20.55202653325089,38.490078138175285,24.189105627072912,11.355331946708644,15.100000000000003,11.927228588022292,-3.1727714119777115,"Mariposa County, CA",California
2410,3123,2.455782938066032,1.8767078514604416,train,56023,18316,51.08102205721772,48.918977942782256,96.53854553395935,0.14741209871150907,99.84170953700041,82.25168183616938,17.590027700831026,0.15829046299960428,11.350323316850512,83.82655001901864,4.823126664130848,21.7060870800483,59.90482278570922,18.38909013424249,38.07400066072019,40.37826230591345,21.547737033366367,7.897198833305818,10.74817920988744,7.767308480131093,10.502006928025514,6.0,26.50657000453104,83.21318228630278,29.954391643372073,1.7360600264822716,3.7663675150801823,66647.0,0.3888,29915.0,69.59567501713242,6.3347921225382935,78.31167617088903,74.79474548440065,8.81555576329812,97.45484400656817,16.09797139384874,0.9852216748768472,4.373225595108102,11.555555555555555,34.17230836427168,24.224721554924656,34.42891461017689,13.753002839047825,3.314042367329112,11.655555555555555,6.5319652260252825,-5.1235903295302725,"Lincoln County, WY",Wyoming
2411,2731,0.09531017980432493,0.1955727948598811,train,48431,1346,51.708766716196145,48.29123328380386,95.2451708766716,0.22288261515601784,100.0,78.73417721518987,21.26582278481013,0.0,9.200438116100763,90.79956188389923,0.0,19.858870967741925,53.931451612903224,26.20967741935484,53.53881278538814,24.20091324200913,22.26027397260274,16.02465331278891,42.5925925925926,11.341463414634148,10.932721712538225,6.0,13.8801261829653,84.03547671840354,29.268292682926827,3.1042128603104215,4.434589800443459,53456.0,0.4013,21386.0,61.44578313253012,0.0,63.5989010989011,39.45945945945946,13.736263736263735,91.35135135135135,26.51098901098901,8.648648648648653,45.765230312035655,1.0,35.28974739970282,23.7741456166419,31.277860326894498,15.601783060921244,4.531946508172362,1.1,1.2160073097821122,0.11600730978211216,"Sterling County, TX",Texas
2412,996,3.1105479479825724,2.7471704310366833,train,21019,48917,49.555369299016704,50.444630700983296,94.74415847251468,2.727068299364229,98.309060697879,60.4926204672075,37.81644023067149,1.6909393021210049,14.559912256649305,82.6679462571977,2.7721414861530023,22.95272763291484,49.600079241264886,27.44719312582027,47.404685346807526,34.9305236564079,17.664790996784564,20.39107943935264,43.34143899299099,21.496444946508074,20.478581348146566,3.0,32.910209485242575,67.1413093948305,41.89237992054893,8.270133622246298,18.79997936335965,42319.0,0.5123,25745.0,55.6431092505951,10.27191817868909,63.0273127753304,67.12747736726205,25.807929515418504,99.33936873011987,17.55418502202643,0.31808172253486666,1.5270764764805689,22.33333333333333,27.08056503873909,26.395731545270557,34.92037532964,17.474497618414865,2.528773228121103,22.433333333333334,15.5984325405396,-6.834900792793734,"Boyd County, KY",Kentucky
2413,2606,2.4069451083182885,2.491763151347268,train,48181,122780,48.800293207362756,51.19970679263725,86.86268121843948,5.9659553673236685,98.59318843060072,62.0708540133493,36.522334417251415,1.406811569399281,13.759847271290953,81.70217901735755,4.537973711351517,24.71741380360005,49.66008482659253,25.622501369807416,44.84757876312718,34.81621936989499,20.336201866977827,16.19102406976647,29.629629629629626,16.4202691680261,16.278418682015428,4.0,32.23665903204401,74.8766281901938,33.97649052207985,5.599915281160648,15.029122101027214,47952.0,0.4476,25033.0,63.488793224970465,7.398804440649017,64.52539693449721,67.7449168207024,13.350745755722047,96.79605668515093,25.78733933603684,1.1912096939823371,12.274800456100342,11.0,30.65157191725036,25.980615735461804,33.66916435901612,16.543410978986806,7.171363414236847,11.1,12.08256073416997,0.9825607341699705,"Grayson County, TX",Texas
2414,2312,1.2335316065674804,1.2190620700790522,train,45005,9838,53.11038829030292,46.88961170969709,24.66964830250051,73.80565155519416,100.0,35.11221945137157,64.88778054862843,0.0,18.531415594246784,77.16881150643452,4.2997728993186985,44.498897329086006,27.12570448419505,28.37539818671895,64.67248908296942,22.75109170305677,12.576419213973804,28.971108827223937,92.5855513307985,30.243808049535602,25.09992006394884,6.0,18.049155145929337,60.63956963538554,37.477585176329946,7.441721458457861,32.068141063956965,25327.0,0.4659,12199.0,54.31585202793047,21.60831509846827,53.812428516965284,55.55555555555557,23.31300038124285,99.86531986531986,28.65040030499429,0.0,2.8156129294572065,3.333333333333333,26.336653791421018,30.778613539337268,32.9945110794877,15.63325879243749,1.5247001423053468,3.433333333333333,3.38401227830817,-0.04932105502516304,"Allendale County, SC",South Carolina
2415,122,1.9120085973796321,1.8949195874454097,train,5027,24327,47.55621326098574,52.44378673901426,60.04850577547582,35.594195749578645,98.98155265180631,50.48039969254421,48.501152959262114,1.0184473481936973,14.384422110552766,79.9737322978529,5.6418455915943335,32.1864983974359,45.40765224358975,22.40584935897436,54.03032721468475,25.94440010641128,20.025272678903967,25.63842902430433,56.59340659340659,29.155953867626533,18.76673360107095,5.0,23.63483470857203,71.23059289361258,38.86631238928832,8.335938314056476,21.17328331770345,36619.0,0.4656,20045.0,61.44913576282978,9.666463467734912,66.33313321326129,55.790043290043286,18.13087852711627,98.59307359307358,19.40497631912481,0.1893939393939394,2.6883709458626224,6.666666666666668,31.73428700620709,32.252230032474216,29.67895753689316,16.28232005590496,4.357298474945534,6.7666666666666675,6.652013477728827,-0.11465318893784016,"Columbia County, AR",Arkansas
2416,1062,2.5640942911418034,2.4363625993959266,train,21151,85838,48.519303804841684,51.480696195158316,91.85675341923158,4.451408467112468,99.12397427367488,69.68840097582613,29.435573297848748,0.8760257263251275,14.478942514601906,76.59326613490381,8.927791350494283,34.97405296870802,43.16256840259612,21.863378628695866,43.61166524175928,27.76859504132232,28.61973971691841,21.015218261914306,28.06341045415596,26.19125193451169,15.804391546214733,5.0,26.00023639264819,75.2994011976048,30.844560878243517,6.948602794411178,17.633483033932137,42390.0,0.4574,21977.0,63.75724616028208,8.227492149786755,71.02947413061915,58.35589941972921,17.981340118744694,97.7369439071567,15.291914051456034,0.5899419729206964,2.2519164006617114,12.888888888888893,29.999534005918132,35.86173955590764,30.632120972063646,12.42573219320115,3.691838113655957,12.98888888888889,11.431384503609586,-1.5575043852793051,"Madison County, KY",Kentucky
2417,412,2.158201375540483,2.241391851982594,train,13065,6791,49.46252392872921,50.5374760712708,67.19187159475777,26.63819761448977,100.0,47.190398254228036,52.80960174577197,0.0,17.38752445120626,78.3307976526842,4.281677896109541,32.09661835748792,39.09178743961353,28.81159420289855,62.21280392594245,24.336381887129154,13.450814186928394,35.02545672356993,80.49261083743843,45.78820697954272,20.135135135135133,6.0,28.12310184247823,61.294072065091065,33.940333204184434,10.151104223169314,27.237504843084068,24015.0,0.5314,17127.0,52.8899937849596,10.223266745005876,51.51359671626475,52.42195909580194,22.652642380708052,97.524219590958,29.245767060030783,0.0,4.196730967456928,8.555555555555555,31.983507583566485,27.315564718009128,30.996907671918716,14.695921072007067,6.169930790752468,8.655555555555555,9.406414517065791,0.7508589615102359,"Clinch County, GA",Georgia
2418,1458,2.232401036136941,2.0360243964240015,train,28127,27401,48.80478814641801,51.19521185358199,62.81157621984599,35.69942702821065,99.73645680819912,58.52122986822841,41.21522693997072,0.2635431918008785,13.013664095194875,84.67705339585541,2.3092825089497304,28.99804632989116,43.98548702204857,27.016466648060284,59.26441905823349,28.01337419894121,12.722206742825296,26.113125724326142,63.26383896477354,27.868642165351805,17.371488344291688,3.0,22.457919086524267,68.4894479675642,35.845722008524795,8.056970579062272,18.10999064351804,35375.0,0.4678,17412.0,54.68499197431782,10.832874701889562,55.06273525721456,52.92792792792793,24.10288582183187,96.7967967967968,25.81555834378921,0.0,1.7554103864822452,9.222222222222221,32.87106309988687,26.9844166271304,31.998832159410238,15.167329659501481,1.4889967519433598,9.32222222222222,7.660095081653809,-1.6621271405684102,"Simpson County, MS",Mississippi
2419,2085,2.25595925165399,2.352616006005978,train,39097,43456,54.88540132547865,45.11459867452135,90.48232695139912,5.8449926362297475,99.12884491288449,70.2194020219402,28.90944289094429,0.8711550871155087,12.854195323246214,85.01719394773039,2.128610729023384,29.987725954028114,45.66224057130105,24.35003347467083,54.300317813964156,28.645850398086573,17.053831787949278,9.367558939738858,16.285640893912152,8.610480056608692,13.768398099836464,2.0,28.94752254890477,77.45874144639744,31.41017040118073,4.260029518314772,13.92727760633302,57406.0,0.4096,25159.0,66.28571428571428,5.4408424530249855,75.49699885062364,69.88140913847228,14.814184155634072,97.13986745727242,13.171001660210294,0.43599581444018143,1.6131259204712816,9.444444444444443,27.528994845360828,28.26767304860088,36.74061119293078,13.595360824742267,3.6726804123711334,9.54444444444444,10.513035948342807,0.9685915038983666,"Madison County, OH",Ohio
2420,2056,2.0059743897979634,1.964215365753874,train,39039,38669,49.69096692440974,50.30903307559028,92.0039307972795,1.8697147585921536,98.58864401259363,64.08641841276734,34.502225599826296,1.4113559874063617,13.58423686405338,82.83291631915485,3.5828468167917715,26.632131020946627,51.710157984491126,21.657710994562244,54.23479840736015,29.069542695890828,16.695658896749006,13.400100414871972,25.56557945870923,12.629561544178042,12.888761437993688,5.0,29.60157603342277,74.99181883631127,31.92617317887297,4.712350284704496,12.742980561555074,50663.0,0.3954,24143.0,66.39563606422395,7.564718648271586,74.67653295252931,78.307666832257,14.847029295945301,98.89054479218413,14.392660868060064,0.2483854942871337,9.45718792831467,7.333333333333332,30.841242338824376,26.607877110864,33.230753316610205,16.34125526907859,6.1263544441283715,7.433333333333334,7.129316489130446,-0.3040168442028879,"Defiance County, OH",Ohio
2421,2969,2.48398029492787,2.661631090667779,train,53047,41332,50.619374818542525,49.380625181457475,75.10645504693699,0.6169553856576019,98.57824823578251,64.1137401411374,34.464508094645076,1.4217517642175177,14.614706170581124,81.09953287818902,4.285760951229871,24.896178152272054,51.25188083057478,23.851941017153173,46.90882342638972,34.5581281305825,18.533048443027774,21.23750337746555,41.66915497163332,23.08116844719517,16.894921233799643,6.0,37.444279346211,69.43257717070821,38.85913713219809,6.540706420362238,21.481436909561342,40730.0,0.4483,22460.0,58.80088538158022,8.914348063284233,53.63119001104222,62.06896551724138,21.7064469548968,98.20374983610857,27.945298564512008,0.4982299724662384,18.881254234007553,11.888888888888893,29.22191038420594,23.691086809251914,34.01480692925577,18.94174005613084,24.2765895674054,11.988888888888894,14.31962667008374,2.330737781194845,"Okanogan County, WA",Washington
2422,1376,2.3014733641413554,2.201199349179496,train,27137,200506,50.26832114749683,49.73167885250317,92.6695460484973,1.5465871345495894,99.18932304564292,65.23994473841985,33.94937830722311,0.8106769543570628,18.483812666980985,74.15920163444916,7.356985698569857,33.19759711273625,45.95165732738153,20.85074555988223,36.308198696613694,36.73433401661928,26.95746728676703,16.03201312933013,22.804059531143608,18.218227399186766,14.146598770566635,3.0,30.29335313776457,72.98716659766988,34.42427109823171,5.812289313383405,11.993612868886393,48331.0,0.4485,27190.0,64.31055775386244,6.609448788039112,75.56630849877844,74.61760416989854,20.07400555041628,98.49834010735009,8.599982605533024,0.13961713877943593,1.4219025864562658,9.888888888888893,26.35232860862019,29.57417733135168,34.289746940241194,16.82992030163686,5.7838668169531084,9.98888888888889,9.035844135528595,-0.9530447533602953,"St. Louis County, MN",Minnesota
2423,392,2.145281299175379,2.0633966104067536,train,13023,12746,47.85030597834615,52.14969402165385,69.97489408441864,26.21999058528165,100.0,50.373798504805976,49.626201495194024,0.0,14.845904784746372,82.25206859335653,2.9020266218971096,37.07789066279633,40.07740686985971,22.84470246734398,60.67358825018992,22.8285641934667,16.497847556343373,23.45557249170627,50.45527584359936,25.097451274362818,18.237622162991677,6.0,24.486684285423866,63.04400680768296,40.28689521030878,5.397520058351568,19.20739119863846,38991.0,0.4909,19503.0,47.88969582149248,4.527472527472527,71.02778885786465,65.6060606060606,16.83286796968488,98.58585858585859,17.098790054514023,0.0,2.6596579319002043,8.444444444444445,34.16758198650557,30.582143417542763,30.205554683822378,16.4600659030284,3.8051153302997016,8.544444444444444,7.872664823642341,-0.671779620802103,"Bleckley County, GA",Georgia
2424,2801,2.145281299175379,2.2117315744854267,train,50005,31012,49.658196827034686,50.341803172965314,96.50135431445892,0.6158906229846511,96.64344521849272,66.68777707409753,29.95566814439519,3.356554781507284,16.09770578007718,79.00852381154321,4.893770408379627,29.321909045089754,47.353933237700154,23.32415771721009,46.02800499098849,26.92361014834327,27.04838486066824,12.49581575952333,21.94,12.46866278794759,18.849808954638974,6.0,29.932940459256248,75.67347603157809,34.801009196711966,7.0806543501261485,20.46064946691625,45323.0,0.4164,23919.0,64.71194688440761,7.290339026255418,63.5574494949495,56.36328944857851,30.16624579124579,97.53863766456786,9.880050505050503,0.7822934554474337,1.380110924803302,8.444444444444445,27.689281568425127,25.693280020637175,36.39236424609828,17.27395846768993,2.8827550625564298,8.544444444444444,9.131514608909255,0.5870701644648104,"Caledonia County, VT",Vermont
2425,629,2.145281299175379,2.2029716914070567,train,17081,38578,51.36865571050858,48.63134428949142,87.8583648711701,7.950127015397376,98.96131805157593,66.9054441260745,32.05587392550143,1.0386819484240688,17.228984269343016,80.56445298597765,2.2065627446793368,27.11028179259306,48.119801385243036,24.769916822163893,46.774735741231844,36.94767116124453,16.277593097523624,16.969214291599155,35.441998028261594,16.65562365413285,17.771513028246115,5.0,31.260771576295905,72.02330300451659,35.37998298095176,5.943575309288473,18.78641094455718,43247.0,0.4483,22975.0,63.62441848076992,8.456128600133955,67.45296007342819,68.83341183859318,22.895823772372648,97.40932642487049,13.46948141349243,0.5809389229078348,2.2810928508476334,8.444444444444445,27.798226968738657,27.36533775727098,33.60205298356577,17.27150189227021,4.191508113432526,8.544444444444444,9.051872943722659,0.5074284992782143,"Jefferson County, IL",Illinois
2426,113,2.3968846612924475,2.483879232052983,train,5009,37227,48.722701265210716,51.277298734789284,96.54014559325222,0.3545813522443388,98.8574864702345,69.4167167769092,29.440769693325315,1.1425135297654845,14.093486913945537,82.12335763852197,3.7831554475324953,19.66676584349896,55.09603623260273,25.23719792389831,50.10809976063625,35.15558644120145,14.736313798162305,17.654769382014802,33.47988926884872,18.36088785241328,19.89294060105429,5.0,35.214399888803946,69.07292293295903,41.20045451507252,7.546287012900207,16.87721408996725,39251.0,0.4482,21946.0,57.79044803435048,8.337393422655298,63.08524529005782,63.0506528913761,21.670397313933968,99.28253694934708,20.854318224211895,0.1434926101305783,2.24568189754748,10.888888888888893,28.903752652644588,24.987240443763927,32.933086200875714,19.407956590646574,3.1052730545034515,10.988888888888894,11.987677318534505,0.9987884296456109,"Boone County, AR",Arkansas
2427,2112,2.145281299175379,2.5024680970606292,train,39151,374979,48.51071660012961,51.48928339987039,88.7249685982415,7.1518671712282575,99.07598652027391,62.43311471053618,36.64287180973777,0.9240134797260572,15.422119216528644,80.97283852915406,3.6050422543172886,29.22410987437349,47.874438586213635,22.901451539412875,48.278023955571896,29.826428529963817,21.895547514464287,14.686582344931672,28.324882688249932,14.375847513892188,13.524684270952928,3.0,29.492581938125106,74.34917046247963,33.59244605512518,5.828373840476113,15.811417362103931,47137.0,0.4465,25547.0,65.23997159605129,7.8965340618063875,73.28305832727789,68.77029484348617,16.952306683444696,97.69288219249252,12.948620243517716,0.09903883621249514,1.8150349752919497,8.444444444444445,28.831214548014685,25.645702826024927,34.93715648076292,17.265233519743777,4.123164230530243,8.544444444444444,12.212598673633854,3.66815422918941,"Stark County, OH",Ohio
2428,1524,2.48398029492787,2.5893112805545977,train,29095,680905,48.361665724293395,51.638334275706605,66.56640794237083,23.751037222520022,99.11503883554522,56.165983731881845,42.94905510366338,0.8849611644547735,18.300605782614195,75.47984151588005,6.219552701505758,35.21727111897391,40.83167477517323,23.951054105852872,40.022327597173295,31.203365369852918,28.774307032973784,17.875434458881184,37.27534056110481,17.56333795654184,13.422588855073235,1.0,26.440423871126452,77.2789041295517,27.43647193835729,5.4939249867934485,15.241634333387985,46869.0,0.4678,26629.0,68.2556196230792,7.37364227156865,69.4243152874884,65.36347681507482,13.146574608710427,96.68852761869572,20.21491725874311,0.4630057269536301,8.661120126889948,11.888888888888893,30.249153699855338,30.191289533782243,32.438592755230175,13.219465270485607,9.682554835109157,11.988888888888894,13.32059429094934,1.3317054020604466,"Jackson County, MO",Missouri
2429,2694,1.561647248597752,1.6618490155777164,train,48357,10642,51.108814132681815,48.89118586731817,85.90490509302765,0.4416463070851344,100.0,66.16206589492431,33.837934105075696,0.0,10.786080687647305,87.64730347982807,1.5666158325246082,26.501675689610728,54.20211394689353,19.296210363495746,54.50493473416109,30.340655842088506,15.154409423750398,13.674163674163676,18.919872926226613,14.455728340209456,9.676809676809675,6.0,20.00549979375773,86.36363636363636,23.403679653679646,3.354978354978355,10.335497835497836,51517.0,0.4641,25995.0,72.68820185775681,5.2260156399008215,64.96433203631648,63.63636363636363,7.263294422827497,95.40669856459331,30.33398184176394,0.0,50.93967299379816,4.666666666666667,39.90791204660778,29.411764705882355,28.819770719789506,10.110881413268183,13.65344859988724,4.766666666666667,5.269044388090111,0.5023777214234446,"Ochiltree County, TX",Texas
2430,1547,2.3014733641413554,2.401256060665948,train,29141,20225,50.32880098887516,49.67119901112484,96.29171817058096,1.2410383189122374,99.16591523895399,73.98557258791705,25.18034265103697,0.8340847610459874,14.952424105120073,78.40636934429413,6.6412065505858,24.113175675675674,49.22779922779922,26.65902509652509,62.151670594759466,24.40038818799389,13.447941217246635,23.971981455351735,40.47390329811079,29.195921096623202,19.6102069519791,6.0,36.05778369131344,58.17972350230414,47.01740911418331,6.9764464925755245,18.061955965181774,33525.0,0.4453,18431.0,48.788055070777595,11.685214626391096,51.61172828264433,57.74114502116284,20.67018757967584,96.41345511249722,31.196503369149518,3.452884829583426,1.9431396786155748,9.888888888888893,27.92583436341162,21.018541409147094,33.88875154511743,23.134734239802228,2.4672435105067985,9.98888888888889,11.03703085811773,1.0481419692288387,"Morgan County, MO",Missouri
2431,1682,0.9339123332239747,1.0340031914438386,train,31069,1823,48.875479978058145,51.12452002194186,97.36697750959956,0.16456390565002746,100.0,84.2809364548495,15.719063545150506,0.0,18.335588633288232,77.60487144790257,4.059539918809202,15.155358275206089,62.206721623335454,22.637920101458462,38.376891334250345,38.10178817056397,23.52132049518569,10.20293122886133,9.774436090225564,11.680482290881688,14.42199775533109,6.0,33.88049901510177,74.79289940828401,44.73372781065088,3.5502958579881656,6.982248520710058,45845.0,0.4681,30790.0,65.38461538461539,3.0959752321981417,72.08854667949952,70.65462753950341,14.340712223291625,97.96839729119638,20.019249278152067,0.0,0.7679648930334613,2.4444444444444446,20.84476138233681,17.38891936368623,39.605046626439936,26.54964344487109,2.4684585847504112,2.5444444444444447,2.8123015117605004,0.26785706731605563,"Garden County, NE",Nebraska
2432,2918,2.334299068483573,2.2342345766061342,train,51610,13308,47.89600240456869,52.103997595431316,77.63751127141569,2.1265404268109407,100.0,77.2513243084167,22.74867569158329,0.0,16.830578931359632,79.28622123086281,3.8831998377775534,30.975632881388073,52.5173034986252,16.507063619986724,9.827035364107084,11.402445741985238,78.77051889390769,2.717554953327311,2.8875379939209727,2.7613412228796843,6.8427825297100915,2.0,22.225619076734944,91.831204026326,18.97018970189702,1.064653503677894,2.59388308168796,120522.0,0.4558,65600.0,77.19119445576844,3.7760760496435175,94.38336520076484,77.63157894736842,2.8083173996175907,92.65927977839337,4.636711281070745,1.9390581717451525,9.723474601743312,10.222222222222221,31.51487826871055,27.645025548542232,35.89570183348361,10.850616170724377,20.235948301773373,10.32222222222222,9.339330573563746,-0.9828916486584731,"Falls Church city, VA",Virginia
2433,1948,2.6848194823870495,2.4813454251018134,train,37129,213091,48.2315067271729,51.7684932728271,81.051757230479,14.364754963841738,99.6513081954598,61.622258560985,38.029049634474795,0.34869180454020776,16.788573717851442,73.07442501350589,10.137001268642674,34.68461900809762,43.44900293847153,21.86637805343084,30.372277503305263,32.72771553823673,36.900006958458,17.737595470553288,30.402549056722822,19.54021329715844,12.771635893929036,3.0,28.557293740193444,77.74283678155719,29.641528002443362,4.074522357838536,13.129644921552437,50088.0,0.4835,29880.0,66.66390414851297,8.600174045855754,72.49583457629092,70.57515800171498,11.356145546088865,97.68793470321084,19.52037601589045,0.4382761139517896,5.378453336837313,14.555555555555555,26.189749919048673,32.96338184156065,32.29465345791235,15.19022389495568,4.583487805679264,14.655555555555555,11.957341307444523,-2.6982142481110323,"New Hanover County, NC",North Carolina
2434,2790,2.6848194823870495,2.5775566932138254,train,49041,20871,50.86004503857027,49.13995496142973,95.25657611039242,0.3785156437161611,99.63733837906021,82.37149164301479,17.26584673604541,0.3626616209397666,11.722234019961775,85.7790047426913,2.4987612373469243,22.808707378154498,57.52905670069993,19.662235921145577,43.27255580006288,40.35680603583779,16.37063816409934,14.52156498803302,18.528969149736646,16.316480630334866,11.82119528127133,6.0,27.05548244095033,73.92907801418441,35.276595744680854,5.120567375886526,14.226950354609931,46291.0,0.4117,19261.0,61.33926051368896,5.7517542850569425,65.62160202972093,72.09821428571429,13.229430953243927,98.56505102040815,24.719101123595504,0.2232142857142857,4.848833309376646,14.555555555555555,38.93440659288008,27.80413013272004,26.17507546356188,15.193330458530975,4.364908245891428,14.655555555555555,13.164932862167193,-1.490622693388362,"Sevier County, UT",Utah
2435,266,2.0640458562018624,1.9639944451184432,train,8051,15651,53.84320490703468,46.15679509296532,95.66161906587436,0.7156092262475241,99.50790861159928,70.79086115992969,28.717047451669607,0.4920913884007029,15.856344231746569,67.08453328815857,17.059122480094867,41.11329602178189,40.75026471033127,18.136439267886857,21.920455701352864,23.649679584986274,54.42986471366087,16.949267040464772,23.27586206896552,19.74132745137357,7.019680748765948,6.0,19.5406803574228,86.60728487354861,19.452839191983454,1.7178304437728646,7.030380149514872,48071.0,0.4159,25584.0,75.84605698095388,7.512711424717237,72.52086511711389,58.41330774152272,9.13578031050884,96.35316698656428,20.29973974692632,0.0,8.970672800460035,7.777777777777778,28.285732541051694,40.259408344514725,31.00760334802888,10.248546418759183,3.6227717078780906,7.877777777777777,7.12774164996512,-0.750036127812657,"Gunnison County, CO",Colorado
2436,2263,2.7293042074630365,2.8822315520221613,train,42051,134851,49.189105012198645,50.81089498780136,92.92330053169796,4.125293842833943,98.7786838611796,59.79518300777546,38.98350085340414,1.2213161388204057,16.39238432929297,80.8509818279922,2.756633842714817,30.43739241735446,45.21251710288211,24.35009047976343,63.109207621228215,22.660274756725816,14.230517622045955,19.315013025906662,46.054041857054216,19.477948204451327,18.05349578285306,2.0,30.732991547734517,64.6332203640943,40.2726077374669,9.78943274626368,21.486378872900342,39636.0,0.4526,22014.0,55.06116848965282,7.977158677971968,67.61170418166644,64.602666450541,23.419574234855947,98.233172589861,13.373360405585522,0.03647120800745633,1.0011049232115443,15.222222222222221,25.392470207859038,24.9682983440983,36.41500619201934,18.928298640721984,2.9514056254681096,15.322222222222218,17.854071045938504,2.5318488237162864,"Fayette County, PA",Pennsylvania
2437,3000,2.0780516873907815,2.2848381970461924,train,54031,13936,50.39466130884042,49.60533869115958,94.69001148105629,4.355625717566016,99.7549877493875,60.76303815190761,38.991949597479866,0.2450122506125306,13.421842320632901,81.4040192779849,5.174138401382195,25.421264220340433,46.163715678727215,28.41502010093234,68.2962962962963,17.679012345679013,14.024691358024693,13.455149501661127,23.375490623637162,13.694530443756447,17.761925349473987,6.0,30.06772009029345,70.77191621411947,42.74631497284717,7.0015515903801395,13.033359193173,40303.0,0.4385,22195.0,59.13588091131886,7.352264006139678,68.30080913850547,58.78300803673939,19.728700618752974,94.87179487179485,17.467872441694432,0.0,3.702640642939152,7.8888888888888875,26.707807118254884,24.225028702640643,36.143800229621135,19.101607347876,0.9543628013777268,7.988888888888888,9.824096527575392,1.8352076386865042,"Hardy County, WV",West Virginia
2438,1971,2.7508258415684153,2.6206178787631647,train,37175,32928,48.53316326530612,51.46683673469388,90.33041788143828,3.9146015549076782,99.14607558139537,63.88081395348837,35.26526162790697,0.8539244186046511,14.58708220069681,81.45411386347105,3.9588039358321536,22.465551181102363,55.67350956130482,21.8609392575928,39.9657785382547,30.347103397702273,29.68711806404302,12.619773177091515,27.73207990599295,12.04210705038414,16.075446112121305,5.0,38.61364465523531,64.99597570790958,48.62076534718666,2.5901807272993342,12.416770322675054,45114.0,0.4122,24080.0,54.4138391862796,6.774457634056487,60.55081244836133,75.52089263349653,12.3547232167447,99.14607765000572,29.86505095015148,0.12524194466583172,3.0976676384839648,15.555555555555555,22.72837706511176,22.427721088435373,33.23918853255588,27.57531584062196,5.754980563654032,15.655555555555557,13.744213219490156,-1.9113423360654007,"Transylvania County, NC",North Carolina
2439,1864,2.48398029492787,2.2391076449135063,train,36085,472481,48.404697755042,51.595302244958,75.33128316270918,10.530370533418274,99.66091477658053,71.57335543666642,28.087559339914087,0.3390852234194861,10.498590419308467,86.92460693313126,2.5768026475602555,33.47470392686474,48.58715977560773,17.938136297527528,43.265164279043205,25.94674932591137,30.788086395045408,12.527317135878649,20.856269813112988,12.541953498228366,9.89232351598076,1.0,15.043256023725894,77.33195000723833,31.328716884620967,5.12413743183902,13.266057038073635,73197.0,0.4461,32041.0,61.54786544139967,6.736731665104848,74.63337895132292,52.44232744933222,18.034535501529547,95.35195043740856,10.15604035850373,0.7347218330687091,17.849606650849452,11.888888888888893,28.919258128898303,28.30187880570859,35.13538110527196,14.05114703025095,14.138346303872535,11.988888888888894,9.38495283932069,-2.6039360495682047,"Richmond County, NY",New York
2440,2188,2.902031908413565,2.8391970539834785,train,40127,11226,49.02013183680742,50.97986816319258,75.44984856582933,1.2025654730090862,97.46070133010882,57.83958081418783,39.621120515921,2.5392986698911733,18.331592992226483,77.85125884673396,3.817148161039564,18.33951560113463,50.26183722452542,31.39864717433995,58.15889029003783,28.63808322824716,13.203026481715007,24.5858604145922,63.943281566509114,25.824817518248178,28.82761106605389,6.0,39.50080146553697,62.055169509370394,45.462202568961885,9.644135607496317,23.604969467256264,32445.0,0.5049,20802.0,51.997213190896424,10.47342563644484,48.58730158730158,48.35640138408304,22.015873015873016,99.35121107266436,33.285714285714285,0.3027681660899654,3.1979333689649034,18.11111111111111,27.93515054338143,22.750757170853376,33.67183324425441,21.441296989132365,23.347585961161588,18.211111111111116,17.102028017369577,-1.109083093741539,"Pushmataha County, OK",Oklahoma
2441,2405,1.62924053973028,1.5292504591641516,train,46101,6439,50.11647771393073,49.88352228606927,79.85712067091163,0.7609877310141326,99.50829748002458,61.46281499692686,38.04548248309772,0.4917025199754148,16.362034794098214,82.60295089187404,1.035014314027747,27.568627450980397,54.68627450980392,17.745098039215687,43.00397103480496,31.34781593085728,25.64821303433777,14.317180616740089,25.293657008613934,14.080115135524109,11.655961146796177,6.0,28.11720698254364,80.04475941812757,27.601641178664675,2.8720626631853787,9.884371503170456,52446.0,0.436,26918.0,73.78048780487805,6.0416072955257905,80.7825392600479,56.75675675675675,9.422411498536066,98.998998998999,14.506254990684054,0.3003003003003003,2.950768752911943,5.0,30.79670756328623,23.74592328001243,34.72588911321634,16.260288864730548,19.381891598074237,5.1,4.614716607132582,-0.4852833928674176,"Moody County, SD",South Dakota
2442,2884,1.86149280724273,1.7846948690583482,train,51149,37380,54.6816479400749,45.3183520599251,59.75922953451044,32.070626003210265,100.0,71.85805815672745,28.14194184327255,0.0,8.108214229621485,89.03329668603737,2.8584890843411337,32.45009311595386,45.82285098180155,21.727055902244587,45.73603861700875,32.914720772340175,21.349240610651073,10.040220467749146,15.754798052134054,9.779003144789556,13.9189521584061,2.0,46.149694134580784,81.22860745811565,31.444784723473244,4.03530895334174,9.250585480093678,61857.0,0.3646,24785.0,64.63864306784662,10.44558534575648,80.76999800518652,78.03030303030303,12.377817674047478,99.19651056014692,12.721923000199482,0.0,7.137506688068488,6.333333333333332,28.50187265917603,33.19154628143392,33.317281968967364,11.765650080256819,8.170144462279293,6.433333333333332,5.957761772746139,-0.4755715605871931,"Prince George County, VA",Virginia
2443,2019,1.4891517465595983,1.570456997945027,train,38071,11566,50.942417430399466,49.05758256960056,87.25574961092858,0.09510634618710012,100.0,68.87340301974449,31.126596980255517,0.0,22.23533577245368,75.97073055588339,1.7939336716629295,29.869023533170058,46.267703120008534,23.863273346821426,39.98986315255955,37.0248352762291,22.98530157121135,10.0884316910305,16.240875912408754,9.804426145136386,13.96294622684139,6.0,28.969295742495152,77.31259968102074,31.638755980861244,5.482456140350877,8.971291866028707,50841.0,0.4532,29006.0,68.89884461211977,1.1293634496919918,76.9502457002457,74.26395939086294,9.98157248157248,98.83248730964466,15.356265356265357,0.0,2.23932215113263,4.333333333333333,28.70482448556113,23.586373854400826,35.587065536918544,18.398754971468094,12.649144042884314,4.433333333333333,4.80884532412599,0.3755119907926572,"Ramsey County, ND",North Dakota
2444,2017,1.561647248597752,1.4458923809226605,train,38067,7206,51.26283652511796,48.73716347488205,94.85151262836528,0.23591451568137664,99.79879275653923,77.53185781354796,22.26693494299128,0.2012072434607646,19.4067643335142,79.61656719117381,0.9766684753119912,21.200939282120093,57.91680644079168,20.882254277088226,49.016612564445296,31.964865380943287,19.018522054611424,6.447032093155353,7.900512070226775,6.627082934303773,13.447884123828453,6.0,35.24748987141096,76.56012176560121,37.26027397260275,2.313546423135464,7.549467275494673,53504.0,0.4286,31244.0,67.8976760943974,3.5818519501193946,81.58276863504356,73.0091613812544,10.818005808325264,99.50669485553206,11.737657308809291,0.0,3.1917846239245082,4.666666666666667,25.756314182625594,22.314737718567862,35.8728837080211,21.121287815709127,4.912572855953373,4.766666666666667,4.245639180238092,-0.5210274864285749,"Pembina County, ND",North Dakota
2445,1426,0.6875761355104899,0.787214166149431,train,28063,7586,48.5499604534669,51.4500395465331,13.933561824413395,85.9477985763248,100.0,26.9273127753304,73.07268722466961,0.0,16.432715702788695,81.88283735728993,1.6844469399213924,49.83530961791831,24.19301712779973,25.97167325428196,59.82506102522376,23.718470301057767,16.456468673718472,48.74982539460818,171.8562874251497,78.04065311562813,15.89607487079201,6.0,16.377816291161178,56.424361493123776,40.62868369351671,20.6286836935167,24.95088408644401,20743.0,0.4998,12601.0,41.43739472206626,15.943992773261066,49.25754060324826,38.23814133591481,32.94663573085847,98.25750242013552,22.83062645011601,0.0,0.10545742156604272,1.8888888888888888,31.80859477985764,30.701291853414183,31.044028473503822,14.3158449775903,0.11863959926179805,1.988888888888889,2.197266672108102,0.20837778321921308,"Jefferson County, MS",Mississippi
2446,3096,2.345005808877998,1.8333247334046237,train,55111,62992,50.13017526035053,49.86982473964947,95.251778003556,0.53498856997714,99.61630695443644,68.9825282631038,30.63377869133265,0.3836930455635492,15.25655884522179,80.25497840059003,4.488462754188179,26.92005654154233,52.25577194911261,20.82417150934506,46.5992310508971,31.23626876601977,22.16450018308312,12.33485854224399,22.329521389241847,11.782101532612012,13.431517409739175,5.0,29.890832402927675,78.30721250641506,31.498953851012594,4.1490663613753895,13.749950653349652,51055.0,0.415,26335.0,70.50146873688628,5.571262760036904,74.82830218814884,71.40875767782843,17.69152957461534,96.89914800871807,11.646169408507696,0.3863681394888052,4.702184404368809,10.333333333333334,29.53232156464313,25.96678943357887,34.221805943611876,16.60528321056642,4.213233426466854,10.433333333333334,6.254647162185336,-4.178686171147998,"Sauk County, WI",Wisconsin
2447,2106,2.4267673628924595,2.3886922741551597,train,39139,122312,50.644254038851464,49.355745961148536,87.02253253973446,7.479233435803517,97.64472403205272,63.07945779974538,34.565266232307344,2.3552759679472777,17.177235478700588,79.19497934397364,3.6277851773257774,27.958984180182338,46.234564206914435,25.80645161290323,54.47124870807103,29.86822324532557,15.660528046603401,17.00584183451042,36.444843807812255,16.532707461942913,14.649560547718133,4.0,31.067544061864748,70.76273829075109,37.08916283807663,5.6940315572833295,18.04461260212461,41877.0,0.4374,22367.0,61.34123616443277,8.544396457067567,68.09101810417945,69.41545893719807,20.966043695709395,98.33816425120771,15.79801702202334,0.5797101449275363,1.6605075544509125,11.222222222222221,28.138694486231927,26.649878997972397,33.804532670547445,17.61724115377068,5.4982340244620325,11.32222222222222,10.899231412727488,-0.4229908094947312,"Richland County, OH",Ohio
2448,2985,2.366081404553173,2.582166685804447,train,54001,16731,48.66415635646404,51.33584364353596,96.84418145956607,0.8367700675392984,99.68499427262314,65.2348224513173,34.450171821305844,0.3150057273768614,11.571417341403976,84.21507743101957,4.213505227576449,27.490615073635567,50.19491770141496,22.31446722494947,65.99403404105983,22.091595016669586,11.914370942270573,21.480567550894516,43.43351173322354,23.56539469851441,20.550259442500305,6.0,31.089961477452974,62.04270816090054,40.05959278265188,11.703360370799535,18.6558516801854,37066.0,0.4358,18039.0,52.6830759822657,8.401044689495068,59.01122710261966,61.16803278688525,25.27082922986016,98.97540983606558,19.96257632460114,0.0,0.7351622736238121,10.555555555555557,28.187197417966647,27.23686569840416,33.67999521845675,18.211702827087446,2.319048472894627,10.655555555555555,13.225763211116114,2.5702076555605586,"Barbour County, WV",West Virginia
2449,2828,1.8440707637960658,2.200762566951817,train,51031,55012,48.453064785864896,51.546935214135104,81.80033447247871,13.978768268741364,99.78919631093544,67.66798418972331,32.121212121212125,0.21080368906455865,12.94090382387022,84.21552723059095,2.8435689455388182,24.710045213288776,52.729178952886436,22.56077583382478,51.26154801645835,29.480112827679008,19.258339155862643,13.422091635295196,22.99704885779867,13.698449877621918,14.836958515203754,3.0,31.712022046159145,76.08186866137395,34.89055114496811,4.419255656004772,12.55105318709559,47699.0,0.4246,24192.0,63.31710709318498,5.403624382207578,74.24987336491762,64.04635139367366,14.251661154316025,98.95604969203468,15.821936175918474,0.03131850923896023,1.9159456118665017,6.222222222222222,27.321311713807894,26.695993601396054,34.92328946411692,17.64887660873991,4.220897258779902,6.322222222222222,9.031898301196009,2.7096760789737866,"Campbell County, VA",Virginia
2450,0,1.9909138641722421,2.135219800274241,train,1001,55221,48.432661487477596,51.567338512522404,77.39990221111533,18.679487875989206,98.97377423033066,74.0664196123147,24.907354618015965,1.0262257696693269,13.091757769315809,83.22073455349465,3.6875076771895348,24.950314106225015,53.45516847515705,21.594517418617936,46.36140862909221,30.40832622043559,23.230265150472203,12.879382402861678,22.840809146877756,12.264202826816256,17.271474506201194,3.0,40.552882254738286,75.61776818984114,31.937634830358892,5.707001372818199,14.429299862718182,51281.0,0.4227,24974.0,63.282236695475596,6.62127259920169,76.64589132276413,68.68604175194433,13.490862882730243,99.7134670487106,15.460486506111579,0.09551098376313276,2.6077035910251536,7.222222222222222,32.737545498994955,28.34066749968309,32.685029246120145,13.541949620615346,3.920609912895456,7.322222222222222,8.458905572307094,1.1366833500848719,"Autauga County, AL",Alabama
2451,2206,2.1835512754360096,2.4729041260172604,train,41009,49389,49.99898762882422,50.00101237117578,92.58539350867602,0.4758144526109053,99.43895271172855,70.38026538427286,29.058687327455697,0.56104728827144,12.861727805628496,81.76971433118484,5.368557863186653,23.80350146307593,51.90695828993701,24.289540246987052,44.07029938039261,37.71498060107707,18.214720018530315,13.613338528742233,23.913290205425035,13.601705091258404,16.018912914993784,2.0,41.456318314067786,71.03007718924673,36.710141070002656,5.302102741549109,19.37183923343093,53179.0,0.4196,25885.0,58.68749339253621,9.574420175636119,70.1040238150985,69.50497543771256,20.078937686055454,97.41781080740648,14.978091447302404,0.6298022420959819,4.55364554860394,8.777777777777779,29.3121950231833,23.096236003968496,37.89102836664034,16.27285427929296,6.938792038713074,8.877777777777778,11.856830630383193,2.979052852605415,"Columbia County, OR",Oregon
2452,809,1.7326383462202575,1.9544517658334766,train,19053,8249,49.88483452539703,50.115165474602975,95.46611710510365,1.6850527336646868,99.26595143986448,69.67814793901749,29.587803500846977,0.7340485601355167,16.66958194857443,80.02448836802519,3.3059296834003846,30.308823529411764,48.779411764705884,20.91176470588235,51.49712472734482,28.653579218719017,19.849296053936147,20.576846040859927,35.7805255023184,23.16287064890417,18.009828009828013,6.0,24.64864864864865,68.76590330788804,37.3409669211196,8.365139949109416,21.119592875318066,38560.0,0.4429,19493.0,60.84157638561785,7.50967741935484,67.10420032310178,71.136203246295,19.58804523424879,96.3302752293578,16.983037156704366,2.752293577981652,2.7276033458601043,5.5555555555555545,31.458358588919864,31.809916353497396,28.451933567705172,18.26888107649412,2.848830161231664,5.655555555555554,7.060047403317121,1.4044918477615669,"Decatur County, IA",Iowa
2453,2856,2.799311792380535,2.3655810775634745,train,51089,52580,48.075313807531394,51.924686192468606,73.33586915176873,22.28033472803348,99.6606334841629,63.659502262443425,36.001131221719454,0.3393665158371041,16.4033963085706,81.2646653281405,2.3319383632889044,22.924224792935863,50.1745499349716,26.901225272092546,55.71477222120347,32.91069604170487,11.374531737091663,18.323196550927708,44.79252541907117,17.805335912167926,18.60183189655172,5.0,28.397919251694198,66.87039928619228,42.507249609636396,7.146999776935087,19.121124247155922,35293.0,0.4356,20159.0,57.171179883945854,9.583016154952212,63.60828130134736,60.375114364135406,20.164311534669736,99.38700823421776,21.32106473874466,0.24702653247941445,5.182578927348802,16.333333333333332,25.717002662609364,22.535184480791177,36.080258653480406,21.198174210726517,4.383796120197793,16.433333333333334,10.650225626985621,-5.783107706347712,"Henry County, VA",Virginia
2454,2063,2.707309185877491,2.771046389858812,train,39053,30565,48.74856862424342,51.25143137575658,94.43153934238508,2.6042859479797156,99.17712691771268,65.84379358437936,33.33333333333333,0.8228730822873083,13.23783759811965,83.777551110914,2.98461129096634,23.857351984385172,50.47576447625245,25.66688353936239,60.67914335327031,24.2089523442022,15.111904302527494,20.892310795817504,39.01485535574668,22.907728235485802,19.89650368208055,5.0,27.77801548928159,66.37618636755825,40.27610008628128,8.446937014667817,24.7886108714409,37319.0,0.4723,21195.0,52.90353473794185,7.413807290380976,58.89116135094798,68.87932800655602,27.98629152617324,98.60684286006963,18.489856834890286,0.5121901249743905,1.1876329134631114,14.888888888888893,30.103059054474073,25.58809095370522,34.02911827253394,16.8460657614919,2.9641747096352034,14.988888888888894,15.97534170243796,0.9864528135490662,"Gallia County, OH",Ohio
2455,2554,2.1835512754360096,2.04330873632774,train,48077,10479,50.24334383051818,49.75665616948182,94.81820784425993,0.71571714858288,100.0,79.80852915578764,20.19147084421236,0.0,13.55284252065606,83.83277839437662,2.6143790849673203,19.59990749306198,56.3945420906568,24.005550416281213,50.704036475794545,33.39144428054177,15.904519243663671,12.05611998064828,15.877147319104633,13.127790178571427,18.552340670960298,4.0,31.934418206289,75.68740955137481,40.352146647370965,5.692233478051135,10.588519054510373,48297.0,0.4513,26339.0,60.52079476737011,6.627243066884176,67.72286980791331,69.83101391650099,12.658020029551794,98.80715705765408,23.13249055984239,0.0,5.382192957343258,8.777777777777779,28.695486210516272,20.53631071667144,37.79940834049051,19.715621719629734,4.466075007157172,8.877777777777778,7.716097540765847,-1.1616802370119315,"Clay County, TX",Texas
2456,1433,1.895451927785184,2.0308699326867865,train,28077,12586,49.11012235817576,50.88987764182424,66.33561099634514,32.30573653265533,99.77250568735779,61.130971725706864,38.641533961650964,0.2274943126421839,13.11389210221895,85.72930907561258,1.156798822168472,25.92260123678436,50.069818471972866,24.00758029124277,56.077545195052345,31.779257849666987,12.143196955280686,22.004132231404963,47.978825794032716,22.902933953728837,17.521673427185238,6.0,23.757371524852573,66.17154811715481,37.698744769874466,7.280334728033472,17.594142259414227,35634.0,0.4821,19844.0,54.55981465880371,10.635012545840572,61.119978717744075,59.85844287158746,19.80579941473796,97.37108190091,23.729715349827078,0.0,0.6276815509296043,6.5555555555555545,30.931193389480377,24.368345781026534,35.467980295566505,15.715874781503258,1.3586524709995231,6.655555555555554,7.62071298332423,0.9651574277686761,"Lawrence County, MS",Mississippi
2457,750,2.232401036136941,2.3321470847463504,train,18119,21192,50.51434503586258,49.4856549641374,97.27255568138919,0.6087202718006796,98.28803766317141,71.1320350952279,27.156002567943506,1.71196233682859,13.274986229267395,84.28912418140645,2.4358895893261523,21.88254223652454,54.35007470405701,23.76738305941845,60.3603000267881,29.138762389499067,10.500937583712831,15.145872129112352,27.695736974087485,15.357495416725428,17.562877383159798,4.0,34.48755977964768,73.99742780311001,36.26797614871975,6.220039752133754,16.029463346194316,43948.0,0.4076,21842.0,60.64180929095354,7.670597722003831,65.46829193025768,66.15656268393172,18.137633081314608,96.43908181283108,21.40873322018207,0.08828722778104768,0.6889392223480559,9.222222222222221,28.392789731974325,23.230464326160817,38.13703284258211,16.581728954322386,2.118724046810117,9.32222222222222,10.300032852013222,0.9778106297910032,"Owen County, IN",Indiana
2458,3024,2.5555031730094866,2.2763204344652035,train,54079,56596,48.96812495582727,51.03187504417274,96.62520319457205,1.5001060145593328,98.92922235722963,72.38760631834751,26.541616038882136,1.0707776427703524,11.534006671608598,85.15798739807265,3.3080059303187546,22.47805817592856,55.69611941605201,21.825822408019434,46.56509695290858,27.99546713674137,25.439435910350042,9.77893275426293,13.346700374858338,10.105311472065683,12.406462736176035,3.0,31.90281719388109,74.6256967798406,35.63366655917447,4.325793522826738,10.121159073110057,56774.0,0.4369,29412.0,61.92653099111225,3.6723375552724273,74.03385872737887,73.94996037586324,15.796847635726795,97.6791577040643,12.661996497373028,0.3962413675987773,1.031875044172733,12.777777777777779,29.212311824157187,25.243833486465483,35.525478832426316,15.964025726199733,1.8746907908686123,12.877777777777776,9.740772576375543,-3.137005201402234,"Putnam County, WV",West Virginia
2459,1765,2.3555991282796627,2.387291661136273,train,33015,299006,49.442820545407116,50.557179454592884,95.22818940088159,0.7481455221634349,99.07844317066221,76.73148177470944,22.34696139595275,0.9215568293378092,11.532955587748699,85.00304310928621,3.464001302965103,25.98961687057309,55.36904378622022,18.6413393432067,32.16692258206902,29.06353745521481,38.76953996271617,5.460750853242321,7.901175011198788,5.221295471518161,9.952143764039457,2.0,29.350475858225302,83.50141834963377,28.48384774969304,3.4023455692450995,5.195816927050256,81198.0,0.419,40469.0,73.80435852342502,5.249212965915482,84.90413079634725,74.85707563816024,7.43260912771054,96.4662980825785,10.026778522787897,0.2352664392424421,2.4644990401530404,10.444444444444443,27.67168551801636,23.997846197066284,40.299860203474175,14.549875253339401,4.023665076954977,10.544444444444443,10.883976492928419,0.3395320484839761,"Rockingham County, NH",New Hampshire
2460,2500,2.9839970173355703,2.546286926559164,train,47159,19136,49.53490802675585,50.46509197324415,95.52153010033443,2.25752508361204,99.60698689956331,74.71615720524018,24.890829694323145,0.3930131004366813,13.928646233331008,84.52838092578371,1.5429728408852894,20.023426823713148,56.6148239734496,23.36174920283725,66.25105178612407,23.56000917922436,10.188939034651574,16.295508902471433,29.60716348931253,16.611052331732722,18.22031655285586,2.0,24.22449962170713,73.18801818668092,35.932067397699925,5.1484354105375765,17.558170633859323,43914.0,0.4644,22854.0,59.09440290685487,4.505143667967363,69.1349420681244,54.80225988700565,18.65145047478003,98.0225988700565,15.158114818363964,0.1059322033898305,2.503135451505017,19.666666666666668,30.34071906354515,23.761496655518393,37.09239130434782,15.212165551839464,2.220944816053512,19.766666666666673,12.759638241806748,-7.007028424859925,"Smith County, TN",Tennessee
2461,976,0.6875761355104899,1.119060736630794,train,20189,5772,50.58905058905058,49.4109494109494,84.85793485793485,0.5544005544005544,100.0,87.51425313568986,12.48574686431015,0.0,9.758576874205843,87.29351969504448,2.9479034307496823,22.66387726638773,66.68991166899116,10.646211064621108,52.7654867256637,31.83075221238937,15.403761061946902,18.202562752325786,39.28853754940712,15.905743740795286,10.021060021060023,6.0,24.694437515589925,84.45440956651719,24.065769805680127,2.7902341803687096,5.929247633283508,55433.0,0.4573,24827.0,69.07242693773826,2.35467255334805,75.34583461420226,80.49853372434019,8.207808177067323,97.0674486803519,19.797110359668,1.7595307917888563,34.39015939015939,1.8888888888888888,39.31046431046431,25.433125433125433,31.496881496881496,12.525987525987524,14.58766458766459,1.988888888888889,3.061976849515931,1.073087960627042,"Stevens County, KS",Kansas
2462,1237,2.92017025333157,2.4200257164581833,train,26025,134790,48.85006306105794,51.14993693894206,82.72943096668892,10.937013131537947,98.29048925177014,57.36748102315494,40.92300822861517,1.7095107482298908,16.41269299153198,79.9851332482848,3.6021737601832227,30.049442167368174,44.356424724759684,25.594133107872143,45.629817220876454,34.26227703149086,20.10790574763268,17.481760450099486,34.022334136194445,17.753058954393772,15.495200468686626,4.0,32.533910730063795,71.0406811731315,35.32450331125828,8.098391674550614,18.635761589403973,42520.0,0.4465,23150.0,61.05168901965029,9.74615198646144,66.88744995304236,74.76694198908372,22.543374029954034,98.2176496159977,15.164846028372299,0.3864174274259769,4.702871132873359,18.444444444444443,30.249276652570664,26.45003338526597,34.185028562949775,15.907708286964912,6.333555901773129,18.544444444444448,11.246148522271332,-7.298295922173116,"Calhoun County, MI",Michigan
2463,158,1.86149280724273,2.0729681339394306,train,5099,8793,49.664505856931655,50.335494143068345,67.18981007619698,30.76310701694529,100.0,79.45532728141423,20.544672718585762,0.0,19.12081155856133,79.11158930218261,1.7675991392560713,21.037628278221213,49.40136830102622,29.561003420752566,59.466180371352785,26.409151193633946,14.124668435013266,28.130439828246487,85.3852967227635,28.83096366508689,22.562252734465908,6.0,31.091807698068,64.34331797235022,42.74193548387097,8.237327188940093,20.910138248847925,30691.0,0.4523,17277.0,54.9607752653438,9.599776098516653,55.96784168212739,51.27272727272727,19.64543393114822,96.9090909090909,27.808699237270666,2.666666666666667,3.207096554077107,6.333333333333332,30.399181166837263,24.439895371318087,32.161947003298074,19.595132491754804,2.047082906857728,6.433333333333332,7.948379997001502,1.51504666366817,"Nevada County, AR",Arkansas
2464,2004,1.296248080435107,1.0834771044439455,train,38041,2621,47.768027470431136,52.231972529568864,96.03204883632202,0.7249141549027089,100.0,74.45652173913044,25.54347826086957,0.0,14.368117461982171,83.90141583639223,1.73046670162559,15.863359850257368,63.92138511932615,20.215255030416472,48.308172826652786,36.8558042686101,14.836022904737115,8.824725498169988,14.522821576763489,8.352272727272727,13.542090280601867,6.0,28.99951667472209,74.24381301558202,42.89642529789185,2.749770852428964,7.057745187901008,52169.0,0.4189,28132.0,63.660199265862616,0.5766062602965404,82.58164852255055,78.09983896940419,8.709175738724728,99.67793880837358,12.363919129082424,0.322061191626409,1.869515452117512,3.5555555555555562,25.181228538725676,21.25143075162152,32.39221671117894,25.29568866844716,3.2430370087752776,3.6555555555555563,2.9549363310322088,-0.7006192245233476,"Hettinger County, ND",North Dakota
2465,2948,2.312535423847214,2.4117782646424706,train,53005,184930,49.96268858486996,50.03731141513004,80.16330503433731,1.489752879467907,99.44058486145893,68.51320785200743,30.92737700945149,0.5594151385410776,13.077309048970635,82.97972725026024,3.942963700769121,27.723807267202808,51.52271175101399,20.753480981783213,35.50746054398217,35.13084451500131,29.36169494101652,14.218017249860626,28.074203564067112,12.858925289585054,12.580430562523176,3.0,30.079623838356948,78.55257303870681,28.123980424143557,5.233575559839834,16.29690048939641,60251.0,0.4313,28758.0,65.26138784051419,6.6087972240990345,69.6290789079996,72.92021095610751,16.25125801274786,97.07808778496089,18.4490402836082,0.3402517863218782,19.955118152814574,10.0,33.69545233331531,28.877413075217646,31.40377440112475,12.89623100632672,18.346942086194773,10.1,11.153777888985653,1.0537778889856533,"Benton County, WA",Washington
2466,309,2.5810582263605166,2.370506328549638,train,9015,117470,49.55477994381544,50.44522005618456,90.30901506767685,2.2303566868136544,99.18748730448911,65.29758277473087,33.88990452975828,0.8125126955108675,13.458110516934047,81.57136980666392,4.970519676402028,33.057384373619826,44.961534906173924,21.981080720206247,46.03786729032418,30.82875127509765,23.133381434578162,10.681253727623137,16.71336102792001,10.722537545833543,13.018318751457464,3.0,28.00440657097495,78.54593910922397,30.69608817418014,5.691571054295781,16.724636371849307,59392.0,0.4086,28140.0,70.37914951989028,9.020317153415558,72.29621383797824,66.64751691561342,21.436806742734465,96.78922507340738,9.913993029327184,0.5361930294906166,10.535455861070911,13.111111111111107,28.35191963905678,28.517919468800546,36.30543968672853,14.122754745892568,7.4606282455094926,13.211111111111109,10.702810050700378,-2.50830106041073,"Windham County, CT",Connecticut
2467,1568,2.312535423847214,2.0997590280504923,train,29183,374805,49.12928055922413,50.87071944077587,90.34724723522899,4.4900681687810975,99.31041948579157,77.61623815967523,21.69418132611637,0.6895805142083897,11.664552603921285,85.68006378429311,2.6553836117855982,26.81526035746975,55.82757499254014,17.35716464999011,31.964035403900837,32.510312787856954,35.52565180824222,6.260724843019572,9.45497658710674,5.791391970842043,9.736384984076944,2.0,28.55001275835673,82.6285640265404,27.039824983088426,2.520905597374746,5.817585169619597,72415.0,0.392,32946.0,73.28146606412248,4.804030755912635,86.89731808953951,68.44657069916119,6.154076290201943,97.02443524338705,9.216369270221175,0.4762619869993349,3.051987033257294,10.0,31.501447419324716,28.49321647256573,34.09746401462094,12.720214511546006,5.162684595989915,10.1,8.16420233175922,-1.9357976682407791,"St. Charles County, MO",Missouri
2468,846,1.296248080435107,1.8104426836169278,train,19127,40962,50.6078804745862,49.3921195254138,84.40749963380695,1.73087251599043,98.84596577017116,68.44987775061125,30.396088019559894,1.1540342298288508,13.511597285526186,83.02103379587426,3.4673689185995475,25.922143829681893,53.19037009530882,20.887486075009285,49.38185553395209,30.962250999669838,19.655893466378078,11.137095151880908,20.32142857142857,10.104309736812803,12.924370168372073,5.0,29.748917185006675,75.88416029286789,35.16375759952932,4.026933385631169,15.061776818984114,53351.0,0.3908,24648.0,67.9073364266021,6.005842451849285,75.37100820682909,76.43373493975903,16.332865586596927,98.44176706827308,12.88429646638602,0.11244979919678716,19.283726380547822,3.5555555555555562,31.221620038084087,25.823934378204182,32.23231287534788,16.927884380645477,13.861627850202627,3.6555555555555563,6.113153026017795,2.4575974704622383,"Marshall County, IA",Iowa
2469,2076,2.7788192719904172,2.6650152266048295,train,39079,32854,48.94989955560968,51.05010044439032,96.9714494429902,0.61484141961405,98.04982385505787,65.94111726220433,32.10870659285355,1.950176144942124,15.474833034696205,81.7763479394038,2.7488190258999836,26.027189185083927,47.4177868914711,26.555023923444978,59.128359821709964,23.690963936788076,17.180676241501956,23.54990903203923,49.875930521091824,25.694266864419784,20.328977709454264,5.0,28.59551915201156,67.20591633926509,34.10369000847393,9.121023033664589,21.539172636930896,39460.0,0.4497,20697.0,59.022663465842044,10.140631462842961,61.69750278030533,62.77372262773723,26.316853705388738,97.33055265901982,16.606005459508644,0.33368091762252344,0.931393437633165,16.0,30.982528763620873,26.3316491142631,34.22414317891277,15.252328483594086,2.4137091373957507,16.099999999999998,14.368168322752307,-1.7318316772476905,"Jackson County, OH",Ohio
2470,1429,1.4891517465595983,1.5893812701370058,train,28069,10211,49.975516599745376,50.024483400254624,36.832827343061396,59.014787973753776,100.0,39.1025641025641,60.89743589743589,0.0,18.048505358150027,79.00451212633953,2.9469825155104346,37.5956937799043,32.27272727272727,30.13157894736842,54.24759080800593,34.232765011119355,11.51964418087472,30.48283261802575,89.58333333333334,33.959076403228835,19.923450915485674,5.0,21.45259748349321,65.10231923601637,39.75443383356071,10.641200545702592,25.62073669849932,30056.0,0.4505,14516.0,52.599224909795545,10.13719512195122,56.079234972677604,52.61216963736939,22.98497267759563,100.0,24.09494535519125,0.0,2.4091665850553325,4.333333333333333,29.311526784839877,29.556360787386154,32.680442659876604,16.374498090294782,4.1523846831848,4.433333333333333,4.900715770873353,0.46738243754001996,"Kemper County, MS",Mississippi
2471,2624,2.132192107065365,2.185504007856699,train,48217,34923,49.17676030123415,50.82323969876585,89.46253185579704,7.224465252126106,99.47992259313015,64.46540880503143,35.0145137880987,0.5200774068698597,13.262206993224824,82.71941437582744,4.018378630947746,22.69308906868161,49.887728552589365,27.41918237872902,53.70315727353203,31.492644269274546,14.804198457193436,20.790443887332245,50.53191489361703,20.061670715754065,17.929705744978982,6.0,33.75676488274203,72.09734924817856,39.218725778949,5.4642691055650285,18.710277476360254,41382.0,0.4557,21281.0,59.38570493822408,8.853457774321084,58.28290081033953,61.45303100416474,14.186070366191403,97.67083140521365,30.96214996409889,1.3419713095788983,19.454227872748614,8.333333333333334,30.552930733327607,23.649171033416373,32.912407296051306,19.6288978610085,3.3130028920768537,8.433333333333334,8.895130639501854,0.46179730616852055,"Hill County, TX",Texas
2472,5,1.561647248597752,1.48194599611587,train,1011,10678,53.006180932758944,46.993819067241056,26.64356621090091,70.70612474246114,100.0,26.726457399103136,73.27354260089686,0.0,15.047984644913628,77.00575815738964,7.946257197696735,44.08074817518249,27.24680656934307,28.672445255474447,68.45926324280721,17.67948373218607,13.861253025006725,24.618736383442265,62.40875912408759,26.129445690483816,18.65044028890868,6.0,15.206063477025106,62.53054575074667,40.673364105348895,12.24545207711105,23.35052945967961,31938.0,0.4648,17580.0,59.85012066556585,17.975382003395588,52.11619553334374,59.65986394557822,22.942370763704513,92.51700680272108,28.01811650788693,0.8163265306122449,4.42966847724293,4.666666666666667,25.191983517512647,30.099269526128488,34.38846225884997,14.590747330960856,2.6503090466379478,4.766666666666667,4.401502659374103,-0.36516400729256393,"Bullock County, AL",Alabama
2473,188,2.638263363714082,2.725345977187928,train,6009,44767,49.46277391828802,50.53722608171197,92.05441508253848,0.5830187414836822,99.35802469135805,68.93827160493828,30.419753086419753,0.6419753086419753,13.461325661170742,81.51764966249861,5.02102467633064,23.366532825780894,53.38947697762945,23.243990196589664,35.94757645100894,43.19593450028233,20.856489048708728,12.641052893421678,15.368971528181289,14.275364601379659,19.260060384840703,6.0,39.43461738250814,60.11627906976744,46.45071982281285,7.790697674418605,9.50719822812846,53233.0,0.4565,29553.0,50.092339921166534,11.924283277389536,66.28477262918351,71.35841363973313,22.564444618825284,98.78613787991104,15.965001765605994,0.0926612305411416,11.095226394442337,13.888888888888893,24.232135278218326,19.15250072598119,38.27819599258382,24.274577255567717,7.3625661759778405,13.98888888888889,15.261693211250758,1.2728043223618677,"Calaveras County, CA",California
2474,1358,1.410986973710262,1.443500690108037,train,27101,8529,49.56032360182906,50.43967639817096,96.72880759760817,0.3517411185367569,99.55825510767531,75.15184980673662,24.40640530093871,0.44174489232468256,17.94401101422671,80.05201162612819,2.003977359645097,20.664678312739667,59.49439000142025,19.840931685840076,47.44359681869825,34.491154033436125,18.06524914786561,9.19389458621512,14.303877940241575,9.03674280039722,13.319866920152087,6.0,34.203850171616175,75.14048702167514,38.45330478993846,3.96039603960396,6.3955044153063945,51983.0,0.4238,28976.0,65.51305403764421,4.216867469879518,78.59731400554253,73.9061676331049,14.51716052014496,99.42013705851343,10.658708164570454,0.0,3.236018290538164,4.0,27.588228397232967,20.025794348692692,35.033415406260985,23.50803142220659,2.9194512838550826,4.1,4.2354970572542685,0.13549705725426886,"Murray County, MN",Minnesota
2475,1717,1.094901709271574,1.2840944850753007,train,31139,7184,50.556792873051215,49.443207126948785,97.9955456570156,0.13919821826280626,99.66367713004485,83.23991031390135,16.423766816143498,0.336322869955157,15.918600228223658,83.11144922023584,0.9699505515405098,19.818245368752187,61.58685774204825,18.594896889199585,42.09016393442623,37.377049180327866,20.532786885245894,5.9511916654773795,6.322188449848025,6.329625884732053,10.907801418439718,5.0,33.45083487940631,81.19047619047619,32.04081632653061,2.7551020408163267,4.659863945578231,54482.0,0.3816,26668.0,71.99923910975842,4.438573315719947,85.18060366155369,67.73662551440329,8.015833745670461,97.86008230452677,9.376546264225633,1.1522633744855968,1.5033407572383073,2.888888888888889,31.973830734966594,23.969933184855236,32.82293986636971,18.248886414253896,1.8652561247216035,2.988888888888889,3.611396302923802,0.6225074140349132,"Pierce County, NE",Nebraska
2476,2222,2.7788192719904172,2.878550980914204,train,41041,46347,48.6568709948864,51.3431290051136,88.08337109198006,0.3344337281808963,98.0330349262388,60.61026352288489,37.42277140335393,1.9669650737611903,17.082330538732116,76.63378381952342,6.283885641744466,22.305909617612986,49.87656808907251,27.817522293314518,39.27458203457071,37.02748654009635,23.69793142533295,16.923479855078792,32.08866155157716,18.236591198484426,21.256458125298487,5.0,44.8582763480712,65.82709326072158,45.66760672955363,5.572303802392298,22.32325196926967,42101.0,0.4396,25124.0,54.82236168369089,7.553405498610978,56.90337860341192,65.72332730560578,23.73533656514821,97.35985533453888,23.720534359619585,0.18987341772151892,8.44067577189462,16.0,22.14167044253134,21.131896347120627,37.622715601872834,24.016656957300363,11.582195179839038,16.099999999999998,17.788478650671028,1.6884786506710299,"Lincoln County, OR",Oregon
2477,280,2.312535423847214,1.906763610078394,train,8081,13117,52.06983304109172,47.93016695890829,93.06243805748264,0.4879164443089121,97.10441649605148,74.99268792044458,22.111728575606904,2.8955835039485227,16.001675568122316,75.70426222641115,8.294062205466544,25.491723466407013,51.11002921129504,23.398247322297955,50.295926656609026,34.38551700127655,15.318556342114425,11.36770080087085,16.02541475467702,11.767452720056035,10.559532055722313,5.0,31.831305423798717,80.60569594865625,28.118732450862414,3.40954673084637,14.239871640593664,51387.0,0.4129,24624.0,69.78274493419677,5.7177069301002845,66.78286852589639,65.43450064850843,17.019422310756973,98.50843060959794,21.899900398406373,0.0,14.279179690478005,10.0,32.583670046504544,27.536784325684234,34.27613021270107,12.121674163299534,6.449645498208432,10.1,6.731268498549365,-3.3687315014506343,"Moffat County, CO",Colorado
2478,3110,2.1959892467282267,2.0304574239640463,train,55139,169004,50.30590991929185,49.69409008070815,92.54455515845777,2.041371801850844,98.73410599752451,69.11781253516372,29.616293462360755,1.265894002475526,17.199679871948778,76.68427370948379,6.116046418567428,32.85908004907553,47.400934156998645,19.739985793925825,41.99705271381141,31.448964011149968,26.55398327503861,11.977104519862078,18.129228687415427,12.40905995771064,11.139581846245827,4.0,27.414673656264767,78.16765546352572,29.913401702954783,3.57707538548572,11.365119888597164,52018.0,0.436,27770.0,69.18102272815814,4.521956548671571,80.18274401560939,65.64567402697826,13.411697520582495,98.54798522209812,9.414172179127206,0.12028524787352865,3.8170694184753033,8.888888888888891,27.967977089299666,31.796880547205987,32.79744858109867,14.351139617997205,5.4140730396913685,8.988888888888889,7.617570021039356,-1.3713188678495332,"Winnebago County, WI",Wisconsin
2479,1605,2.366081404553173,1.9707900979624344,train,30027,11468,50.63655388908267,49.36344611091734,95.28252528775722,0.2005580746424834,98.91304347826086,62.47826086956522,36.434782608695656,1.0869565217391304,18.02352398523985,78.70156826568265,3.2749077490774914,20.268006700167504,54.711055276381906,25.020938023450583,41.76213534900201,30.0696822959726,28.168182355025397,11.472633267962205,16.11253196930946,12.186559679037108,15.576102418207679,6.0,37.03744132736601,75.384300061488,39.270342283254756,4.734576757532281,6.845665095306416,40881.0,0.4462,26111.0,62.96379079123826,3.1416400425985094,71.23435810288893,59.919191919191924,12.12729800710644,98.94949494949495,20.65502858025645,0.0808080808080808,0.819672131147541,10.555555555555557,25.13079874433205,22.174747122427625,35.24590163934426,22.462504359958142,4.516916637600279,10.655555555555555,7.176344263983479,-3.479211291572076,"Fergus County, MT",Montana
2480,2321,1.8440707637960658,2.0451273706610813,train,45023,32556,48.84506696154319,51.15493303845682,60.084162673547105,38.40459515911046,99.89357456432087,41.412797658640415,58.480776905680464,0.10642543567912732,15.77379754477762,80.5554437512578,3.6707587039645806,35.32890995260664,39.42369668246445,25.247393364928907,57.86560188756296,28.372430691047693,13.761967421389356,27.02518720217835,72.22479185938946,29.13291796469367,17.5832328665492,2.0,28.348535765722517,65.88615260395639,40.185708518369005,5.587404117884538,22.1881308033912,31914.0,0.4894,18819.0,56.68492268041238,13.334754191531687,61.60837375542507,50.905279207166004,22.609139647689556,99.06613302839718,20.44932346183304,0.0,1.7262562968423638,6.222222222222222,29.42314780685588,24.892492935250026,35.698488757832656,16.307285907359628,1.5112421673424254,6.322222222222222,7.730143068641291,1.407920846419069,"Chester County, SC",South Carolina
2481,1479,1.166617017782167,1.8359324861752848,train,29005,5440,49.66911764705882,50.33088235294117,97.88602941176471,0.29411764705882354,98.23420074349444,73.14126394052045,25.092936802973966,1.7657992565055762,20.221280602636536,77.11864406779661,2.6600753295668547,20.707070707070702,54.23803249890207,25.054896794027233,52.21997981836529,25.126135216952573,22.653884964682145,12.989690721649485,21.714285714285715,13.35280063711176,18.348623853211013,6.0,33.111519045433695,75.76969212315075,38.22471011595362,4.798080767692923,8.59656137544982,43933.0,0.4314,26069.0,64.78311840562718,4.198335142960549,70.07822685788787,66.33249791144527,11.603650586701436,99.16457811194654,20.664928292046934,0.0,1.2683823529411764,3.111111111111111,25.496323529411764,21.37867647058824,35.42279411764706,23.400735294117645,1.8198529411764703,3.2111111111111112,6.270979021122,3.0598679100108885,"Atchison County, MO",Missouri
2482,1459,1.928295602354331,1.9907971858920115,train,28129,16257,48.16386787230116,51.83613212769884,74.8723626745402,24.764716737405426,99.89969909729187,58.049147442326976,41.8505516549649,0.10030090270812438,12.017767541334212,86.86353541169697,1.1186970469688249,24.76285956659212,50.0115678260199,25.225572607387985,60.659402067616654,26.338828350563467,13.001769581819875,23.586539651119644,59.423769507803144,23.62492388877613,19.437229437229444,6.0,24.647485532643252,69.59737058340181,39.819227608874286,7.510271158586688,16.828266228430564,32951.0,0.5149,21050.0,55.237235265145294,4.696091544063012,62.406804578389156,49.30424971793907,20.90727711855508,99.02218879277923,21.096293184920718,0.4512974802557352,0.289106231161961,6.777777777777778,31.758627052961803,25.36138278895245,33.29642615488712,16.811219782247647,0.36292058805437655,6.877777777777777,7.32136792776564,0.4435901499878625,"Smith County, MS",Mississippi
2483,563,2.1959892467282267,1.8996929666629996,train,16037,4234,51.22815304676429,48.77184695323571,97.47283892300423,0.0,100.0,87.63020833333334,12.369791666666668,0.0,14.226066209364747,80.10736653742917,5.6665672532060825,17.080573951434882,61.89293598233997,21.026490066225165,44.04617253948967,28.85783718104496,27.09599027946537,19.236276849642007,21.904761904761905,24.255628177196805,17.229890528319846,6.0,42.06578188113099,67.40237691001697,43.576683644595356,2.886247877758913,6.847764572722127,39457.0,0.4258,22861.0,52.24228305183459,3.3444816053511706,68.08681672025722,64.2706131078224,14.750803858520902,99.57716701902748,22.226688102893892,0.0,2.6688710439300896,8.888888888888891,22.8389230042513,20.973075106282472,38.54511100614078,22.342938119981106,2.527161076995748,8.988888888888889,6.683841964903436,-2.3050469239854525,"Custer County, ID",Idaho
2484,1663,1.0570183913692728,1.093719286230453,train,31031,5770,47.24436741767765,52.755632582322356,91.55979202772964,0.03466204506065858,99.57698815566836,86.29441624365481,13.282571912013536,0.4230118443316413,15.75050482387256,81.82634058783934,2.423154588288086,18.218197135636057,66.61752316764954,15.164279696714404,40.07579346281383,40.19422074846045,19.729985788725728,11.408450704225352,14.829268292682926,12.378337908659846,13.44773244615654,6.0,29.24901185770751,83.63016294050776,34.785903751420996,2.425161045850701,6.328154604016673,48750.0,0.3956,26229.0,73.97199377639475,2.5240384615384617,84.93522145224465,64.23728813559322,7.3214823742091,99.57627118644069,12.684543537210002,0.0,2.495667244367417,2.7777777777777777,24.95667244367418,23.691507798960142,34.055459272097046,21.247833622183713,8.405545927209706,2.877777777777778,2.985356846395049,0.10757906861727085,"Cherry County, NE",Nebraska
2485,1500,2.145281299175379,2.3668803204394706,train,29047,230361,48.93970767621255,51.06029232378745,86.7607798195007,5.4010878577537,99.28061295243376,70.85702399112466,28.423588961309108,0.7193870475662183,13.309877385799346,81.31015979854558,5.37996281565508,27.749692280640048,50.1621021628275,22.088205556532444,36.85635445410527,32.17056281564013,30.973082730254593,8.846801013975108,11.95025305033544,8.974211521750243,11.501485754238768,2.0,28.236052399312488,82.88014964186323,27.7430539714403,3.58136776312788,9.276198731693963,62099.0,0.4022,29793.0,72.37161383875059,5.866289638456878,80.24493956807406,73.48604718066744,8.998107792960429,97.28495397008056,13.792862678834512,0.5645857307249712,6.383024904389198,8.444444444444445,31.661609387005612,29.33960175550549,33.173149968961766,12.333684955352686,7.8381323227456035,8.544444444444444,10.66407184961455,2.119627405170105,"Clay County, MO",Missouri
2486,2909,2.8835584766621185,2.775454450415239,train,51520,17524,46.55329833371377,53.44670166628623,89.91097922848664,5.683633873544853,99.80774512496565,48.832738258720134,50.975006866245536,0.1922548750343312,18.437453628134733,78.76539545926695,2.7971509125983083,26.256481161424126,44.196335983408225,29.547182855167648,50.31919191919192,26.335353535353534,23.345454545454544,20.35872350337759,47.31313131313132,20.7570752611374,20.746242874417,3.0,25.552187093980077,63.82482508421871,40.77481212749417,9.639803057786992,22.38922000518269,35368.0,0.4685,20777.0,59.0117338386415,10.547116215882426,59.02034519332755,60.507462686567145,21.444412303538712,99.1641791044776,22.582200366406326,0.0,1.666286236019174,17.777777777777782,26.68340561515636,26.21547591874002,33.725176900251085,19.202236932207253,4.4053868979685005,17.877777777777784,16.045917412794786,-1.8318603649829974,"Bristol city, VA",Virginia
2487,1340,1.410986973710262,1.9053489798224226,train,27065,16003,50.746734987189896,49.253265012810104,96.78810223083171,0.4311691557832906,99.29854096520764,69.6969696969697,29.60157126823793,0.7014590347923682,13.1950139412826,82.61440052484829,4.1905855338691165,26.34785257386537,53.26682911970757,20.38531830642705,51.53771160152442,34.96410529114597,13.498183107329615,14.16835187057634,27.11496746203905,13.794378698224852,16.343245967741936,6.0,35.639025174937665,74.75367468906478,36.9245679211759,6.3156194475852026,15.118720723631075,47384.0,0.4107,23661.0,63.86021942299878,9.518961567828963,65.98274410774411,68.61835058907533,28.18813131313132,99.35737236701179,11.60563973063973,0.3570153516601214,1.6309441979628818,4.0,28.732112728863346,23.245641442229587,36.368180966068856,18.096606886208832,2.7807286133849902,4.1,6.721752974531194,2.6217529745311943,"Kanabec County, MN",Minnesota
2488,1029,2.9496883350525844,2.6700569903554463,train,21085,26001,49.80577670089612,50.19422329910388,95.98861582246838,1.1538017768547364,99.53577717304306,77.60525052024974,21.930526652793347,0.4642228269569394,13.747159677752528,85.21483164635407,1.0380086758934104,21.590690517407193,53.539142142719754,24.870167339873053,65.10832383124287,25.77537058152793,9.11630558722919,23.986671893375146,52.54531909610132,26.054412913303825,20.33514315847037,6.0,27.779747733144216,69.98983739837401,38.97357723577235,9.278455284552846,22.47967479674797,35030.0,0.4731,19902.0,57.92084323654025,9.072256913470117,61.02926860925433,63.193916349809896,23.921085080147968,98.75792141951838,20.0856642222078,0.2534854245880861,1.2114918656974731,19.0,30.237298565439787,26.30283450636514,33.910234221760696,15.7609322718357,2.8575824006768973,19.100000000000005,14.440792155230051,-4.659207844769954,"Grayson County, KY",Kentucky
2489,1217,2.6461747973841225,2.677888494439528,train,25013,468041,48.20325569768461,51.796744302315396,78.6437512952925,8.657147557585768,99.20623697879844,51.69263836646965,47.51359861232878,0.79376302120158,14.520769438802226,80.80919966165868,4.670030899539097,37.836923335186896,39.78239657542152,22.38068008939157,45.949150521801606,28.26331407656097,25.787535401637417,17.46783753245981,37.356020255555855,17.030108312199108,16.06681136986657,3.0,25.405350010801946,73.02939513849633,32.931599773883555,11.851328434143586,23.59072922555116,50461.0,0.4677,26560.0,64.89032261687176,9.313061650088477,66.50413186039043,64.05363202306236,32.1967407857614,96.62322452779196,5.6837685053128855,0.2087024413681271,22.730059973378406,14.0,30.33174444119212,28.658600421757928,33.63658311985489,14.935016376770411,12.699101147121727,14.1,14.554329280910867,0.45432928091086744,"Hampden County, MA",Massachusetts
2490,2347,1.5380612495918724,1.8191177361340392,train,45075,90575,47.099089152635926,52.900910847364074,34.31962462048027,61.893458459839906,99.39212706505221,46.850335800774545,52.541791264277656,0.6078729349477916,16.677066619124027,79.67403577583644,3.64889760503952,38.74795640326976,35.80245231607629,25.449591280653948,52.46813948014392,28.20874945357947,19.32311106627661,23.50578516168785,53.6419800167798,25.1580840766221,17.92543127434613,5.0,28.063037985525245,67.19545046393296,36.887159533073934,6.967973660580665,22.621969470218506,34218.0,0.473,17889.0,55.46923420631603,12.65201122544434,57.56536335273405,52.402196293754294,21.762849167107593,97.19972546328071,25.90997828823733,0.9951956074124916,2.038089980678995,4.5555555555555545,29.67485509246481,28.429478332873305,32.47805685895666,16.458183825558926,3.786916919679824,4.655555555555554,6.166415643536133,1.5108600879805785,"Orangeburg County, SC",South Carolina
2491,1734,1.6507930981160142,1.8024593768550308,train,31173,6946,49.38093866973798,50.61906133026202,41.41952202706594,0.10077742585660812,99.51159951159953,44.32234432234432,55.18925518925519,0.4884004884004884,12.104787714543813,83.10749774164408,4.787714543812106,39.74809002684287,37.55936403055957,22.692545942597565,48.709167544783966,37.35511064278187,13.935721812434142,30.600292825768665,71.3161659513591,32.704967085577486,12.539912917271408,6.0,23.612040133779264,76.87140115163147,30.422264875239925,7.341650671785027,22.50479846449136,41266.0,0.4835,18529.0,64.35018050541517,14.270687237026644,45.131034482758615,57.99256505576208,16.8,95.910780669145,39.77931034482759,0.4956629491945477,4.3478260869565215,5.111111111111111,43.66541894615607,26.101353296861504,26.446875899798442,12.064497552548227,58.479700547077464,5.21111111111111,6.064544138126707,0.8534330270155968,"Thurston County, NE",Nebraska
2492,2012,1.2335316065674804,1.647644416887306,train,38057,8633,51.7664774701726,48.233522529827404,95.8531217421522,0.046333835283215566,98.35456475583864,84.55414012738855,13.800424628450106,1.6454352441613591,15.412566237698714,83.13398940196821,1.4534443603330809,20.534956127936606,61.435041041607704,18.030002830455704,39.64181994191673,39.83543078412391,20.522749273959338,8.17892127935796,8.579881656804734,8.998357963875208,11.05504048820561,6.0,32.454060462359216,80.1524639259461,29.24040294037572,2.286958889191397,5.254560304927852,72704.0,0.373,31759.0,66.89769474160012,3.2657657657657655,83.17262242389866,79.82195845697329,6.825486859519758,98.36795252225521,11.911514463981847,0.0,2.2240240935943474,3.333333333333333,27.19796131124755,22.726746206417236,38.688752461485,16.761264913703233,4.100544422564578,3.433333333333333,5.194728788265845,1.761395454932512,"Mercer County, ND",North Dakota
2493,2729,0.842524581634546,0.9424212692088167,train,48427,62648,48.47401353594688,51.52598646405312,94.92561614097816,0.057463925424594574,99.8990966749952,60.46031135883143,39.43878531616375,0.10090332500480492,6.122151852660697,92.63060833272672,1.2472398146126034,32.98389950460014,43.239118895966044,23.776981599433828,75.91238766723495,14.985407576501865,9.102204756263184,36.59099715835701,82.04879767462346,47.8080229226361,18.455295027054888,5.0,6.382673208089027,77.76401362650975,33.16196965004645,17.34902446577888,43.858779807990096,26172.0,0.5023,12483.0,58.23155956188816,13.457617244392658,29.60358056265985,18.352769679300287,16.039874447802838,95.26239067055391,55.62369216461288,3.804664723032072,98.71344655854936,2.2222222222222223,42.20406078406333,30.88366747541821,24.77812539905504,11.036266121823523,5.016919933597244,2.3222222222222224,2.566187332575283,0.24396511035306068,"Starr County, TX",Texas
2494,1287,2.0208114572284313,2.409803044117626,train,26125,1229503,48.564094597573174,51.435905402426826,76.30367717687554,13.884146683659985,99.49874322576895,74.35998953898905,25.138753686779896,0.5012567742310431,15.342551794162299,80.72727735698318,3.9301708488545177,29.96957620519104,50.74726767668229,19.28315611812668,26.80650525623487,28.763418524556204,44.43007621920893,10.094684310453,15.123870174285884,10.15110566684094,11.475512999473679,2.0,19.930269074523355,79.09193517991281,29.71028736202833,3.9012014452196495,10.628605703470594,67465.0,0.4676,37728.0,68.16734534171579,7.2859147542403955,80.31934727106066,77.10529459617824,11.215477195399203,97.15501499007296,11.563229879283467,0.5210970344117464,3.706294331937377,7.444444444444445,28.98276783383204,26.504612026160164,36.497511596149025,14.574018932853356,9.812176139464485,7.544444444444446,11.131768461861677,3.587324017417231,"Oakland County, MI",Michigan
2495,1366,0.8892620594862357,1.605622035859325,train,27117,9354,48.642292067564675,51.35770793243533,93.60701304254864,1.2508017960230915,99.27069927069927,70.18447018447019,29.08622908622909,0.7293007293007293,18.268246306859734,80.62015503875969,1.1115986543805765,20.859808030282547,57.104231445180474,22.035960524536968,49.53594462796917,31.49284253578732,18.97121283624352,12.920857017927412,21.284501061571127,12.841170667543574,13.424717145343775,6.0,27.56017661301809,75.32663316582915,32.73869346733668,5.050251256281408,12.688442211055277,46990.0,0.4638,26842.0,67.74522664334643,3.6790017211703963,71.54868987094251,69.43331425300515,17.30543605788033,98.68345735546652,13.277278060226829,0.0,4.682488774855677,2.333333333333333,31.19521060508873,22.535813555698105,32.424631173829376,20.1197348727817,5.142185161428267,2.433333333333333,4.980956973153136,2.5476236398198027,"Pipestone County, MN",Minnesota
2496,1911,2.7578980068297776,2.320681126704293,train,37055,34863,49.18108022832229,50.818919771677706,90.40530074864469,2.2344606029314744,99.89766081871343,66.35964912280701,33.538011695906434,0.10233918128654973,14.183072280500074,79.67739617761173,6.139531541888203,22.765401540154013,53.32783278327833,23.906765676567648,32.328256139260176,38.284892757227226,29.386851103512587,8.316997232472325,11.921620286514079,8.398756315584919,14.591136979196682,5.0,31.972837741243747,79.4441846482731,34.210702117709936,3.2734317589685347,9.786892912018171,54496.0,0.4137,30682.0,70.42991459125817,6.211148476510751,68.56250287131897,74.65158222659453,8.29236918270777,98.14723725200851,25.13897183810355,0.0983767830791933,6.832458480337322,15.666666666666664,24.79132604767232,23.51203281415827,39.222097926168146,17.637610073717124,7.360238648423832,15.766666666666667,10.182607590531935,-5.584059076134732,"Dare County, NC",North Carolina
2497,1052,3.2746258399726926,3.1745010223054253,train,21131,10997,49.35891606801855,50.64108393198145,98.5723379103392,0.6820041829589888,98.78151260504202,70.12605042016807,28.655462184873947,1.2184873949579833,13.842111549026633,84.42613161351964,1.7317568374537202,26.644444444444442,46.56666666666667,26.788888888888888,68.72087001553601,22.69549456240291,8.583635422061109,28.450205147333087,47.49058971141782,37.73646981411417,33.528700344218066,6.0,16.405433646812956,50.40963855421686,41.783132530120476,17.85542168674699,27.5421686746988,25872.0,0.4862,15558.0,40.01672840243757,17.02000597193192,47.02985074626866,43.91851408028759,39.23880597014925,97.30377471539845,18.626865671641788,0.0,0.4455760661998727,26.33333333333333,26.81640447394744,25.579703555515138,37.12830772028735,15.649722651632265,0.7456579067018276,26.433333333333334,23.914883897098072,-2.5184494362352616,"Leslie County, KY",Kentucky
2498,349,1.8440707637960658,2.0441270218450756,train,12073,282940,47.5273909662826,52.4726090337174,62.22626705308546,31.127094083551285,99.20757454565748,60.01227701408136,39.19529753157611,0.7924254543425288,15.684991273996513,66.66852326315399,17.646485462849505,46.45744434868518,35.71605742753242,17.826498223782398,26.736992822571267,28.267932863812426,44.99507431361632,22.306007370461913,25.94195699992905,29.40794142024889,9.953490036134664,3.0,21.922193793872598,82.49905263727737,22.428135770611906,3.9942616886514974,14.11119331613043,46745.0,0.4874,26522.0,69.03451792404726,10.296280596286376,77.49523756020082,71.44827122292479,10.158169180247494,96.86533028386923,15.059524113522265,0.49105341046683704,6.061709196296035,6.222222222222222,28.404608750971942,42.5231497844066,27.551424330246697,10.795928465399024,6.646638863363258,6.322222222222222,7.722414095654039,1.400191873431817,"Leon County, FL",Florida
2499,870,2.0354316006833932,1.7713633454921196,train,19175,12575,47.833001988071565,52.166998011928435,97.36779324055664,0.9860834990059644,98.32327297116028,63.84976525821596,34.473507712944325,1.676727028839705,18.591124515295128,78.73761309780267,2.6712623869021974,26.63107947805457,50.54369315935152,22.825227362593907,47.27743149476655,38.02187463248266,14.700693872750795,13.640432977944169,24.482029598308678,13.303419839922388,15.231202251708885,6.0,31.835713541123727,78.30241708825183,36.16263818624695,3.991006183249017,13.078508525388793,44351.0,0.4078,24022.0,69.89315561197503,5.312547298319964,76.58280342825546,71.47363677332132,14.763616256566214,99.14375844975214,12.703898258225047,0.0,2.4652087475149105,7.555555555555554,30.68787276341948,25.455268389662024,32.27833001988072,18.55268389662028,1.6461232604373754,7.655555555555553,5.878862821437762,-1.7766927341177912,"Union County, IA",Iowa
2500,862,1.62924053973028,1.5601052986010038,train,19159,5061,48.883619837976674,51.116380162023326,97.78699861687413,0.2371072910491997,98.84393063583816,79.1907514450867,19.653179190751445,1.1560693641618496,16.566265060240966,81.43483023001096,1.9989047097480832,19.474459724950886,56.60609037328096,23.919449901768175,45.67552289429056,33.55002826455625,20.774448841153195,10.587023686920698,10.472659870250233,12.29307173513182,15.26466967583094,6.0,25.792207792207797,71.0344827586207,44.18719211822661,4.1871921182266005,11.92118226600985,47042.0,0.4724,26557.0,60.76986076986077,4.806828391734052,74.13127413127413,72.69338303821063,14.942084942084945,98.69524697110904,16.1003861003861,0.0,1.343607982612132,5.0,30.3299743133768,19.956530329974317,31.3969571230982,24.718435091879073,1.9758940920766648,5.1,4.759322368740738,-0.3406776312592612,"Ringgold County, IA",Iowa
2501,2848,2.145281299175379,2.13934533964206,train,51073,37001,49.412178049241895,50.58782195075808,87.72465609037594,8.267344125834438,100.0,76.67057444314185,23.329425556858148,0.0,11.778680622503787,84.89877427351604,3.322545103980168,23.292389679599662,55.36166894131411,21.345941379086238,43.641190972880715,34.272710032239715,22.086098994879574,7.447040243968849,9.221778791334094,7.740500463392029,14.094980097302079,2.0,48.89082058414465,77.6750700280112,34.70588235294117,4.866946778711485,8.046218487394958,61121.0,0.3964,29867.0,63.567142706761636,4.52638551556635,76.81590273772021,73.39818852733981,10.733460531570307,97.81952364978191,17.065270444158493,0.06709158000670916,3.005324180427556,8.444444444444445,26.923596659549737,25.080403232345077,37.593578551931024,16.5779303262074,4.007999783789627,8.544444444444444,8.49387520495359,-0.05056923949085501,"Gloucester County, VA",Virginia
2502,1621,1.5380612495918724,1.6383602562053452,train,30059,1898,47.576396206533204,52.42360379346682,98.47207586933615,0.0,100.0,56.76392572944297,43.23607427055703,0.0,14.324142568930734,82.11163416274377,3.564223268325488,19.962453066332927,50.75093867334167,29.28660826032541,46.657183499288756,30.014224751066852,23.328591749644374,14.14842498665243,16.969696969696972,16.353677621283257,17.191671115856913,6.0,31.15079365079365,76.61822985468956,43.59313077939235,8.850726552179658,8.718626155878468,41641.0,0.368,20736.0,60.860793544048434,3.977900552486188,64.37728937728939,58.9873417721519,16.666666666666664,100.0,23.992673992673996,0.0,1.4225500526870392,4.5555555555555545,27.44994731296101,19.652265542676503,38.61959957850369,21.39093782929399,1.527924130663857,4.655555555555554,5.146723281736115,0.4911677261805609,"Meagher County, MT",Montana
2503,1150,3.2954252586719077,2.3241618403485678,train,22087,42858,49.6943394465444,50.3056605534556,72.21288907555183,21.55256894862103,99.60456942003515,56.44112478031634,43.1634446397188,0.39543057996485065,10.96863350044993,84.37459827741355,4.656768222136521,34.86804489783636,41.00087267912491,24.13108242303873,59.40398079249293,28.07448407316448,12.521535134342582,19.343512889391587,40.9051131391424,18.82195958825772,12.958694015807302,2.0,15.214415332208462,78.89309040907528,25.603300103128227,10.519078721210038,13.929185287040221,42753.0,0.4336,20160.0,63.70763052208836,11.997579303041,65.4330563250231,43.185185185185176,20.029547553093266,98.54320987654322,18.77746999076639,0.34567901234567905,9.643473797190724,26.88888888888889,32.94367445984414,33.032339353212926,30.906715199029357,9.449811003779924,6.234541975827151,26.988888888888898,10.218112086352289,-16.77077680253661,"St. Bernard Parish, LA",Louisiana
2504,2393,0.36000273403140703,1.2935638734799657,train,46077,5107,50.714705306442134,49.285294693557866,96.181711376542,0.6070099862933229,100.0,75.33039647577094,24.669603524229075,0.0,18.271733472149922,80.16657990629881,1.5616866215512752,16.726661867050638,62.22702183825294,21.046316294696425,46.24829467939973,31.978171896316514,21.773533424283762,10.065776360374725,13.668341708542714,10.491896502701168,13.309424188085275,6.0,30.68010075566751,74.11300919842313,37.62593079281647,2.671922908453789,7.3149364870784055,53828.0,0.4308,29747.0,67.71369721936148,2.0532319391634983,87.23849372384937,64.56692913385827,9.170153417015342,98.52362204724407,7.531380753138076,0.4921259842519685,2.1147444683767382,1.3333333333333333,27.96162130409242,21.96984531035833,34.325435676522424,21.480321127863718,3.211278637164676,1.4333333333333333,3.6457564452120192,2.212423111878686,"Kingsbury County, SD",South Dakota
2505,1329,1.561647248597752,1.5572650446870695,train,27043,14230,50.35137034434294,49.64862965565706,97.65987350667605,0.3583977512297962,98.57615894039736,63.84105960264901,34.735099337748345,1.4238410596026492,17.5,81.06617647058823,1.4338235294117647,22.71223814773981,56.068187600712406,21.21957425154779,49.69253294289898,33.43094192288921,16.87652513421181,13.542943679238482,29.13763066202091,12.472918601052307,12.694877505567927,6.0,32.22918531781558,74.94508942579229,36.931283338562906,3.796673988076561,9.444618763727645,47540.0,0.4366,27135.0,66.5657399761446,4.217780840799448,73.80228136882128,72.98105682951147,18.20025348542459,99.20239282153538,11.11533586818758,0.2991026919242273,6.099789177793395,4.666666666666667,27.737174982431487,22.50878425860857,33.47856640899508,22.529866479269145,1.9817287420941672,4.766666666666667,4.745823863420948,-0.020842803245718855,"Faribault County, MN",Minnesota
2506,1833,1.7326383462202575,1.8329773790168808,train,36023,49043,48.775564300715686,51.2244356992843,94.28868543930835,1.7657973614990927,99.40792160065331,64.91425071457738,34.49367088607595,0.5920783993466721,16.231948953319154,75.06156946154707,8.706481585133773,39.17034939082453,40.723197499816884,20.1064531093586,44.85588602192896,31.58361236950955,23.560501608561488,14.665817111218526,18.044651619234546,16.95832111317496,12.94546352912112,5.0,25.194579835149412,78.10984109283524,32.97463061053805,6.367437970448843,15.037635907443548,49514.0,0.4289,24228.0,65.35750251762337,5.882817747224528,79.04582548650345,71.93825542449395,17.4105461393597,97.20401922236783,8.003766478342751,0.36405999708752,2.4998470729767757,5.5555555555555545,29.62706196602981,33.79075505168933,31.41324959729217,14.71769671512754,3.9455171991925457,5.655555555555554,6.25247496033353,0.5969194047779762,"Cortland County, NY",New York
2507,1373,1.4891517465595983,1.5837327019883587,train,27131,64886,50.91699287981999,49.08300712018001,89.99321887618284,3.8359584502049753,99.60044089280794,74.85533204739598,24.74510884541196,0.39955910719206394,14.194569701621413,81.8598292238319,3.945601074546676,34.70916485387307,46.75494183297077,18.535893313156148,41.386843397152674,30.981836033382425,27.631320569464894,11.444291122669215,18.977861904370013,10.982430222128425,8.922898288958054,5.0,23.434612403871004,81.00479318302857,30.05947097461389,4.500266287946032,8.805254748801703,59598.0,0.4282,26660.0,72.93721028234302,5.329905246128957,82.28974831184776,72.6207556193209,11.98076529568242,97.64466762314682,8.208000818498055,0.6097560975609756,7.805998212249175,4.333333333333333,31.354991831828126,31.700212680701537,32.282772863175424,13.586906266374875,6.1708226736121805,4.433333333333333,4.873111778774813,0.4397784454414806,"Rice County, MN",Minnesota
2508,808,1.2335316065674804,1.7558683529367907,train,19051,8742,49.13063372226036,50.86936627773965,98.5129261038664,0.20590253946465345,98.97557131599683,76.5563435776202,22.419227738376673,1.024428684003152,12.927069645203678,84.23127463863338,2.8416557161629434,22.312801932367147,58.31823671497585,19.36896135265701,51.58615717375631,31.63302090843548,16.780821917808222,19.265201720730147,43.6,17.212167886022335,12.530427726903904,5.0,27.37385136224408,78.16745655608214,35.955766192733016,3.886255924170616,11.785150078988938,48888.0,0.4488,23867.0,63.71550591327201,4.331013147718484,61.66666666666667,73.79261363636364,15.128205128205128,99.21875,27.58547008547009,0.0,1.2010981468771451,3.333333333333333,36.05582246625486,23.24410889956532,30.370624571036377,17.341569434911918,1.2811713566689544,3.433333333333333,5.788471996885833,2.3551386635525,"Davis County, IA",Iowa
2509,525,2.2902875651836396,2.110215653802766,train,13293,26528,47.877714113389615,52.12228588661039,70.30684559710495,28.40395054282268,99.6699669966997,63.81188118811881,35.85808580858086,0.33003300330033003,14.732816745496633,83.1639327764919,2.103250478011472,28.67852486496555,48.42149376047682,22.899981374557647,58.790264456395185,29.14010090369795,12.069634639906859,23.703217334208798,57.499343314946145,24.75700758763404,18.13593280419203,5.0,26.782830013215214,67.64445319421203,41.54936509498968,9.489122945171767,21.183187321586765,35774.0,0.46299999999999997,19069.0,55.19963793623654,10.676869818711852,58.56314432989691,52.15300045808521,22.725515463917517,98.80897846999542,23.53737113402061,0.3893724232707284,2.3786188178528347,9.777777777777779,29.51598311218336,24.871833534378773,34.97436670687576,17.204463208685162,1.2892038600723763,9.877777777777778,8.250020241038284,-1.6277575367394945,"Upson County, GA",Georgia
2510,2014,1.4891517465595983,1.5294635722502707,train,38061,9253,54.96595698692316,45.03404301307684,66.10828920350157,0.11888036312547284,99.25062447960032,60.574521232306395,38.67610324729392,0.7493755203996669,14.294294294294293,83.24324324324324,2.4624624624624625,38.23529411764706,44.33858050262359,17.426125379729353,37.69243782777872,40.29774995770597,22.00981221451531,13.457738748627882,22.66526757607555,13.282034125125461,8.083014746040416,6.0,31.152830742153125,82.50155957579537,24.360573923892694,1.5283842794759823,4.273237679351216,68188.0,0.5109,38061.0,70.22064267732861,4.6815689582454665,74.96520528879608,77.11442786069652,7.776617954070983,94.22885572139305,20.180932498260265,0.5970149253731344,5.771101264454773,4.333333333333333,32.60564141359559,31.77347887171728,30.800821355236145,11.466551388738788,33.77283043337296,4.433333333333333,4.615700168431463,0.18236683509813023,"Mountrail County, ND",North Dakota
2511,1582,2.2789752273549118,2.49743903034185,train,29213,53555,48.54448697600596,51.45551302399404,93.12482494631688,0.8253197647278498,99.61147902869757,62.14569536423841,37.46578366445916,0.3885209713024281,14.4597065072385,79.11211028212857,6.428183210632937,25.369112318840585,48.13405797101449,26.49682971014493,48.63637599586698,33.04782880604727,18.315795198085766,18.975973423980214,38.28428303068253,19.92580816110228,16.612997382445435,5.0,36.04612537370095,72.0093896713615,42.42723004694835,6.483568075117371,17.558685446009385,38357.0,0.4392,20520.0,60.5921241736131,8.617963314357999,55.77153676238561,64.43626963611054,17.645945093089303,97.76297474647049,30.795203534237928,0.3579240405647246,5.2488096349547195,9.666666666666666,27.963775557837742,27.41480720754365,32.18000186723929,19.13733544953785,6.049855288955281,9.766666666666666,12.151334879070738,2.3846682124040726,"Taney County, MO",Missouri
2512,569,1.6925528191446069,2.2538727726889016,train,16049,16312,52.54413928396274,47.45586071603727,93.8634134379598,0.14713094654242276,99.7878787878788,75.57575757575758,24.21212121212121,0.21212121212121213,14.727243382827632,80.75371207230472,4.519044544867656,19.764965112008813,55.90157914065369,24.33345574733749,47.98221327292558,32.73764577565232,19.280140951422094,16.02738857541368,24.725897920604915,17.67924528301887,21.712693184697237,6.0,43.34872979214781,66.70211149931643,46.43779431869969,5.742062889260216,13.428528026735533,38191.0,0.3803,19611.0,54.97835497835498,5.9930008748906385,63.88729154686601,65.89044720825615,19.976998274870613,98.51812648848902,22.898217366302465,0.10584810796507013,3.1020107896027467,5.333333333333333,26.238352133398728,20.46346248160863,35.70377636096126,23.46738597351644,5.989455615497793,5.433333333333333,9.524550922801906,4.091217589468573,"Idaho County, ID",Idaho
2513,242,2.7293042074630365,2.629099283442291,train,8003,16269,49.00116786526522,50.99883213473478,87.03054889667465,1.862437765074682,99.65534219596258,67.82373215164942,31.831610044313148,0.34465780403742,17.476862251774644,73.3399227244137,9.183215023811664,37.47849210073518,42.39793524167058,20.12357265759425,41.03783783783784,33.47027027027027,25.49189189189189,28.94580891551985,57.36738703339882,35.605141886975495,16.513935410478418,6.0,25.85401818628656,71.34187457855697,27.596089008766022,9.726904922454485,25.10114632501686,32395.0,0.5118,19524.0,58.651475214692624,9.828935923456074,57.81473168741075,53.700867789688616,28.11671087533157,98.2644206227667,18.07794327688227,0.0,45.651238551847065,15.222222222222221,34.32909213842277,36.00713012477718,26.725674595857157,12.29946524064171,11.107013338250663,15.322222222222218,13.861279193999493,-1.460943028222724,"Alamosa County, CO",Colorado
2514,733,2.0208114572284313,2.146952195300302,train,18085,77983,49.84419681212572,50.15580318787429,92.90871087288255,0.8335149968582897,98.58943110511848,75.53803868692631,23.05139241819219,1.4105688948815018,12.2361021076791,84.09516968305972,3.6687282092611735,23.94000483831949,56.17288928312233,19.88710587855818,52.30532387559435,26.989632863044662,20.705043261360977,11.355575988440824,18.875754527162982,10.940074833756617,13.096733261688655,5.0,23.898287741319326,78.57432569458528,31.785303859933748,3.5996755222064487,9.146217805718921,52821.0,0.4245,26011.0,67.82970495312742,6.35546845172949,75.1349851676377,59.69636725103922,10.162835862304457,97.93963491776613,17.871395949377895,0.6596782938731249,7.770924432248052,7.444444444444445,31.78769731864637,27.525229857789522,33.1379916135568,14.557018837438926,6.2577741302591585,7.544444444444446,8.55873325779331,1.0142888133488643,"Kosciusko County, IN",Indiana
2515,1117,2.1054882506179364,2.1937905015801276,train,22021,9990,52.75275275275276,47.247247247247245,81.29129129129129,17.567567567567572,100.0,60.63922942206656,39.36077057793346,0.0,17.084661216571984,81.68213939309962,1.2331993903283909,30.99553128103277,44.786494538232375,24.217974180734853,68.08416715715127,21.76280164802825,10.153031194820484,21.612801347510267,42.47176913425346,23.513328776486677,15.464676198486119,6.0,20.023373587845725,67.32673267326733,34.887962480458576,9.32777488275143,12.923397602918186,33294.0,0.5253,21493.0,60.08577753182071,10.3845268247755,51.75500175500176,62.09150326797386,16.532116532116532,97.97385620915031,33.78378378378378,0.0,2.6626626626626626,8.11111111111111,29.5995995995996,27.297297297297305,33.813813813813816,15.975975975975974,1.1411411411411412,8.211111111111109,8.969146325444187,0.7580352143330789,"Caldwell Parish, LA",Louisiana
2516,1618,2.465270675271141,2.7561547944276583,train,30053,19337,50.23530020168589,49.76469979831411,95.96111082380928,0.051714330040854316,99.69247973161869,77.0478054235393,22.644674308079395,0.3075202683813251,19.422099234184948,75.52609563034946,5.051805135465603,19.15412273752209,54.26290450362606,26.582972758851852,44.52474361621584,36.10021336637071,19.37504301741345,18.583978247228615,31.062569418733805,21.097210350454574,19.67965774508269,6.0,48.2326764144946,62.105263157894754,46.200115673799885,3.956043956043956,16.032388663967613,35275.0,0.4681,22856.0,49.775497113534314,12.564432989690724,53.18841886894561,63.66866533422163,21.60187607107423,99.37819231623362,30.053215477586363,0.08882966910948256,2.642602265087656,11.666666666666664,24.41950664529141,18.83435900087914,38.708176035579456,23.804106117805247,3.987174846149868,11.766666666666662,15.739205959669698,3.9725392930030363,"Lincoln County, MT",Montana
2517,2515,2.4932054526026954,2.4833286555562175,train,47189,122445,48.98934215362001,51.010657846380006,88.2755522887827,6.762219772142594,98.97534099307936,73.5302022441712,25.44513874890816,1.0246590069206478,10.960165784020262,85.44784711029243,3.591987105687313,23.09720136100297,54.57805842503755,22.32474021395948,42.62925235441092,29.03012684989429,28.340620795694793,10.057866724146509,15.880084290883069,9.764935984353064,12.584700758293055,2.0,28.194013555437852,81.78898670499461,29.87109234638879,3.022817103844772,11.626392382321232,61070.0,0.4208,28994.0,67.78324370902824,6.2243535072333165,77.47523102156201,61.09313196691839,11.433067086261385,97.74661392784373,14.255997226407798,0.2157497303128371,3.623667769202499,12.0,30.84486912491323,25.578831312017645,36.13704112050308,13.948303319857896,4.962227939074687,12.1,11.98107900175786,-0.11892099824213886,"Wilson County, TN",Tennessee
2518,2660,2.2789752273549118,2.178982469917047,train,48289,16819,49.3965158451751,50.6034841548249,87.72816457577738,7.836375527677032,99.68387776606957,54.820864067439395,44.86301369863014,0.31612223393045313,11.477950864140125,85.06548864605129,3.456560489808572,20.25094835132769,49.29967901955063,30.44937262912168,52.41070674660136,30.38925947817276,17.200033775225872,13.897534115393825,26.107226107226104,13.511376614249318,14.479665071770336,6.0,39.308755760368655,67.71409964181049,43.97590361445783,3.630739172907848,9.32920872679909,49802.0,0.4768,27535.0,55.220184196269635,7.203924316748424,56.653950953678475,63.90816871329418,15.247956403269756,97.46396155899626,31.5858310626703,1.1478910838227443,13.954456269694989,9.666666666666666,29.18722872941316,22.296212616683512,32.44544859979784,22.6707889886438,4.4354598965455745,9.766666666666666,8.837309454015587,-0.9293572126510785,"Leon County, TX",Texas
2519,2000,0.7934951543942272,0.9239336939569693,train,38033,1822,47.74972557628979,52.25027442371021,97.47530186608124,0.0,100.0,80.91954022988506,19.080459770114945,0.0,24.130105900151285,72.91981845688352,2.9500756429652037,26.87801516195727,53.824948311509296,19.297036526533425,32.25538971807628,45.024875621890544,22.719734660033172,10.0169779286927,13.57702349869452,10.35625517812759,15.563101301641199,6.0,27.049180327868854,78.20672478206725,34.620174346201736,4.35865504358655,9.339975093399753,40179.0,0.4455,27650.0,70.87087087087087,1.059322033898305,77.01612903225806,71.47058823529412,8.064516129032258,97.35294117647058,17.540322580645164,0.0,1.9758507135016463,2.1111111111111107,34.467618002195394,22.39297475301866,32.60153677277717,18.660812294182215,2.524698133918771,2.211111111111111,2.519180610175873,0.3080694990647621,"Golden Valley County, ND",North Dakota
2520,723,2.914160619860179,2.4862873338380904,train,18065,49146,51.623733365889386,48.376266634110614,95.1023481056444,1.741749074187116,98.39830181397144,63.846005403319175,34.552296410652254,1.6016981860285602,14.484781811514486,82.89469972638291,2.6205184621026207,27.133227111165585,45.503125383012616,27.363647505821792,56.95648417475449,27.46306482734787,15.580450997897644,16.327646544181974,30.73164459303073,16.651355075792374,16.299070304165124,5.0,30.84930516092369,68.1787895613548,37.34036646307607,4.342032204330927,13.620210993892286,41855.0,0.4535,21286.0,60.66565383749719,10.536567268005381,67.96683831854206,77.11625627832905,14.84606113728498,96.4963861325493,20.912311456849643,0.4532647311037609,1.6135595979326904,18.33333333333333,27.499694786961307,25.265535343669885,35.97851300207545,17.563993000447645,3.1559028201684773,18.433333333333326,12.01657965159754,-6.416753681735786,"Henry County, IN",Indiana
2521,806,1.3261904370501851,1.6984106754547776,train,19047,17252,50.35937862276836,49.64062137723162,91.52562021794571,1.2114537444933922,100.0,61.94395017793593,38.05604982206406,0.0,13.862674910510902,84.31500162707452,1.8223234624145783,25.02409013416352,53.732117708101704,21.24379215773479,58.268066927732285,28.24848700605197,13.483446066215734,19.783771079381868,44.61339372371401,18.8239750023672,13.447891619259869,6.0,24.07349246231156,74.96459480723841,35.87726199842644,4.295830055074744,12.258064516129036,48084.0,0.4396,23344.0,67.31781215117206,4.690275968257728,72.7496411728522,65.2080344332855,14.670904244412544,98.95982783357245,15.942177568177161,0.0,26.99976814282402,3.6666666666666665,33.52654764664966,26.362160908880128,30.390679341525622,17.111059587294232,7.262926037560862,3.7666666666666666,5.465254422582723,1.6985877559160567,"Crawford County, IA",Iowa
2522,225,2.4267673628924595,2.298047503551776,train,6083,435850,50.12802569691408,49.87197430308593,74.28381323849949,2.002294367328209,99.321038627397,67.71263418662262,31.60840444077439,0.678961372602991,11.110344221767669,75.48031673924228,13.409339038990048,38.928916540932754,40.95732958109413,20.113753877973107,38.107284239432566,29.72162213590929,32.17109362465813,16.27722762799558,26.95200525969757,17.355797501086563,9.620219509578472,3.0,21.53408058525136,79.90582497740219,29.21527821571966,4.764807690960179,7.908179352967143,63985.0,0.4807,30589.0,66.46502732571159,7.857438797299205,67.44935999853085,66.30694413417422,13.67197399592309,95.17124052721118,21.633335169779443,1.0791675974773598,44.12160146839509,11.222222222222221,31.102214064471717,34.79018010783526,28.948950326947347,13.664334059882984,23.713892394172305,11.32222222222222,9.954726898630703,-1.3674953235915162,"Santa Barbara County, CA",California
2523,1382,1.7326383462202575,1.3675501995053525,train,27149,9771,50.1074608535462,49.89253914645379,93.11227100603828,0.7778118923344591,99.90328820116056,84.13926499032883,15.76402321083172,0.09671179883945842,16.086599068237874,68.224171005755,15.689229926007126,35.49551792828685,49.43974103585657,15.064741035856574,35.938590369853465,35.76413119330077,28.29727843684578,18.380161770966367,10.555250137438152,26.23931623931624,12.192855667974394,6.0,22.171710611767764,77.9989094874591,31.761177753544175,4.089422028353327,6.515812431842965,52302.0,0.4456,25739.0,67.0869451011295,3.1519185591229446,86.18583924740057,77.42765273311895,13.104472685261594,97.81350482315113,5.710513286020795,0.0,4.1039811687647125,5.5555555555555545,30.68263227919353,35.369972367209094,26.70146351448163,16.722955685190872,6.109917101627262,5.655555555555554,3.9257216708005314,-1.7298338847550228,"Stevens County, MN",Minnesota
2524,54,1.7127964254212538,1.7948362424793485,train,1109,33155,47.70924445784949,52.2907555421505,57.87362388779973,38.19936661137083,99.46244816464443,51.08278298264476,48.379665181999684,0.5375518353555522,15.116420328001619,72.20489977728285,12.678679894715529,42.26089468173448,38.26046142181463,19.47864389645088,54.11155541884549,22.50076899415565,23.387675586998874,26.13989554295236,43.38071968014216,33.45193810987116,15.916471909430294,5.0,23.574973680252672,71.57046769904584,31.26075394963241,6.9685593618019706,19.294540904113873,32825.0,0.4992,19415.0,60.59206541490006,9.815069348994127,73.12184702086077,60.57104010876954,16.206880879880018,97.23544074325856,15.188837885742853,0.5665080444142306,0.8716633991856432,5.4444444444444455,28.197858543206163,38.90514251244157,27.624792640627362,13.750565525561754,3.9270095008294383,5.544444444444445,6.018489068257476,0.4740446238130307,"Pike County, AL",Alabama
2525,588,1.9909138641722421,2.3138838411882565,train,16087,10025,50.69326683291771,49.30673316708229,94.5336658354115,0.0,99.07834101382488,60.03351487222454,39.04482614160034,0.9216589861751152,15.553180117584178,81.15980758952432,3.287012292891501,21.091264986542694,49.98776608759482,28.92096892586249,51.63323782234957,34.512893982808016,13.853868194842406,18.272357723577233,36.36897767332549,18.59621451104101,20.8152118944068,6.0,35.98897493109333,60.33578174186779,48.268625393494226,8.184679958027282,17.182581322140607,34775.0,0.4267,18343.0,53.12,9.061244979919678,55.402342274272755,49.59202175883953,16.660370230449566,98.27742520398913,33.01851152247828,0.1359927470534905,17.376558603491272,7.222222222222222,30.40399002493766,20.608478802992522,33.15710723192021,22.42394014962593,5.466334164588529,7.322222222222222,10.1136282013311,2.7914059791088777,"Washington County, ID",Idaho
2526,878,1.166617017782167,1.1268937516263045,train,19191,20884,49.73185213560621,50.2681478643938,96.67209346868415,0.9480942348209156,99.8750936797402,82.93779665251063,16.93729702722958,0.12490632025980515,16.583885209713024,80.45667770419426,2.9594370860927146,31.128228364295424,52.8318985047576,16.03987313094699,41.04340137056961,31.272566502100073,27.684032127330337,8.146826683965834,9.790979097909787,8.618494945713216,8.187730537759657,6.0,24.411782137142183,80.74684772065956,32.662463627546074,2.424830261881668,6.377303588748788,54429.0,0.3899,26211.0,74.39913258237456,3.0280948911019347,87.86241534129823,73.58381502890174,6.932501331709918,97.91907514450868,7.145574918194963,0.23121387283237,2.0877226584945414,3.111111111111111,29.046159739513502,30.085232714039453,33.08274276958437,17.6642405669412,2.3798122964949244,3.2111111111111112,3.0860555413567514,-0.12505556975435983,"Winneshiek County, IA",Iowa
2527,2608,2.25595925165399,2.1557637016016056,train,48185,26961,54.97941471013687,45.02058528986313,74.68565706019805,15.963799562330776,99.93286337697214,54.09533400469957,45.83752937227257,0.06713662302786169,14.27280429257272,83.11211522168878,2.6150804857384915,29.219143576826195,41.25486604076025,29.52599038241356,57.52302420218462,30.98629256800171,11.490683229813664,19.81955394409545,38.91223155929038,20.59182842405321,14.339940953184312,6.0,26.95262178539053,72.02665186007773,34.70294280955025,6.8517490283176015,15.002776235424767,46195.0,0.4737,20891.0,59.21186154019619,6.264876701894695,63.61330531197913,54.074638233054074,11.877672295093848,94.89718202589485,27.951300818899927,3.24955572480325,22.643818849449204,9.444444444444443,28.044212009940285,27.128073884499837,34.820666889210344,15.900745521308556,9.350543377471162,9.54444444444444,8.63448182922346,-0.9099626152209801,"Grimes County, TX",Texas
2528,823,0.7419373447293773,1.0637841628269167,train,19081,11092,50.261449693472784,49.738550306527216,97.08799134511361,0.6491164803461955,98.8216810683425,79.8507462686567,18.970934799685786,1.178318931657502,16.66267082234476,81.98273795252938,1.3545912251258692,23.168294849023088,59.26953818827708,17.56216696269982,44.28880682541704,37.590729657455746,18.12046351712721,8.482511704764526,14.370709382151027,7.836587872559098,11.243144424131627,6.0,29.87362508776036,77.46629574149368,36.16520436550396,2.7819387973464584,6.120265354162209,52981.0,0.3977,26846.0,67.34572313557304,1.3974880594374668,84.17641479607967,76.78916827852998,11.444830856781536,99.75822050290137,7.824849826114447,0.14506769825918764,3.6783267219617737,2.0,29.33645870897945,21.880634691669673,35.34078615218176,19.825099170573388,2.262892174540209,2.1,2.897314179418155,0.7973141794181551,"Hancock County, IA",Iowa
2529,1729,0.842524581634546,1.509022723224937,train,31163,3107,49.37238493723849,50.627615062761535,97.90794979079494,1.2230447376890892,99.251497005988,63.17365269461078,36.07784431137724,0.7485029940119761,18.116855821773857,80.15973097940311,1.7234131988230348,18.517065515888586,58.17967830521771,23.30325617889369,51.8338488731772,33.49536014140521,14.670790985417586,13.488677387594356,42.430703624733475,9.783110290724505,16.825188586421778,6.0,29.310344827586203,76.97893972403776,40.52287581699346,2.396514161220044,6.100217864923747,46366.0,0.4195,26416.0,66.48467030659387,3.1585596967782688,79.98779743746186,71.42857142857143,9.151921903599757,99.59568733153635,13.422818791946307,0.0,1.7058255551979398,2.2222222222222223,26.198905696813647,18.506598004505953,34.34180881879627,25.65175410363695,0.8690054715159318,2.3222222222222224,4.5223090864101465,2.200086864187924,"Sherman County, NE",Nebraska
2530,1101,2.0918640616783932,2.119678090377051,train,21229,11910,49.10999160369438,50.89000839630564,89.47942905121747,5.910999160369438,99.74554707379136,64.41294074881861,35.332606324972744,0.2544529262086514,13.266239707227815,84.53796889295519,2.1957913998170167,28.541839270919642,51.82270091135046,19.63545981772991,61.47283904152554,24.04968009032744,14.477480868147032,17.575390996284455,25.71428571428571,20.02985479712308,18.277471361900727,6.0,19.390763183753684,70.92324805339267,39.354838709677416,8.2091212458287,17.508342602892107,40976.0,0.4159,19793.0,63.09497454062432,6.087719298245614,71.38236534945858,64.37857514300572,18.42216284629448,98.90795631825272,14.062719729995782,0.20800832033281333,3.6943744752308985,8.0,30.36104114189757,25.58354324097397,34.50041981528127,16.817800167926112,4.609571788413098,8.100000000000001,8.328456045974397,0.2284560459743954,"Washington County, KY",Kentucky
2531,2066,2.345005808877998,2.5324989575116232,train,39059,39626,49.14702468076515,50.85297531923485,95.84868520668249,1.5570584969464494,98.9249647084374,65.67488326636986,33.25008144206754,1.0750352915626018,14.590866479175036,82.0342841837418,3.374849337083166,23.902894491129786,49.592281356987236,26.504824151882982,57.91921485333431,28.61903541216537,13.46174973450031,19.919136086800755,50.85335542667772,18.666613880201112,18.37621030580181,5.0,29.667072809299565,69.19912585165189,36.89420233963234,8.169430518061446,19.880447358272267,40930.0,0.4359,21564.0,60.518491297230476,11.388352194314106,62.37865115682333,63.05343511450382,24.517812085703287,97.67938931297708,16.186973442244366,0.13740458015267176,0.991773078281936,10.333333333333334,29.833947408267303,24.09529097057488,35.499419573007614,17.14278504012517,2.5942562963710696,10.433333333333334,12.584916044792905,2.1515827114595716,"Guernsey County, OH",Ohio
2532,416,1.9600947840472698,2.0572394001648115,train,13073,136204,48.7636192769669,51.23638072303309,75.47942791694811,16.609644356993922,99.5956722993698,77.4524566393397,22.143215660030126,0.4043277006301935,8.381499994991334,88.44601160006813,3.172488404940548,26.55027148474068,54.108781127129745,19.340947388129567,31.98122129154283,32.680356660362065,35.338422048095104,9.243778155232258,12.98651620923783,9.225104346495923,10.185497976863426,3.0,42.91064631001596,82.57342595849455,25.87715441435104,2.998593035525853,6.946887091100949,71021.0,0.41100000000000003,30603.0,66.40882615797096,6.953145544263463,81.19581210404077,65.10258107213765,10.230188358038351,95.54599602911978,13.975461167114556,1.6876240900066182,5.9697218877566005,7.0,33.507092302722384,28.520454612199345,33.87125194561099,11.278670229949194,7.910927726057973,7.1000000000000005,7.824340096581787,0.7243400965817868,"Columbia County, GA",Georgia
2533,1041,2.3555991282796627,2.9453078794753207,train,21109,13357,49.786628733997155,50.21337126600285,99.6930448453994,0.044920266526914734,100.0,61.80257510729614,38.19742489270385,0.0,12.003132954767963,85.999608380654,1.9972586645780301,16.586804275709547,56.597862145226685,26.815333579063765,71.2693431446813,19.03473650037875,9.695920354939943,31.43547534546553,76.41234711706466,38.72063017791661,32.25293449450965,6.0,19.0967490753358,59.98918139199423,39.12729895420123,13.595384060584204,34.36711143166246,29826.0,0.4604,16405.0,44.487028301886795,12.326043737574553,49.094224924012146,37.87801127626858,31.63525835866261,98.76986160943106,23.70820668693009,0.0,0.11978737740510592,10.444444444444443,29.11581942052856,27.55109680317437,34.633525492251266,15.018342442165155,0.2620348880736693,10.544444444444443,19.016516280330134,8.472071835885691,"Jackson County, KY",Kentucky
2534,1830,1.6507930981160142,2.3053962868352045,train,36017,49549,49.805243294516536,50.194756705483464,96.24210377606006,0.8496639690003834,99.37653504628756,63.48006801435858,35.89646703192897,0.6234649537124504,13.893819168928795,81.19388181248695,4.912299018584256,27.386205719579692,48.121510593168686,24.49228368725163,51.956011226301634,30.608855031788764,17.435133741909617,15.86465549042915,30.86139487955606,15.982369279072573,17.707227439771334,6.0,28.35690408845461,70.9790743852146,39.35135685555725,8.0647624866351,18.446107631994288,45668.0,0.4117,23036.0,59.869226561075365,6.996780088765121,67.64031300593632,67.33035816454972,24.558148947652448,98.1462409886715,12.33472746896924,0.05721478430026319,2.066641102746776,5.111111111111111,27.925891541706186,24.121576621122532,36.127873418232454,18.30107570283961,2.9082322549395547,5.21111111111111,10.02815148951891,4.8170403784078,"Chenango County, NY",New York
2535,1799,2.972691074407293,2.534858482996575,train,35019,4526,57.88775961113566,42.11224038886434,84.15819708351745,1.5687140963323023,100.0,65.28835690968444,34.711643090315555,0.0,13.152610441767068,81.89424364123157,4.953145917001338,38.18710359408034,28.435517970401694,33.37737843551797,65.2887537993921,21.185410334346503,13.525835866261401,14.074451810300864,25.68306010928961,13.798332069749813,22.565017848036717,6.0,26.62229617304493,56.543624161073815,51.84563758389261,9.47986577181208,22.231543624161077,30772.0,0.4445,16820.0,43.30446369087274,1.2307692307692308,56.912114014251785,60.98104793756968,33.824228028503555,99.33110367892976,15.629453681710215,0.0,77.28678745028724,19.444444444444443,26.02739726027397,27.353071144498447,31.904551480335847,20.415377817057003,14.273088820150242,19.54444444444444,12.61464553487843,-6.92979890956601,"Guadalupe County, NM",New Mexico
2536,19,1.62924053973028,2.4545923203988362,train,1039,37886,48.40574354642876,51.59425645357124,84.34250118777385,13.020640869978356,98.00166527893423,61.32984417747116,36.67182110146307,1.9983347210657785,14.14176391149278,83.14692336992276,2.7113127185844386,21.84431524547804,49.886950904392755,28.268733850129195,53.77030600680015,31.904042312051377,14.325651681148472,20.218461621243517,45.33167348390539,20.66497440805626,21.474444741771475,6.0,32.82157535409802,66.63990902401498,43.260418757107495,6.100742524583584,16.629874908020607,36444.0,0.4613,20977.0,54.27989365008115,10.604325699745546,65.81948069789806,58.843346434587296,19.21051426477996,97.83829309376756,20.28209003068187,0.2526670409882089,1.5309085150187405,5.0,28.04466029667951,24.78488095866547,33.43715356596103,19.58243150504144,2.636857942247796,5.1,11.641686503197873,6.541686503197873,"Covington County, AL",Alabama
2537,1566,2.6695403463403347,2.42870987944423,train,29179,6578,51.26178169656429,48.73821830343571,96.18425053207665,1.4290057768318638,97.38372093023256,67.44186046511628,29.94186046511628,2.6162790697674416,16.063936063936058,82.75724275724275,1.1788211788211789,20.19177576986908,53.7525354969574,26.05568873317352,67.5237091675448,24.36248682824025,8.113804004214963,21.242391134696426,44.348762109795466,23.050765120233176,26.303538175046555,6.0,36.21894409937888,61.25516723036454,46.82450206689214,9.996242014280346,20.03006388575724,35648.0,0.4534,20082.0,53.07935254638768,10.970621048716996,53.17744154057772,53.249475890985316,28.638239339752413,97.27463312368972,22.145804676753784,0.0,1.307388263910003,14.333333333333336,28.15445424141076,20.933414411675287,34.87382183034357,22.514442079659467,2.3867436910915174,14.433333333333335,11.344237201600068,-3.0890961317332675,"Reynolds County, MO",Missouri
2538,1726,1.8082887711792655,1.9237654943876044,train,31157,36684,48.24719223639735,51.752807763602654,93.29135317849743,0.8668629375204449,99.18195887685164,61.45257572407694,37.72938315277471,0.8180411231483529,16.082319925163706,80.45650140318055,3.4611786716557527,26.1799765727279,49.36264039137326,24.457383035898854,43.32026784256085,35.178833904948554,21.50089825249061,13.673320623528097,28.937835096362853,12.05525324403516,13.25685149776928,5.0,29.88925883034163,79.4578109115554,34.97119620467638,5.388004066418163,12.355133852931207,45992.0,0.4467,25064.0,68.96334923628832,5.046388158953184,69.57719714964371,57.65570212055435,13.249406175771973,97.6623810318918,21.140142517814727,0.10018367006177993,22.396685203358413,6.0,31.018972849198562,26.976338458183406,30.98353505615528,17.37542252753244,5.841783883982117,6.1,6.8466911678858065,0.7466911678858068,"Scotts Bluff County, NE",Nebraska
2539,452,1.86149280724273,1.9449391351120309,train,13145,32776,49.74371491335123,50.25628508664877,78.50256285086648,16.304613131559673,99.95871180842279,75.06193228736579,24.896779521056978,0.041288191577208914,9.285143769968053,88.51437699680511,2.200479233226837,24.33793844216452,55.02796399866662,20.634097559168858,37.86883810524472,35.51352771210927,26.617634182646004,9.25490438764775,13.572885611172133,9.262002265400367,16.909287590789678,3.0,41.38419747254046,78.78133102852203,36.22299049265341,4.0190146931719966,9.61106309420916,63824.0,0.4348,30386.0,64.54994817826676,7.929352189217562,77.21695760598504,65.98490865766479,11.915211970074813,98.74900714853058,15.620947630922695,0.0,3.157798389065169,6.333333333333332,29.942640956797657,23.367708079082256,38.891261898950454,15.511349768123017,5.192824017573834,6.433333333333332,6.993206201367427,0.5598728680340956,"Harris County, GA",Georgia
2540,1875,1.7711787615280343,2.1668026420147983,train,36107,50199,49.39142213988326,50.60857786011673,96.816669654774,0.7510109763142693,99.95524124966431,71.00528153253961,28.949959717124692,0.04475875033569063,13.46008987246422,83.20216109509337,3.3377490324424013,25.82613981762918,53.6048632218845,20.56899696048632,45.00967338113122,30.590645271423693,24.399681347445092,9.648118004059404,13.25780771586038,9.959615493999204,13.360088291361494,4.0,31.71413191151214,76.2127616747182,34.77757648953301,5.2787842190016105,12.791867954911435,57514.0,0.4341,29427.0,65.4821022139458,6.714590409984991,76.4729286164252,71.66882276843467,17.605517058452968,96.78936845819125,10.281489340539107,0.17640832647300952,1.5876810295025796,5.777777777777778,28.699774895914263,23.78533436921055,36.5505288949979,17.376840176099122,2.432319368911731,5.877777777777778,8.730325392049496,2.8525476142717174,"Tioga County, NY",New York
2541,866,0.5041366356151942,0.9446431862433988,train,19167,34509,50.433220319336975,49.56677968066303,92.53817844620244,0.4346692167260715,98.62643305213064,84.42569759896172,14.20073545316894,1.3735669478693489,10.941664845968974,86.35350666375355,2.7048284902774737,28.669286917462106,59.25510013101253,12.07561295152536,42.67376024990238,31.80398281921125,25.522256930886368,8.293108280651492,12.632617813964965,7.6796926248711435,7.340687712709776,6.0,19.93810260683252,83.17892052698681,27.462813429664262,1.7764555886102849,5.745856353591161,61627.0,0.3999,26029.0,75.03726683050644,1.621476510067114,86.82747667262258,67.55831371709823,6.477069684335915,96.85426920607748,9.698233075243198,0.7489835223625081,9.588802920977137,1.5555555555555556,35.69503607754499,31.209249760931925,27.540641571763892,14.338288562404014,7.027152337071486,1.6555555555555557,2.5718955271424275,0.9163399715868719,"Sioux County, IA",Iowa
2542,689,2.7578980068297776,2.398570536395403,train,17201,290439,48.81438098877906,51.18561901122094,78.77316751538189,12.533440756923142,99.09644161237202,56.828237989546786,42.268203622825226,0.9035583876279802,15.383157700129411,80.69559992604918,3.921242373821409,31.25443191927353,46.480894936115895,22.264673144610573,46.07447744999693,32.05979896411243,21.865723585890642,16.764824384689494,34.64810976211628,16.210230099668838,13.21168493017168,3.0,26.56976770569096,76.03588735163986,31.634946274317016,5.417339700821687,17.925240536554533,48225.0,0.4493,25198.0,67.03770313096514,11.058965597683642,67.69882939035746,67.81601057301991,20.251718208150283,97.78391390540924,15.36418014476939,0.9038988010950628,11.748422216024707,15.666666666666664,30.6925034172408,26.904100344650693,33.83946370838628,15.148447694696651,8.693391727694973,15.766666666666667,11.00743040802704,-4.759236258639627,"Winnebago County, IL",Illinois
2543,2115,1.6072132174119893,2.322261716346935,train,39157,92697,49.31659061242543,50.68340938757457,96.63958919921896,0.8446875303407877,99.06896229063351,70.47347244315525,28.59548984747825,0.9310377093665201,13.673411228270163,83.82872613280136,2.4978626389284697,23.29823441820889,53.368964050202074,23.332801531589023,61.064460746059,24.50913063836429,14.426408615576715,13.971538040503562,26.30852340936375,13.532061943901693,13.685737343773857,5.0,30.549280954051213,73.81036690000819,36.068967395745375,5.175278511698854,13.975975812382536,45310.0,0.4253,23314.0,64.40468232181718,6.835096398047748,70.69332896246517,62.76789193401741,17.215756979730102,97.46070918301079,15.461946129049885,0.6429406416417717,2.2988877741458733,4.888888888888889,29.594269501709878,25.652394360119533,33.817707153413814,17.42019698587872,2.515723270440252,4.988888888888889,10.198714840747703,5.209825951858814,"Tuscarawas County, OH",Ohio
2544,1033,2.158201375540483,2.168199103378149,train,21093,107529,49.894447079392535,50.105552920607465,79.8240474662649,11.690799691246085,99.38101027965072,64.06175159353008,35.319258686120634,0.6189897203492871,13.974478680361033,83.1777155306567,2.8478057889822597,26.117081447963802,49.99057315233786,23.892345399698343,43.02745820794517,33.81664770845632,23.155894083598515,14.313874438685732,29.44758590691605,12.851505407775507,16.067320736910403,4.0,57.791702394301176,78.69278779472955,28.544184664156926,5.520606300772736,14.654745393302953,50765.0,0.4186,24845.0,65.98626683117858,7.633836022925896,73.34843883077022,77.21929468990677,21.383920680068773,97.97324685853262,13.92437609474682,0.4539927036886906,5.557570515860837,8.555555555555555,32.134586948637114,30.015158701373586,32.82928326311972,11.809837346204278,8.485152842489002,8.655555555555555,8.742525470635542,0.08696991507998675,"Hardin County, KY",Kentucky
2545,853,0.9766538816012459,1.3475476204587606,train,19141,14092,50.014192449616786,49.985807550383214,94.79846721544138,0.510928186204939,99.72594397076736,83.09987819732035,16.626065773447014,0.2740560292326431,17.874628011903614,80.39742728232696,1.7279447057694155,21.400949200210935,59.96660221480049,18.632448584988573,45.576707726763715,35.640842919678306,18.78244935355798,7.31143991338867,9.97295469912103,7.26426547956293,12.581016851505115,6.0,30.67172464840859,76.29913391072618,35.542971352431714,3.647568287808128,9.643570952698203,55227.0,0.4568,30600.0,68.37389171854366,2.8141812663815697,79.12646013204673,68.01173881144534,13.395124428643982,98.67938371239912,10.42407313357034,0.0,4.2009650865739445,2.5555555555555562,29.66931592392847,22.956287255180243,33.238717002554644,20.500993471473176,4.690604598353676,2.6555555555555563,3.8479772493648516,1.1924216938092953,"O'Brien County, IA",Iowa
2546,1614,0.6875761355104899,1.5623797340827215,train,30045,1997,52.128192288432636,47.871807711567364,98.44767150726088,0.0,100.0,80.68181818181817,19.318181818181817,0.0,15.600243753808654,81.84034125533212,2.5594149908592323,17.670915411355733,62.74623406720743,19.58285052143685,43.44692005242464,26.605504587155966,29.947575360419396,14.071106659989985,23.508771929824558,14.954577218728163,12.8693039559339,6.0,37.75075987841945,69.87951807228916,40.087623220153354,4.052573932092004,3.8335158817086534,44602.0,0.4397,26595.0,59.20972644376898,3.4907597535934287,70.59314954051797,67.1875,11.111111111111107,99.55357142857143,21.97159565580618,0.0,1.3520280420630946,1.8888888888888888,22.533800701051568,17.726589884827238,42.21331997996996,22.433650475713574,1.5523284927391088,1.988888888888889,4.770159459865681,2.781270570976792,"Judith Basin County, MT",Montana
2547,1756,3.0386853290832008,2.538753903781614,train,32033,9974,56.717465410066175,43.282534589933825,86.56506917986765,4.170844194906757,95.82740635372214,73.87387387387388,21.95353247984827,4.172593646277857,15.435214930396207,81.36759981642956,3.197185253174238,33.93182093897853,42.09632415382749,23.971854907193986,50.83142201834864,35.23509174311927,13.933486238532113,11.488767314631591,22.10904733373277,10.412805391743893,19.61440775802355,6.0,34.50650344299924,70.12864763100094,35.92720426733605,2.447442736115469,9.507373705679322,57122.0,0.4167,24359.0,59.14848161147566,10.139318885448915,67.27130875755802,64.02524544179525,17.963721474546517,98.10659186535764,19.13399648917496,0.0,14.597954682173652,20.777777777777786,29.89773410868257,29.77742129536796,33.968317625827154,14.87868457990776,9.264086625225586,20.877777777777787,12.663880720915294,-8.213897056862493,"White Pine County, NV",Nevada
2548,2902,2.436533065503785,2.4045599753324387,train,51187,38481,50.09745068995088,49.90254931004912,90.77466801798289,4.007172370780387,98.96883852691221,69.3257790368272,29.643059490084987,1.0311614730878187,11.691326795800268,84.25794379569632,4.050729408503413,27.4812343619683,49.223712067748785,23.29505357028293,51.12257281553399,28.227396844660195,20.650030339805824,9.835280342744618,12.68317987290883,10.385144429160936,12.82273299748111,2.0,35.3996351597865,80.85491506544138,29.928989139515448,4.072681704260652,9.76051239209134,61454.0,0.4092,29522.0,68.37104381707567,7.168566286742653,76.454189897645,72.51148545176109,10.0482649579762,98.2197549770291,16.697178996421734,0.0,3.921415763623607,11.333333333333336,29.539253137912212,26.420831059483906,36.47514357734986,14.095267794495985,5.218159611236715,11.433333333333337,11.073556571939408,-0.35977676139392933,"Warren County, VA",Virginia
2549,1665,0.6875761355104899,1.535072961757619,train,31035,6382,50.532748354747724,49.46725164525228,96.77217173299906,0.4544030084612974,99.6116504854369,71.3915857605178,28.22006472491909,0.3883495145631068,14.551607445008461,82.52961082910322,2.918781725888325,19.53324181212002,59.73720337321043,20.729554814669548,43.41385597082954,37.57976298997265,19.00638103919781,9.257781324820431,14.190193164933136,8.96519935469002,15.610066900286714,6.0,32.076253626191466,80.58846006878105,31.715705005731753,4.508979747802828,8.597630875047765,51470.0,0.4089,26324.0,67.6190476190476,2.5352112676056344,74.09555371444353,66.48550724637681,11.902789284727975,96.7391304347826,17.619442143054407,0.4528985507246377,8.63365716076465,1.8888888888888888,30.61736132873708,22.28141648386086,34.69131933563146,18.693199623942338,2.7734252585396426,1.988888888888889,4.641664181576467,2.6527752926875783,"Clay County, NE",Nebraska
2550,2477,1.9756230463738251,2.044175101320919,train,47113,98184,47.35496618593661,52.64503381406339,59.87126212010103,37.05491729813411,99.67375011021956,56.86006524997795,42.8136848602416,0.3262498897804426,14.438734184286234,80.62871826383264,4.932547551881127,32.87844326509982,43.5999494566591,23.521607278241092,45.21329519308501,29.407375163236107,25.37932964367888,19.60475061393852,43.31445300070006,19.447856834556266,15.431704351052208,4.0,26.260938743038977,74.20714790839362,32.38318011206005,6.606647446009902,19.452755263014744,42544.0,0.4716,23467.0,62.21089030313631,8.015225901334428,66.28332893347412,63.36857455340868,18.99419218585005,97.73240977032444,18.032272967265047,0.5614290922347794,3.533162226024607,7.1111111111111125,30.605801352562537,29.35508840544284,33.06241342784975,14.41782775197588,3.07382058176485,7.211111111111112,7.722785394201851,0.5116742830907386,"Madison County, TN",Tennessee
2551,892,2.455782938066032,2.3720694787369796,train,20021,20952,49.336578846888116,50.663421153111884,90.24914089347081,0.5679648720885835,99.39464948252295,73.61843389962898,25.77621558289397,0.6053505174770553,13.000513347022588,85.15143737166323,1.8480492813141685,21.9860689408823,57.76031434184677,20.25361671727094,47.57254464285714,35.037667410714285,17.389787946428573,17.015605311621595,35.42504692947171,16.350604748394804,19.54560802662679,6.0,26.79147429005123,72.39609414121182,39.44667000500751,8.437656484727091,14.68452679018528,41388.0,0.3923,19809.0,62.793081358103784,5.9273617629055275,67.28481168458194,66.3453111305872,16.41913514400591,99.35728892784107,20.727004184787067,0.40899795501022496,2.247995418098511,11.555555555555555,31.17124856815579,23.735204276441394,34.55517373043146,17.268041237113405,9.182894234440628,11.655555555555555,10.71955323288115,-0.9360023226744048,"Cherokee County, KS",Kansas
2552,655,1.9120085973796321,1.8117587592924,train,17133,33539,49.05334088672889,50.94665911327111,97.71609171412383,0.3399027997256925,99.63898916967509,80.90510572460032,18.73388344507478,0.36101083032490977,10.518262780022756,87.57895562791792,1.9027815920593203,22.59544787077827,60.78928046989722,16.615271659324524,39.70210580380072,32.824002739256976,27.47389145694231,5.020781880609602,9.281862049389725,4.136551104577565,10.036392071942013,2.0,31.47357802436564,79.77006063469565,31.845027167493505,3.015985510670132,3.677454917710056,70859.0,0.3911,32889.0,69.52496763817518,4.807041299932295,85.89332556106092,74.1593641736295,10.210822889342273,97.9824740167108,6.577285533857959,0.10189525168127166,1.5355258057783476,6.666666666666668,29.726586958466267,24.28814216285518,37.1776141208742,15.408926920898054,1.944005486150452,6.7666666666666675,6.121203694498238,-0.6454629721684295,"Monroe County, IL",Illinois
2553,1594,1.895451927785184,2.339042996392508,train,30005,6598,49.78781448923916,50.21218551076083,47.908457108214606,0.2424977265838133,98.88381532217147,61.948249619482496,36.935565702689,1.1161846778285134,13.550561797752808,81.8876404494382,4.561797752808988,33.66416852339477,41.340895280534745,24.99493619607049,39.036503600695305,40.65060839334493,20.312888005959774,27.717726991970352,60.67880794701986,30.578750359919376,16.717885679164105,6.0,31.2,78.55227882037535,34.18230563002681,6.613047363717604,18.72207327971403,36744.0,0.4389,17442.0,64.52039691289967,13.157894736842106,45.392398140552366,53.758542141230066,17.555373256767844,97.60820045558089,40.825813508340175,1.4806378132118452,2.36435283419218,6.5555555555555545,37.55683540466808,25.507729615034858,30.281903607153684,14.30736586844498,51.84904516520157,6.655555555555554,10.371306434233363,3.7157508786778086,"Blaine County, MT",Montana
2554,1988,1.3261904370501851,1.2936060140384373,train,38009,6634,52.637925836599344,47.362074163400656,93.95538136870664,0.8893578534820621,100.0,86.00605143721634,13.993948562783661,0.0,19.747646705387535,79.59142799919887,0.6609252954135789,21.996738539590503,58.79688349338649,19.206377967023013,41.54175588865097,37.58029978586724,20.877944325481806,8.526764566556134,10.927152317880797,8.898582333696837,12.405259087393658,6.0,35.00190331176247,80.88962108731467,34.03624382207578,2.9324546952224053,7.018121911037892,56349.0,0.4724,33541.0,66.23072418504783,1.4736221632773356,81.80396246089677,72.18337218337219,6.960375391032327,98.67909867909869,14.62460896767466,0.0,1.7937895688875491,3.6666666666666665,26.665661742538443,24.19354838709677,34.564365390413016,21.012963521254143,5.155260777811275,3.7666666666666666,3.645910082661833,-0.12075658400483347,"Bottineau County, ND",North Dakota
2555,181,2.158201375540483,2.5475523714287647,train,5145,78660,49.244851258581235,50.75514874141877,91.11873887617594,4.5906432748538,99.01480484522207,69.93808882907133,29.076716016150733,0.9851951547779272,13.002288573101284,82.81086451292423,4.186846913974489,25.903967788469163,51.64465862435205,22.451373587178804,54.32725824121104,26.19061846429639,19.482123294492574,18.959406139236275,27.75290331607668,22.049421116295147,16.677985213279854,5.0,27.474602325892267,73.1703169636784,34.48170316963679,7.141885457760849,12.406475309481705,42554.0,0.4742,22547.0,57.703434588084896,6.949019150610662,64.4015636696332,62.60341489174442,17.582965981868092,98.13413131490934,22.00365965233303,0.09681394120753388,4.0795830155097885,8.555555555555555,31.29672006102213,30.4373251970506,30.969997457411647,14.894482583269768,4.290617848970252,8.655555555555555,12.775795081196499,4.120239525640944,"White County, AR",Arkansas
2556,552,2.7508258415684153,2.473090310580507,train,16015,6885,52.665214233841674,47.33478576615833,95.20697167755993,0.5374001452432825,99.6875,74.609375,25.078125,0.3125,17.41725447639718,77.44619280159161,5.1365527220112135,19.55373871572134,55.10134559700222,25.344915687276444,33.679154658981744,41.268011527377524,25.05283381364073,14.49042257640006,24.195121951219512,15.405349367613521,17.60245005104273,3.0,45.113187208048856,64.64646464646465,40.16835016835017,4.242424242424243,9.730639730639732,44238.0,0.4439,27276.0,55.06647502694933,10.0163132137031,69.05797101449276,69.00420757363254,17.198067632850243,96.21318373071527,21.690821256038646,0.0,3.558460421205518,15.555555555555555,25.577342047930284,17.792302106027595,42.338416848220774,20.711692084241108,4.2556281771968045,15.655555555555557,11.859038394735045,-3.796517160820512,"Boise County, ID",Idaho
2557,1656,0.7934951543942272,1.144484399233143,train,31017,3078,47.66081871345029,52.33918128654971,97.46588693957115,0.03248862897985705,98.63636363636364,72.27272727272728,26.36363636363636,1.3636363636363635,20.972515856236786,78.6046511627907,0.4228329809725159,14.05511811023622,62.992125984251956,22.952755905511808,52.556325823223574,31.109185441941072,16.334488734835354,16.545092838196286,28.65612648221344,17.60318249627051,14.634146341463413,6.0,26.92307692307693,75.77763070814032,42.951687624090006,6.353408338848444,9.39774983454666,36078.0,0.4663,26390.0,64.91154170176917,0.7138221933809215,67.07466340269279,75.94594594594595,14.626682986536107,96.89189189189187,22.460220318237454,0.0,0.5198180636777128,2.1111111111111107,26.933073424301487,17.576348278102664,36.45224171539961,24.52891487979207,2.501624431448993,2.211111111111111,3.140821529293825,0.9297104181827143,"Brown County, NE",Nebraska
2558,59,1.094901709271574,1.4213092725344034,train,1119,13341,44.262049321640056,55.73795067835994,24.998126077505432,72.44584363990704,100.0,37.714072970960544,62.28592702903947,0.0,18.23434015811879,73.27184269207379,8.49381714980742,48.325573065902574,26.48638968481375,25.18803724928367,62.21702755905512,21.46899606299213,16.313976377952756,42.651845970623256,133.15972222222223,63.21858013506836,20.637685549833385,6.0,18.144252441773105,58.11007268951194,39.87538940809969,14.932502596054,32.834890965732086,19501.0,0.5068,12887.0,50.02852253280089,16.495629038388447,50.78491096532333,45.20686175580222,26.581537019681353,97.17457114026236,28.807403936269914,0.0,0.3972715688479124,2.888888888888889,29.338130574919425,32.8611048647028,31.197061689528518,15.808410164155607,2.556030282587512,2.988888888888889,4.142540605878058,1.1536517169891694,"Sumter County, AL",Alabama
2559,2234,1.9756230463738251,2.3183385360223507,train,41065,25492,49.56064647732622,50.43935352267378,86.58010356190178,0.6629530833202574,99.73812849162012,71.0719273743017,28.66620111731844,0.26187150837988826,14.480004317556267,80.28495871336824,5.235036969075503,24.51056032404282,49.74925257980518,25.740187096151985,43.666931727820064,37.65761672157219,18.675451550607747,16.065783682125563,26.041434617954998,17.262085279310973,17.28582259287339,5.0,36.755771567436206,71.84666117065129,37.47938994229184,5.626545754328114,20.022671063478978,43422.0,0.4288,22828.0,60.96312005379403,8.654335652469031,61.50493701055498,69.75043029259896,20.99421178072864,97.76247848537004,22.40381341504937,1.2048192771084338,16.53459908991056,7.1111111111111125,28.89533971442021,26.16114859563785,32.025733563470894,19.29624980386004,12.756943354777968,7.211111111111112,10.158781826774348,2.947670715663236,"Wasco County, OR",Oregon
2560,1489,2.25595925165399,2.1557999468463445,train,29025,9083,50.07156225916547,49.92843774083453,96.62005945172301,0.7596609049873391,98.26958105646631,72.54098360655738,25.728597449908925,1.7304189435336976,15.422587883320867,83.02169035153328,1.555721765145849,21.659556901059585,56.79097289115178,21.549470207788637,55.42939389093235,27.122980969134808,17.447625139932832,13.422363060208239,19.63292547274749,14.23444976076555,17.133220910623947,2.0,41.57810452758771,70.5248990578735,37.84656796769852,4.845222072678332,12.166890982503364,43691.0,0.4221,23082.0,60.17937219730942,5.16641828117238,72.87536800785085,63.385579937304065,15.583905789990187,98.93416927899686,15.466143277723255,0.12539184952978058,1.926676208301222,9.444444444444443,30.793790597820106,22.591654739623472,34.75723879775404,18.374986238027088,2.620279643289662,9.54444444444444,8.634794793802259,-0.9096496506421818,"Caldwell County, MO",Missouri
2561,2762,1.3835127181580138,1.901517704889686,train,48493,45509,50.15051967742645,49.84948032257357,93.36394998791448,1.6128677843942956,98.51320622704216,73.9373797446213,24.57582648242085,1.486793772957845,8.567336098594494,89.06627674494942,2.3663871564560885,25.77993545361763,53.631423606322244,20.58864094006013,49.70252769286395,30.789205535285802,19.508266771850245,10.712685898584482,16.04462051709758,10.71581937700261,12.927748177541964,2.0,41.97051293369825,81.2366737739872,32.454610066550366,4.561607546682174,10.363765587646183,68100.0,0.4164,28887.0,64.09957215091404,5.274458551157581,73.22797284473319,70.45643153526972,11.73078326885174,97.85892116182572,19.713117745820863,0.0,38.75497154409017,3.888888888888889,32.532026632094755,24.40176668351315,36.35764354303544,14.115889164780596,5.023182227691225,3.988888888888889,6.696049361101957,2.7071604722130678,"Wilson County, TX",Texas
2562,1251,2.436533065503785,2.536645187299028,train,26053,15824,54.069767441860456,45.930232558139544,90.88725985844287,4.5690091001011135,99.59677419354836,64.4758064516129,35.12096774193548,0.4032258064516129,21.221975012835873,75.0727366079069,3.7052883792572313,30.01663171595921,43.06891315351797,26.91445513052281,46.015125072716685,35.693509515499045,18.291365411784266,20.172158329217527,51.60692212608158,20.874587458745875,17.205429610971173,6.0,39.59379449898823,60.92567868268804,45.03782821539832,5.6816496068832505,17.994362854175943,35686.0,0.4536,21008.0,52.95910591821183,9.128697042366108,60.88095238095239,72.91116974494281,23.29761904761905,99.94136616827907,21.238095238095237,0.0,1.1564711830131449,11.333333333333336,20.911274014155712,24.3680485338726,37.03867542972699,22.914560161779576,4.543731041456017,11.433333333333337,12.637204323270431,1.2038709899370943,"Gogebic County, MI",Michigan
2563,1492,2.2204104848050292,2.1391431840529442,train,29031,77606,48.40991675901349,51.590083240986516,88.31275932273279,7.6463160064943425,99.59812859884836,68.79198656429942,30.806142034548945,0.40187140115163145,14.954409410454511,75.8335073432171,9.21208324632839,32.25288983250767,47.86978060863411,19.877329558858214,42.937784766743285,28.406112656747712,28.656102576509014,18.334230355220672,31.234616911472806,20.150107070833077,14.640454575142051,4.0,26.653290133710502,76.9961402919953,31.404598086927336,4.893438496392013,12.602785702299045,46050.0,0.4592,24479.0,66.04199027910006,6.226605968639352,77.22899950876044,70.40399455288244,12.111102014082196,97.87562414888788,13.447682986736533,0.0,2.2201891606319104,9.111111111111107,29.13305672241837,32.61732340282968,30.64969203412107,15.128984872303688,4.040924670772879,9.211111111111105,8.492158294155063,-0.7189528169560422,"Cape Girardeau County, MO",Missouri
2564,1741,2.7578980068297776,2.3883781060646685,train,32001,24252,50.99785584694045,49.00214415305954,81.84067293419099,2.370938479300676,100.0,65.24698900331646,34.75301099668354,0.0,14.63157894736842,80.6426592797784,4.7257617728531836,24.973188294775554,49.752310913640784,25.27450079158368,45.44112218530823,38.70431893687707,15.854558877814693,15.92594144012064,26.18574895212884,16.829707813103358,17.121439280359823,5.0,52.97495074584858,72.24274406332455,32.27440633245383,6.364116094986807,15.482849604221634,47415.0,0.4159,24202.0,58.45254314259764,11.556764106050306,63.93950571744743,63.728145776902245,18.436001475470306,99.11351883772473,22.272224271486536,0.2462447672986949,13.120567375886528,15.666666666666664,30.49233052944087,28.08428170872505,31.23866072901204,17.029523338281376,15.78838858650833,15.766666666666667,10.895807759836135,-4.870858906830533,"Churchill County, NV",Nevada
2565,554,2.6222502112988773,2.4923339666541215,train,16019,107788,49.545403941069495,50.45459605893049,90.22340149181728,0.4555238059895351,99.91673605328891,80.23670750565005,19.680028547638873,0.08326394671107411,11.41373944893491,84.40301281963012,4.183247731434945,23.932034538995428,55.06264301697872,21.005322444025843,36.43179792889408,36.35651292136558,27.211689149740334,13.180647707836025,20.311264466968588,12.971080716863645,13.481691356518965,4.0,26.23551028128293,80.92732922640789,29.04105108215668,4.9010521724908696,15.267404459466825,50762.0,0.4502,23926.0,66.8326611243724,5.084467434365828,72.2437984432068,70.0767056923698,11.79989753590375,98.40129188534516,20.231701069262424,0.2341542188130803,12.353879838200912,13.666666666666664,38.30574832077782,29.311240583367354,27.764686235944637,11.630237132148292,9.321074702193194,13.766666666666666,12.089459613588689,-1.6772070530779768,"Bonneville County, ID",Idaho
2566,2266,2.3867219722002453,2.1903859887352617,train,42057,14694,50.39471893289779,49.605281067102226,97.01238600789438,1.4291547570436909,98.19620253164557,72.18354430379746,26.0126582278481,1.8037974683544304,13.207875936574313,83.80379857117964,2.988325492246036,23.17678187531007,56.68926740532496,20.133950719364968,65.98482665898396,20.896955728416398,13.118217612599635,12.204994511525795,19.566898685228146,12.466947409656253,15.24914675767918,6.0,32.3201532834001,71.81208053691275,38.15436241610738,6.426174496644295,13.523489932885909,48311.0,0.3927,23435.0,60.84001394214013,6.846175880836436,72.6530142659917,73.70689655172413,18.30418775885872,98.27586206896551,12.931431201104465,0.10775862068965517,1.0684633183612358,10.777777777777779,28.025044235742477,23.451749013202672,35.79692391452293,18.94650877909351,1.5584592350619302,10.877777777777778,8.938662672010489,-1.9391151057672893,"Fulton County, PA",Pennsylvania
2567,667,2.1959892467282267,2.0466640479872735,train,17157,33069,54.13529287247877,45.864707127521235,87.84964770631106,10.299676434122592,98.40848806366049,63.09876735840226,35.30972070525823,1.5915119363395225,15.307089327246102,79.72693599793263,4.9659746748212585,32.02764976958525,44.437644009216605,23.534706221198157,57.701426729337385,30.327357431055283,11.971215839607337,12.865812542144306,19.824046920821115,13.517294611413961,15.570622223706625,6.0,32.688769571584125,73.11475409836065,35.813366960907935,5.481294661622531,9.953762084909624,48158.0,0.4153,22895.0,61.493349198929074,6.08154803040774,74.27051338306273,72.33440271749386,17.77643703378675,99.09416871107756,11.677270732777533,0.0,2.8334694124406545,8.888888888888891,24.766397532432194,28.06555988992713,35.483383229006016,17.040128216758898,1.8506758595663613,8.988888888888889,7.742030935791735,-1.2468579530971535,"Randolph County, IL",Illinois
2568,38,1.9600947840472698,2.4585843998231383,train,1077,92737,47.897818562170436,52.10218143782957,86.9264694782018,9.962582356556712,99.28627246678823,67.30919510289138,31.97707736389685,0.7137275332117738,16.138280168375125,79.09295593438405,4.76876389724083,26.020163226116185,50.58193094678932,23.397905827094498,49.76459360585335,28.42850326069668,21.806903133449975,17.915719299794713,34.617297988771234,18.841108476094128,15.840238359322328,4.0,26.569305313588853,69.57163576090335,35.0564591318761,5.573396871438932,14.951310473427947,43125.0,0.4589,24215.0,58.054807322302246,6.8437374239518975,72.40443896424169,70.25759659872453,13.581116787035404,98.13054895585844,17.51453232341025,0.6377391521820682,2.4035713900600624,7.0,27.49927213517797,28.00069012368311,33.467763675771266,17.80303438756915,3.110948165241489,7.1000000000000005,11.6882539289383,4.5882539289382995,"Lauderdale County, AL",Alabama
2569,1161,2.54683760751849,2.441274645253503,train,22109,112742,49.42701034219723,50.57298965780277,71.23077468911319,18.534352770041334,98.86103995014886,57.32534791940732,41.53569203074154,1.1389600498511392,11.905541607539206,83.29148928428481,4.802969108175963,31.594009456371737,45.04219170644526,23.363798837182998,62.88433281608328,23.452026201233156,13.663640982683567,19.505046041180023,37.39232004672215,20.295466123280693,14.715536105032823,4.0,20.927229906631442,76.9869779973058,31.39999002145387,7.603652147882054,15.758618969216185,47826.0,0.4489,23626.0,61.13486344092534,5.2797369046675655,63.07447807556166,57.85767790262172,15.532760239832404,96.7116104868914,24.650725998699702,0.5767790262172284,4.638910077876923,12.666666666666664,32.439552252044486,30.455375991201148,31.649252275106,12.163169005339626,10.23487254084547,12.766666666666662,11.48767412392452,-1.2789925427421416,"Terrebonne Parish, LA",Louisiana
2570,999,3.3238362605046876,3.2237030229197186,train,21025,13591,50.24648664557427,49.753513354425706,97.65285850930763,0.4856154808329041,99.18928445541063,56.996827634825536,42.192456820585114,0.8107155445893549,15.920875744190512,81.93777607067409,2.141348185135395,26.22486045893505,45.75174980065561,28.02338974040932,65.45704612780364,23.30723656369023,11.235717308506135,32.85671282360024,72.60273972602741,43.739748496446154,34.14162451651294,6.0,16.780661482244913,54.714233709501286,43.920640698944304,23.334546778303604,36.25773571168548,25817.0,0.4801,15737.0,44.95603668336958,12.071503680336487,40.967068645640076,38.91449052739375,43.84276437847866,99.02713773681515,19.132653061224488,0.2560163850486431,0.4635420498859539,27.66666666666667,28.496799352512692,27.23125597822088,36.48002354499301,14.818629975719226,1.861526009859466,27.766666666666676,25.120971693544455,-2.6456949731222217,"Breathitt County, KY",Kentucky
2571,2194,2.334299068483573,1.5190144915720383,train,40139,21588,52.529182879377444,47.470817120622556,64.71187696868631,2.32999814711877,99.54453441295547,69.88866396761134,29.655870445344128,0.4554655870445344,11.75457195865359,80.34057778955737,7.904850251789028,29.46233954952773,47.11189149915234,23.425768951319927,58.7243176939589,22.209444955535112,19.066237350505983,12.972895998481038,22.279578773487504,12.260025201986508,9.264609935688323,5.0,11.381957773512475,85.23630280217482,25.080161717551928,1.1292346298619824,9.493935591802591,50242.0,0.4068,21809.0,73.43991748323879,3.019662921348315,69.95669702852024,68.55524079320114,4.9350455427803475,96.3172804532578,26.788114080931763,0.42492917847025496,45.20566981656476,10.222222222222221,35.04724847137298,34.231980730035204,28.11747267000185,10.051880674448768,32.95812488419492,10.32222222222222,4.5677214482825645,-5.754500773939655,"Texas County, OK",Oklahoma
2572,2687,2.5292778938193967,2.2035787337365838,train,48343,12700,48.055118110236215,51.944881889763785,69.07874015748031,23.118110236220474,100.0,66.4576802507837,33.5423197492163,0.0,12.805130326851465,85.75713694662805,1.43773272652048,19.44066809089143,52.7869489221208,27.77238298698777,51.47422912446547,34.03106009453072,14.494710781003823,18.688759659045648,38.36538461538462,19.047619047619047,23.815590413249463,6.0,36.79706601466993,67.60193782801777,45.74081550262415,4.925312878482036,21.295922486879288,39453.0,0.4582,20900.0,53.69509043927648,12.204042348411935,58.19280494659921,64.55646737006643,20.27824620573356,97.4990230558812,27.90893760539629,0.0,8.771653543307087,12.444444444444445,28.92913385826771,23.842519685039374,32.60629921259843,20.84251968503937,7.803149606299213,12.54444444444444,9.05736948190788,-3.4870749625365605,"Morris County, TX",Texas
2573,408,2.2789752273549118,2.3790795912831237,train,13057,225944,49.20245724604328,50.797542753956726,86.50373543886982,6.598980278299048,99.29375450839608,74.25475163979802,25.039002868598075,0.7062454916038986,9.909030262599305,85.43877736672934,4.652192370671356,24.71320803982449,55.003888223507566,20.282903736667933,35.38469850875297,29.95123730278799,34.66406418845905,10.835676978706307,16.770825092951508,10.587036528058027,9.28053110322119,2.0,26.361109105350565,84.01930926415024,25.514008062376,2.8155131234756676,8.004246016200575,68926.0,0.4101,30595.0,70.16423578356674,6.205184776613349,76.1396128204214,64.93811437895491,6.649791436414845,97.35742428463405,19.674141680630324,0.5133919687985036,9.928123782884256,9.666666666666666,33.09625393902914,27.265163049251147,35.07904613532556,11.224905286265624,6.897284282831144,9.766666666666666,10.794962512445123,1.028295845778457,"Cherokee County, GA",Georgia
2574,2770,2.6695403463403347,1.9908721471410022,train,49001,6461,51.35427952329361,48.6457204767064,96.4556570190373,0.1547748026621266,99.66555183946487,87.14763497372196,12.517916865742956,0.33444816053511706,12.575828278114793,85.83761082594494,1.5865608959402706,24.221233312142402,57.57575757575758,18.20300911210002,45.04264392324094,34.9680170575693,19.989339019189764,12.5,19.73608720596672,11.809176225234618,10.559298135672881,6.0,24.214629672093558,75.81147176522899,32.1476211649622,2.756780791462872,5.291240551356158,50282.0,0.3984,21405.0,67.42830496619258,3.0428769017980635,75.76545349508955,76.78355501813785,8.838821490467938,97.21886336154776,18.226458694396307,0.0,10.741371304751587,14.333333333333336,40.42717845534746,25.81643708404272,28.679770933292065,13.001083423618633,3.389568178300573,14.433333333333335,7.321916767220414,-7.111416566112921,"Beaver County, UT",Utah
2575,2726,2.232401036136941,1.7585446026156253,train,48421,3066,51.33724722765819,48.66275277234181,91.19373776908024,0.19569471624266144,100.0,69.46564885496184,30.53435114503817,0.0,8.649130628622379,87.6950512706197,3.6558181007579136,21.193158114309554,56.57071339173968,22.236128493950773,54.47432762836186,24.88997555012225,20.635696821515893,12.405146816232266,25.27821939586645,10.71076011846002,17.929209394641088,6.0,16.651982378854626,85.49695740365112,28.194726166328607,2.8397565922920887,4.9695740365111565,51987.0,0.4044,22436.0,67.96420581655481,3.1599736668861094,62.99254526091587,61.344537815126046,8.20021299254526,97.19887955182071,31.41640042598509,1.680672268907563,41.65035877364645,9.222222222222221,32.713633398564895,27.201565557729936,34.63796477495108,12.459230267449446,8.610567514677102,9.32222222222222,5.803984141135408,-3.5182380810868112,"Sherman County, TX",Texas
2576,186,2.7293042074630365,2.697551389047394,train,6005,36995,54.09379645898096,45.90620354101906,86.514393837005,2.3111231247465875,99.45132743362831,66.26548672566372,33.1858407079646,0.5486725663716814,14.204837879567675,81.96456142930667,3.8306006911256527,24.335832639081737,48.05763831034589,27.606529050572373,38.656018970567715,40.08927325986888,21.2547077695634,12.751391973712234,28.98550724637681,12.047350898105142,18.053527980535282,6.0,41.48200333034456,64.44524236983841,44.59605026929981,4.761220825852782,10.434470377019748,54171.0,0.4512,27473.0,53.08483290488432,13.656174334140436,70.56203605514318,74.81481481481481,21.293743372216326,98.50657108721624,12.895015906680806,0.0,12.93147722665225,15.222222222222221,20.89201243411272,21.58129476956345,39.51074469522909,23.400459521556968,11.174483038248413,15.322222222222218,14.843341621584209,-0.47888060063800886,"Amador County, CA",California
2577,703,2.5810582263605166,2.542369874617254,train,18025,10591,50.48626192049854,49.51373807950146,97.29959399490131,0.10386176942687188,99.87437185929649,58.79396984924622,41.08040201005025,0.12562814070351758,13.977300764865534,84.27091043671355,1.7517887984209228,23.50278551532033,50.55710306406686,25.940111420612816,67.28921369603465,23.007172824468807,9.70361347949655,20.65217391304348,39.13558318531676,22.68958239107493,21.35396885681732,6.0,30.52336220568501,68.15410875396245,37.52743233357717,9.339185564496463,19.970738844184343,38695.0,0.4023,18835.0,55.33300565249447,6.2624916722185215,65.3600871053041,57.98712697483909,23.73619536475346,97.19133996489175,14.387929693575986,0.6436512580456407,1.4446227929373996,13.111111111111107,28.73194221508828,24.34142196204324,36.36106127844396,16.693418940609952,2.596544235671797,13.211111111111109,12.709755835821255,-0.5013552752898534,"Crawford County, IN",Indiana
2578,2829,1.9600947840472698,2.1562352809683185,train,51033,29349,49.44972571467512,50.55027428532488,66.0601724079185,29.25823707792429,99.29588014981272,61.33333333333333,37.962546816479396,0.7041198501872659,10.246679316888043,87.65143774631441,2.101882936797548,27.26735598227475,48.01856931842161,24.714074699303644,54.468726450640546,26.360211002260733,19.171062547098717,13.25651597702842,27.156919513607413,11.935589163311935,13.15905581292742,2.0,40.43556665279512,80.17319963536919,31.65907019143117,5.925250683682772,15.268915223336373,59227.0,0.4009,26761.0,68.27461872045997,8.192977447901796,75.50036612155236,69.02055622732769,10.721259458140102,97.1221281741233,16.750061020258723,0.16928657799274485,3.962656308562472,7.0,28.54271014344611,28.283757538587345,34.53610003747998,14.436607720876351,4.681590514157212,7.1000000000000005,8.638554632946,1.538554632946,"Caroline County, VA",Virginia
2579,1969,2.538096293116917,2.476980636452483,train,37171,73170,48.98592319256526,51.01407680743474,92.32198988656552,3.7037037037037033,97.8558702463599,68.5199975425447,29.3358727038152,2.144129753640106,15.114738839365625,81.89954534063652,2.985715819997852,23.50139541101957,51.837430438342885,24.661174150637546,54.355044699872295,30.761371451026626,14.88358384910109,19.709802832546515,36.54390934844193,21.522002772002764,18.48998246413432,5.0,24.309051860718927,67.40014350633821,39.80934157925308,6.020432569105138,17.671780503638914,36164.0,0.4552,20330.0,56.88238544210171,6.79304402318659,62.083400790989195,60.64491064491065,18.123366561047245,98.4071484071484,24.62242986331152,0.3418803418803419,10.04373377067104,12.555555555555555,28.71942052753861,24.27497608309416,35.03485034850348,18.33538335383353,3.9743064097307634,12.655555555555553,11.905263776217254,-0.7502917793382995,"Surry County, NC",North Carolina
2580,2107,2.8259978322655077,2.5345683910943357,train,39141,77334,52.53446090981975,47.46553909018025,90.33413505055992,5.2266790803527545,98.65950159442541,64.7868194165584,33.87268217786701,1.3404984055745837,13.361537754069715,83.12517244550722,3.513289800423067,28.182549827202568,46.885701210370996,24.931748962426425,58.15108976727005,27.15736978204655,14.691540450683412,19.295610550400767,38.81358768406961,19.997365011747657,17.939187300877535,5.0,31.55906138141323,71.49527751246949,32.50557147405285,7.792988786303017,20.916905444126073,43345.0,0.4364,21365.0,60.9024345597657,10.802200114213582,64.69256625431596,64.7150591906029,23.613747055998893,97.25612553913922,15.050419591612739,0.8075617142332752,1.1327488556133136,16.77777777777778,27.930793700054316,27.169162334807464,36.10184394962112,14.78263118421393,4.4391858690873365,16.877777777777776,12.610986659089921,-4.2667911186878555,"Ross County, OH",Ohio
2581,1826,1.6072132174119893,2.2157732952533236,train,36009,78962,49.503558673792455,50.496441326207545,92.23297282237026,1.5792406474000154,98.36484983314794,63.604004449388206,34.76084538375973,1.6351501668520585,16.043450654677123,79.66468175655966,4.2918675887632345,29.70472808820781,46.85261321871301,23.44265869307917,53.09129718394247,29.12297783103655,17.78572498502097,18.259378966514443,38.30591198929387,18.262197572542398,15.087948049291814,5.0,34.68552839116719,72.17954796902166,37.3067804646752,7.918444760550022,18.06859491070017,42601.0,0.4215,22336.0,60.980144763928536,7.993030600021777,69.08819321720104,70.01731738035264,24.38357317175797,97.74086901763224,12.816628797441727,0.8894836272040302,1.931308730781895,4.888888888888889,30.082824649831572,25.398292849725184,35.091563030318376,16.62445226817963,6.187786530229732,4.988888888888889,9.168496325689901,4.179607436801012,"Cattaraugus County, NY",New York
2582,577,1.4637696732881809,1.5640104154880046,train,16065,37916,50.313851672117316,49.68614832788269,95.31596159932482,0.6936385694693533,99.70631424375921,89.0651003426334,10.641213901125797,0.2936857562408223,5.083423135520791,71.00070603099105,23.915870833488164,40.08469324519727,52.15864490807685,7.756661846725882,20.38636218256253,44.80266103754877,34.810976779888705,35.65423582668679,33.83705650459921,65.50092194222495,5.9419329179371605,5.0,10.17132942962481,88.29694323144103,17.185832120329934,3.3478893740902476,11.741872877244056,32233.0,0.5057,14653.0,64.49839836924869,10.265816355324793,82.69604923565616,69.17358985570617,9.20389120508239,96.41451683428072,12.364502680166767,1.2680367293397463,6.633083658613777,4.2222222222222205,39.160248971410475,50.97847874248339,15.898301508597955,6.108239265745333,3.9903998312058233,4.322222222222221,4.777944415863518,0.4557221936412965,"Madison County, ID",Idaho
2583,1030,2.0208114572284313,2.615364481625466,train,21087,11149,48.92815499147906,51.07184500852095,94.69010673603012,3.0406314467665263,99.46125155408205,76.37795275590551,23.083298798176546,0.5387484459179445,14.567843866171005,83.39916356877323,2.032992565055762,20.176297747306567,54.84818805093046,24.975514201762977,67.58054327226785,22.18572331017056,10.233733417561591,20.14911802145845,29.488574537540806,24.107142857142854,23.99637516991391,6.0,25.04580852038479,64.30645521554612,45.29819075273622,10.096046459682825,22.314049586776857,34982.0,0.4681,19563.0,55.2564400092829,8.462830743385133,61.62611641515245,61.81732580037664,23.991376655374193,99.105461393597,17.739451801663076,0.0,0.1973271145394206,7.444444444444445,27.939725535922502,23.46398780159656,34.99865458785541,19.858283254103508,2.2692618172033368,7.544444444444446,13.672198735068461,6.127754290624015,"Green County, KY",Kentucky
2584,3084,1.6925528191446069,1.8066467459747682,train,55087,180430,49.8459236268913,50.15407637310868,90.51931496979437,1.1145596630272128,99.33634373289546,72.83570516329138,26.500638569604085,0.663656267104543,13.803855725122178,82.96330165202531,3.2328426228525173,29.018622503869572,53.37849562374629,17.602881872384142,40.664213370464296,31.622656521955342,27.71313010758035,8.880943504931032,13.28358208955224,8.64946519503935,9.757910384370355,4.0,25.028403052137012,81.48074604637969,26.66619388695837,2.9217785972626054,8.989433373519608,58765.0,0.4057,28679.0,72.81858315309177,3.677218537657159,82.27876145406852,60.41873477123004,12.095673596710446,98.51998917065248,8.47822619237518,0.3384171103691003,3.931164440503241,5.333333333333333,31.10070387407859,28.641578451477024,34.28310147979825,12.72183118106745,8.366125367178407,5.433333333333333,6.089991865305975,0.6566585319726421,"Outagamie County, WI",Wisconsin
2585,1904,2.145281299175379,1.908136304455743,train,37041,14656,48.02811135371178,51.971888646288214,63.05267467248908,34.15665938864629,100.0,50.14492753623189,49.85507246376812,0.0,14.199769972573652,82.51791559762894,3.282314429797399,25.378165077277213,45.91417296941796,28.70766195330484,51.1123787792356,28.80775812892185,20.079863091842558,26.631454583362288,70.92436974789916,29.252165982672143,14.456491520711706,6.0,38.70799233849904,64.70588235294117,42.63448969331322,7.290095525389644,22.456845986257743,38759.0,0.4605,21451.0,56.87317202871577,11.765622565061555,63.053949903660886,60.65793890567305,17.316955684007706,99.29506545820746,23.446531791907514,0.7049345417925479,3.3092248908296944,8.444444444444445,27.41539301310044,24.140283842794762,33.14683406113537,21.45878820960699,2.790665938864629,8.544444444444444,6.74051481770301,-1.803929626741434,"Chowan County, NC",North Carolina
2586,337,1.8082887711792655,1.8941234650230083,train,12049,27468,54.317751565457975,45.68224843454201,82.55060433959517,7.965632736274937,99.80782429649963,60.05490734385725,39.752916952642416,0.1921757035003432,8.422859674382545,84.39472809834976,7.182412227267692,35.33623473255651,39.8708409378071,24.792924329636392,71.7928241400947,17.546061262905713,10.6611145969996,27.41098935381975,65.84466466927864,29.225919439579684,10.153524075366363,5.0,21.058893515764424,73.10317668679443,38.69782095038068,4.896298241008139,24.494618009976374,35457.0,0.4765,16298.0,56.9560754227673,10.368051603111363,39.74071811579448,47.5635593220339,28.860381456594038,98.46398305084746,35.6139279169212,0.0,42.96272025629825,6.0,33.73379933012961,29.608999563128,29.77282656181739,14.056356487549147,9.483762924129897,6.1,6.64671976814514,0.5467197681451408,"Hardee County, FL",Florida
2587,1503,1.9120085973796321,2.0029770298655736,train,29053,17593,53.0210879327005,46.9789120672995,89.31961575626671,6.081964417666117,99.66494845360823,68.47938144329898,31.18556701030928,0.3350515463917525,15.295957849674814,81.94615954556681,2.757882604758376,28.033094625599666,47.21546269901968,24.75144267538066,53.36622898720415,27.164004348916954,19.4697666638789,14.68404965379577,28.29122340425532,14.087543349892213,13.656195462478184,6.0,28.53797746231524,76.55672009864365,34.1553637484587,3.5758323057953145,11.883477188655979,44549.0,0.4383,23252.0,68.20462209063245,5.426263113469192,75.91348173036539,72.40986717267552,11.927761444771106,98.6337760910816,15.193196136077278,0.0,1.5119649860740068,6.666666666666668,28.67049394645598,29.511737622918204,31.984311942249757,16.25646563974308,4.598419826067187,6.7666666666666675,7.4110863156515165,0.644419648984849,"Cooper County, MO",Missouri
2588,1773,2.25595925165399,2.191683227329361,train,34011,157035,51.541376126341255,48.458623873658745,63.052185818448116,20.47441653134652,98.08170323138442,52.14254836269318,45.93915486869122,1.9182967686155843,11.519254867488355,82.81556848149326,5.665176651018388,40.154958677685954,36.065638906548,23.77940241576605,61.88506356433582,23.501292111964105,14.613644323700079,17.851326722244167,35.336502188018706,17.811702069864726,15.1738266614419,4.0,19.207515657620046,75.30376429479034,35.04804637865311,7.9653748411689955,18.20600381194409,49984.0,0.4404,22417.0,64.97333111861654,10.785552983283386,62.81714686644185,61.3,21.013738315641767,96.15,19.532399339112327,1.415,28.64456968191805,9.444444444444443,29.77552774859108,30.461362116725567,32.472378769064214,13.364536568280958,16.473397650205367,9.54444444444444,8.950265774577316,-0.5941786698671248,"Cumberland County, NJ",New Jersey
2589,1506,2.47466924069478,2.4956870429463764,train,29059,16564,50.01207437816953,49.98792562183047,95.53248007727602,0.07848345810190775,99.69426751592356,71.0828025477707,28.611464968152863,0.3057324840764331,10.225261464199518,87.33708769107002,2.4376508447304905,19.914298601714027,55.81867388362653,24.267027514659446,60.02276906909538,25.22988002452053,14.747350906384096,21.866976402983244,52.33463035019456,21.858779747331308,20.25656689065364,3.0,34.327767666376516,66.61868202175305,41.47472808701216,8.397312859884838,18.602047344849648,38062.0,0.3961,17494.0,54.27951458651451,13.01450992004738,55.44908918605876,52.511880515953855,20.911866905338528,97.79361846571621,27.24018110982416,1.2898845892735913,1.8232311035981643,11.777777777777779,30.05916445303066,23.10432262738469,34.556870321178465,18.630765515575945,4.389036464622073,11.877777777777776,12.130064531655421,0.25228675387764454,"Dallas County, MO",Missouri
2590,2595,1.6072132174119893,2.21428493138749,train,48159,10599,50.78781017077082,49.21218982922918,89.24426832720069,5.057080856684593,100.0,60.40216550657386,39.59783449342614,0.0,13.147561747941735,83.41988600379987,3.4325522482583914,21.179688429064093,54.263289332857646,24.55702223807825,48.35376773660284,33.58589337374294,18.060338889654226,16.452197121342106,34.57750129600829,15.491515506143944,22.336671435383877,6.0,33.312492184569216,67.5510683258981,41.18337637943179,7.842216482742429,16.905376849025593,41537.0,0.5224,26653.0,57.25694004309797,6.641576267434138,59.97959877592656,54.65869456900847,17.647058823529417,99.8006975585451,27.541652499149947,0.1993024414549078,13.350316067553539,4.888888888888889,30.653835267478065,21.879422587036508,34.05981696386452,19.56788376261912,5.6986508161147285,4.988888888888889,9.154860417168695,4.165971528279806,"Franklin County, TX",Texas
2591,3086,1.0570183913692728,1.4174104099492235,train,55091,7372,50.42051003798155,49.57948996201845,98.11448724905048,0.352685838307108,99.5734308348568,76.35588056063376,23.217550274223036,0.42656916514320536,14.260185847033595,83.1844174410293,2.5553967119370977,23.554745734636413,58.22428358456186,18.220970680801724,52.16890595009597,30.479846449136282,17.351247600767756,13.105452532521449,25.52529182879377,12.394873848618342,11.662531017369727,6.0,27.586808584889198,76.64184157075151,37.44075829383886,4.062288422477995,11.983750846310091,49516.0,0.4093,24951.0,66.22127204703368,4.708097928436913,77.51956367085607,65.54441260744986,15.366374199668007,98.85386819484242,10.97936921982452,0.0,1.3564839934888768,2.7777777777777777,28.52685838307108,21.486706456863807,36.150298426478564,20.10309278350516,1.532826912642431,2.877777777777778,4.126420854070678,1.2486430762928995,"Pepin County, WI",Wisconsin
2592,1425,1.86149280724273,1.6565872600397278,train,28061,16588,48.577284784181344,51.422715215818656,46.26235833132385,52.95997106341935,100.0,50.94486150660109,49.05513849339891,0.0,14.117461070271125,85.06046952810055,0.8220694016283299,27.479492915734525,49.17225950782998,23.34824757643549,57.44190172077346,29.19105907397552,13.367039205251016,23.86686838124055,52.715021799445104,25.98926227878306,21.345313258863527,5.0,25.481984829329964,65.80823512294486,39.18230758038703,10.461225083660699,22.63931325476502,31578.0,0.4785,18260.0,53.43008961852645,7.347484043342732,60.4190318918361,49.58904109589043,23.10867994633089,99.55479452054794,21.43668077200949,0.0,0.5968169761273209,6.333333333333332,30.244755244755243,24.993971545695683,34.078852182300466,17.60308656860381,0.7776706052568121,6.433333333333332,5.241392776408632,-1.1919405569247,"Jasper County, MS",Mississippi
2593,530,2.049841071903545,1.6562845787882312,train,13303,20785,50.35843156122204,49.64156843877797,45.59057012268463,52.610055328361796,99.72544878563886,47.22280887011616,52.50263991552271,0.27455121436114044,13.705583756345177,84.4795215909881,1.814894652666713,35.446175637393765,37.635741265344656,26.918083097261572,63.52974424191042,23.57637416984598,12.893881588243605,25.935800920117106,58.032128514056225,28.86662492172824,14.237288135593221,6.0,22.478493953372396,69.43291839557399,35.58782849239281,7.966804979253111,23.692946058091284,37932.0,0.4767,18285.0,57.69390581717452,11.7392870003601,59.90241352269757,58.72426594667567,18.54143068746188,97.19878501518733,25.74714646684673,0.20249746878164024,2.1650228530190043,7.666666666666668,29.69449121962954,27.216742843396677,34.72696656242482,15.236949723358192,1.7993745489535722,7.766666666666667,5.239806545156823,-2.526860121509843,"Washington County, GA",Georgia
2594,2288,3.2004855330898523,2.9436620471835173,train,42101,1555072,47.23389013499054,52.76610986500947,41.672154086756116,42.75757006749527,99.44114270768247,40.36704979729435,59.07409291038812,0.5588572923175286,19.536268563566964,71.82113462314278,8.642596813290256,51.67177915323306,26.31487381687255,22.013347029894405,51.80364625701532,22.78378412689733,25.41256961608736,26.405288568984012,59.212148380589504,30.320506402340666,15.915405658877244,1.0,16.517766707319595,70.97822906806644,28.367438258325446,11.1078220462955,26.79631701230531,38253.0,0.5102,22919.0,61.664673663084834,13.510401848614828,60.64265174738817,54.45437664637043,24.911685602724727,96.03521613335062,18.23788781647229,0.9424795958025652,13.35764517655774,24.44444444444445,28.901298460778666,36.01633879331632,29.413429088813892,12.359427730677421,15.570275845748622,24.544444444444448,18.98524402526107,-5.559200419183377,"Philadelphia County, PA",Pennsylvania
2595,1413,2.132192107065365,1.7236746516169046,train,28037,7857,48.78452335497009,51.21547664502991,63.5993381697849,35.84065164821178,99.58677685950413,62.03512396694215,37.551652892561975,0.4132231404958678,14.182692307692307,85.5940934065934,0.2232142857142857,24.976061283115225,57.37312480051068,17.650813916374084,54.99246420497362,27.072343632253205,17.935192162773173,18.885448916408667,32.32669869595058,20.554750569240323,19.094766619519085,6.0,23.26013513513513,73.41233667578244,36.615010635065325,5.256760862959587,18.56578547553935,38170.0,0.4608,22098.0,58.260571819893855,8.93329415221863,64.96899911426041,52.07547169811321,13.551815766164749,100.0,24.645704162976084,0.0,0.5472826778668703,8.333333333333334,30.67328496881761,22.731322387679782,35.140638920707644,17.474863179330534,0.5600101820033092,8.433333333333334,5.605087411176631,-2.828245922156703,"Franklin County, MS",Mississippi
2596,1042,2.69237238838298,2.6541271156043944,train,21111,755809,48.25544548953506,51.74455451046494,72.93377030440229,20.736720520660644,98.98803725889331,57.32200246137336,41.66603479751996,1.0119627411066847,17.752859551085194,76.85815888328531,5.388981565629488,33.898629138607504,41.56100733555464,24.54036352583785,38.55376850527393,29.947435137052413,31.49879635767366,16.431547036304345,31.979461008007394,16.458191221836472,14.454050395348125,1.0,26.429528290397894,76.7082091132724,30.08292198165616,6.341495202254696,15.494843849274227,48695.0,0.4847,28822.0,67.66030437605686,8.190453708027775,71.98886543334702,71.39951179820993,16.420312969316488,97.3642915262118,15.324201183682275,0.3787438490449068,4.673402936456168,14.666666666666664,28.830167410020252,29.663049791680173,33.416246697247594,14.136772650233064,6.329509174937054,14.766666666666666,14.212574708596858,-0.554091958069808,"Jefferson County, KY",Kentucky
2597,1454,2.312535423847214,1.4562317595537035,train,28119,7761,48.331400592707126,51.66859940729288,28.93956964308723,70.24867929390543,100.0,35.880227155394934,64.11977284460508,0.0,17.68141592920354,80.3716814159292,1.9469026548672568,40.422077922077925,33.62012987012987,25.95779220779221,61.72839506172839,25.377229080932786,12.894375857338819,39.528101802757156,155.25606469002696,47.90575916230366,15.948332674311324,6.0,20.758928571428573,63.7078283655421,37.635113003603024,19.48902718637406,39.43661971830985,24583.0,0.4775,14503.0,54.76106194690266,24.91919844861021,40.22457067371202,37.63537906137184,32.144429766622636,97.38267148014441,31.527961250550426,0.5415162454873645,0.9406004380878752,10.0,31.310398144569,26.55585620409741,33.55237727097023,14.933642571833527,0.8117510630073443,10.1,4.289764170655336,-5.810235829344664,"Quitman County, MS",Mississippi
2598,68,2.2789752273549118,2.179141614598956,train,2016,5684,59.69387755102042,40.30612244897959,31.56228008444757,4.732582688247713,99.40323955669224,71.18499573742541,28.218243819266835,0.5967604433077579,11.51868357901954,74.59718889269797,13.884127528282486,38.94080996884736,20.913811007268947,40.145379023883706,53.0706243602866,32.19037871033777,14.738996929375643,9.056261343012704,9.91501416430595,9.969635627530364,6.460980036297642,6.0,19.43757030371204,93.6731107205624,9.490333919156415,2.1968365553602807,6.502636203866433,84306.0,0.3711,31754.0,86.11943739912383,2.2222222222222223,69.6556849145405,62.66666666666667,4.780777805300966,73.66666666666667,27.396581620014864,6.0,10.960591133004927,9.666666666666666,28.289936664320898,34.32441942294159,39.76073187895848,5.277973258268825,63.70513722730472,9.766666666666666,8.838715976734916,-0.92795068993175,"Aleutians West Census Area, AK",Alaska
2599,464,2.267533454935127,2.0868640024020086,train,13169,28738,48.736864082399606,51.2631359176004,72.58333913285546,25.708121650775986,99.70459980306654,67.59037839358561,32.11422140948094,0.29540019693346464,9.991112774217688,87.16965246269703,2.8392347630852703,26.19068387997209,50.87665736217725,22.93265875785067,50.59276206322796,29.742096505823632,19.665141430948413,16.76331049024776,30.816213214880623,16.983918608467345,14.459397730067813,4.0,27.956092816451307,75.70211117567304,34.069339531280264,6.51752856866163,16.366453612240946,51857.0,0.4518,26005.0,62.594847775175644,9.383418138281954,70.21672186392422,56.80115970041073,12.567544012550115,99.15438511717808,20.463656963569807,0.0,0.5845918296332383,9.555555555555557,31.508803674577216,26.101329250469767,34.390006263483876,14.767903124782519,1.708539216368571,9.655555555555557,8.05960060371673,-1.5959549518388272,"Jones County, GA",Georgia
2600,1740,1.410986973710262,1.5110788638643602,train,31185,13825,49.41772151898734,50.58227848101266,95.60940325497288,0.9330922242314648,100.0,76.38207392868827,23.617926071311746,0.0,16.567028067686696,81.40642415644948,2.026547775863816,24.84907670454545,54.6875,20.463423295454547,38.52537503989787,35.36546441110757,26.10916054899457,10.751775239271383,16.723809523809525,10.67352875363616,12.009656004828004,6.0,26.112565445026174,79.94289793004997,30.603140613847252,4.87152034261242,6.852248394004282,51802.0,0.4305,27646.0,70.6524948331857,2.061568463574314,82.05855797755706,73.04817275747509,7.545466271120857,98.29734219269103,13.130401135044494,0.0,4.528028933092223,4.0,29.52622061482821,26.44484629294756,32.513562386980105,18.408679927667276,3.45750452079566,4.1,4.531617155977482,0.4316171559774826,"York County, NE",Nebraska
2601,1808,2.7578980068297776,2.510024129851188,train,35035,65318,51.10229951927493,48.89770048072507,75.95609173581555,3.708013105116507,99.93662864385296,59.72750316856781,40.209125475285184,0.06337135614702154,15.195213292583187,81.1071413197882,3.6976453876286,29.170921562204967,44.9933527292345,25.835725708560535,46.53460643199847,37.081373806470005,16.38401976153152,23.07754002117353,51.83756149319958,23.97839736085985,17.58348893699291,5.0,54.75911693951845,71.42132837586614,34.33327699847896,5.792631401047831,18.33276998478959,39775.0,0.4379,19457.0,56.098815112899615,12.69278284780616,54.176020261325036,69.26081730769229,29.318482703044964,98.63782051282051,23.611350946871585,0.14022435897435898,36.14164548822683,15.666666666666664,30.409687987997177,30.331608438715204,29.74218439021403,15.72920175143146,20.335895159067945,15.766666666666667,12.305226980223951,-3.4614396864427164,"Otero County, NM",New Mexico
2602,154,1.67189092708065,2.298820880091852,train,5091,43652,49.34481810684505,50.65518189315495,71.4125355081096,24.917529551910572,99.26491646778042,54.51073985680191,44.754176610978526,0.7350835322195705,16.419361922389182,81.40665683721807,2.17398124039276,27.195377849320185,44.128891316220646,28.67573083445917,54.03502805645298,31.671484441421534,14.293487502125487,20.274127721814626,41.440217391304344,20.972195952335927,17.922084039947233,4.0,30.707376058041113,74.74646226415095,34.139150943396224,7.246462264150944,16.880896226415093,40317.0,0.4418,21104.0,63.23478804942906,9.464206203928164,59.19484452036181,59.52304221720914,19.030241857214953,98.5820174025137,25.820101712022986,0.3383822107637769,2.9712269769999087,5.222222222222221,30.163566388710716,28.24154677907083,32.88050948410153,14.691193988820672,3.6699349399798398,5.322222222222221,9.962428628661756,4.640206406439535,"Miller County, AR",Arkansas
2603,2396,1.0176432261344426,1.1196182385786442,train,46083,49874,49.77543409391667,50.22456590608333,94.97734290411837,1.034607210169627,98.98525882756256,78.42303736715805,20.562221460404526,1.0147411724374358,10.632068431023594,84.44801653367011,4.919915035306276,25.229480916850072,61.023135970798215,13.747383112351713,26.26196284481141,33.30205792206167,40.43597923312692,4.365416514949225,4.135338345864661,4.7422557110393475,6.962395402762375,4.0,24.20302608794391,87.5810833287132,19.848090037145862,1.879469978377779,4.0749570327659805,76094.0,0.4176,35559.0,78.93383613301337,1.9145855953673545,90.8089568974046,68.31873531296732,5.302905385351053,97.88506729331341,6.922138310853147,0.5127109591967528,1.6962746120222958,2.6666666666666665,35.172635040301564,30.29835184665357,30.571039018326182,9.814733127481254,3.9880498857119946,2.7666666666666666,3.0636843835063443,0.2970177168396777,"Lincoln County, SD",South Dakota
2604,1136,2.4932054526026954,2.3042343262197686,train,22059,14899,51.69474461373248,48.30525538626754,86.8716021209477,11.21551781998792,99.85272459499264,68.7481590574374,31.10456553755523,0.14727540500736375,12.236533957845433,85.50936768149883,2.2540983606557377,26.040368801395463,49.85463908962539,24.10499210897915,65.54812044873056,22.76126746703405,11.690612084235385,20.967268457360927,37.515324887617496,23.299687575102137,15.802577621558287,6.0,23.54833101529903,68.51017834624392,33.813727256350205,7.151864528913709,16.231309673932625,37310.0,0.4784,20818.0,55.569632589416244,6.103121711680112,64.11648568608095,55.58646267964768,14.782823297137215,94.90032452480295,23.013326752221126,0.04636068613815484,3.8995905765487615,12.0,28.666353446540032,28.83414994294919,32.68675750050339,15.692328344184173,1.9128800590643669,12.1,10.016505939587919,-2.0834940604120806,"La Salle Parish, LA",Louisiana
2605,2877,1.8440707637960658,1.8501801933922748,train,51135,15711,52.95652727388453,47.04347272611547,56.82006237667876,39.55827127490294,94.0506329113924,53.13291139240506,40.91772151898734,5.949367088607595,14.631493064998644,82.94805548001086,2.4204514549904808,33.14434569414649,39.08979466748392,27.7658596383696,59.382848941514176,25.412630068173666,15.204520990312163,24.13793103448276,37.535953978906996,30.45319295033188,18.565808544413,6.0,27.28146783110328,67.7938808373591,46.0547504025765,7.335838253712652,24.888173197351946,36284.0,0.4452,18917.0,54.8503839703416,9.816543289346637,62.40947235314403,60.3041825095057,24.52005977698586,98.36501901140684,20.209219450511554,0.3802281368821293,3.9335497422188284,6.222222222222222,27.21023486729044,27.235694736172107,34.76545095792756,17.885557889376873,3.621666348418306,6.322222222222222,6.3609656233126515,0.03874340109042951,"Nottoway County, VA",Virginia
2606,1353,1.410986973710262,1.6157136241897796,train,27091,20350,49.38574938574938,50.61425061425062,97.57739557739558,0.3488943488943489,99.08675799086758,66.62100456621005,32.46575342465753,0.91324200913242,18.26164989423755,78.61034549067368,3.1280046150887766,24.40294487340636,53.55838869934758,22.038666427246064,49.597467831831004,31.507603385398745,18.894928782770243,11.403202474185665,21.344206974128234,10.74973600844773,14.272935095914915,6.0,30.759588869390825,74.04597440833426,38.557354772958895,4.869210734911109,8.855169290001133,51391.0,0.4296,28244.0,65.85505403687222,3.0118737329858094,73.59993075391674,71.72611922432368,20.159265991517355,98.77902801053386,10.360945209036613,0.0,3.921375921375921,4.0,27.449631449631447,22.024570024570032,34.88943488943489,21.503685503685507,2.0737100737100738,4.1,5.031477226468836,0.9314772264688367,"Martin County, MN",Minnesota
2607,984,2.589433484697249,2.2878560730610626,train,20205,9061,49.40955744399073,50.59044255600927,94.62531729389693,0.15450833241364087,96.17511520737328,61.9815668202765,34.19354838709677,3.824884792626728,16.150999259807552,81.31754256106588,2.5314581791265733,21.267277952648143,52.141781853017655,26.5909401943342,51.1082761919949,34.18912454154042,14.702599266464677,18.572237960339944,44.25770308123249,17.488711358110454,22.28315612758814,6.0,31.301697866782764,73.83921464579464,43.035287874767846,4.059432210135315,15.202971610506768,40306.0,0.4349,22538.0,62.08425720620843,6.6904761904761925,65.30369194124653,71.62709901563404,16.29614926558158,97.51013317892296,21.89360857483129,0.3474232773595831,2.7590773645293014,13.222222222222221,30.50435934223596,21.509767133870433,34.56572122282309,19.97572011919214,5.220174373689439,13.322222222222221,9.853789214742244,-3.4684330074799767,"Wilson County, KS",Kansas
2608,2236,1.9756230463738251,1.8756443670239518,train,41069,1348,48.516320474777444,51.48367952522255,96.81008902077153,0.0,100.0,84.57142857142857,15.428571428571427,0.0,20.680628272251308,74.08376963350786,5.2356020942408374,17.059301380991066,59.5450852965069,23.39561332250204,46.86648501362397,37.6930063578565,15.440508628519527,18.953752843062926,58.71559633027523,19.375,22.40477968633308,6.0,42.455242966751925,62.295081967213115,53.3532041728763,3.129657228017884,14.903129657228018,33487.0,0.4481,23535.0,52.0618556701031,8.415841584158416,75.2840909090909,72.3913043478261,18.75,97.3913043478261,14.488636363636365,1.956521739130435,1.4094955489614245,7.1111111111111125,18.620178041543028,17.952522255192882,34.71810089020771,34.347181008902076,3.189910979228487,7.211111111111112,6.525022275182167,-0.6860888359289454,"Wheeler County, OR",Oregon
2609,2641,2.1054882506179364,2.3997801521721858,train,48251,155450,49.9260212286909,50.0739787713091,91.9382438082985,2.575104535220328,99.20557796025459,72.7539964044507,26.45158155580389,0.7944220397453963,9.406354139532377,87.42825319548366,3.1653926649839668,23.805094094209466,54.435517065380246,21.75938884041029,48.43059129795416,34.252754786721376,17.316653915324462,12.082353404895482,21.442187406922024,11.16441908713693,11.344886917495895,2.0,26.608279417179524,81.28341249883579,28.143801806836173,4.517090434944584,12.130017695818198,58135.0,0.4114,25310.0,65.77351357646447,7.119216572915107,65.20267347291919,55.24187235819026,9.7886745111611,96.27928821165787,27.256013151064195,1.0645514794134532,19.524605982631076,8.11111111111111,33.763911225474416,27.99421035702799,32.72177549051142,12.75651334834352,5.486651656481183,8.211111111111109,11.020753225631147,2.809642114520038,"Johnson County, TX",Texas
2610,1448,2.2204104848050292,1.854889627764096,train,28107,34373,48.247170744479675,51.752829255520325,48.8144764786315,50.176010240595815,99.82136876186225,50.262364631014854,49.559004130847384,0.17863123813776935,15.945892182216037,81.5635567933161,2.490551024467873,35.062472110664885,37.94065149486836,26.996876394466767,56.22096956031567,28.856820744081173,14.922209695603154,22.78521723875797,43.98200224971879,25.04706232042009,15.734183882483759,6.0,21.965067223908843,67.21338498310394,36.5944119343938,12.305283112173411,21.140690678315337,36555.0,0.4655,19525.0,56.068240428486426,9.92074724030569,57.9840952334488,51.55055225148684,20.895740840122944,99.40526762956672,23.671756842464752,0.0,1.5884560556250544,9.111111111111107,33.113199313414604,27.131760393331977,32.959008524132315,13.80443953102726,1.0095132807726994,9.211111111111105,6.390992823524254,-2.820118287586851,"Panola County, MS",Mississippi
2611,751,2.132192107065365,2.3126214225885766,train,18121,17107,47.33734728473724,52.66265271526276,96.18284912608871,2.086865026012743,98.417894162575,74.19530823786144,24.222585924713588,1.5821058374249863,12.510580667005248,82.00440155747418,5.485017775520568,25.536297769569543,46.974001988918886,27.48970024151157,55.10525443394663,31.427150671307807,13.467594894745568,16.026302217637962,26.05658400279427,17.120928859588705,16.085756467038962,6.0,31.807013625195445,72.52710592160132,40.16680567139283,3.9032527105921604,14.612176814011676,40781.0,0.4501,20592.0,60.371334957573715,7.667687169496242,64.9862107004964,66.31430584918957,16.657473800330948,98.62579281183932,20.739106453392168,0.0,1.3210966271117086,8.333333333333334,27.257847664698662,26.492079265797624,35.178581867071955,16.841059215525807,1.730285847898521,8.433333333333334,10.100868624637542,1.6675352913042083,"Parke County, IN",Indiana
2612,3131,1.513905485712537,1.4253934410225613,train,56039,22311,51.70991887409798,48.29008112590202,93.16032450360808,0.3227107704719645,100.0,78.93733619251847,21.06266380748153,0.0,12.557011719877606,70.93701287454535,16.505975405577043,36.8831582298631,44.6619972407938,18.454844529343106,21.96397788741604,24.10390536765143,53.932116744932536,7.377713719484731,7.5877980005126915,8.053771829802557,6.304767896463398,5.0,18.452611218568663,86.20984487602297,21.46085257114939,0.4152925369488213,1.6855991205569805,75325.0,0.4728,44231.0,80.92600797518831,2.5458527237886672,77.53235881254427,65.65096952908587,2.0027046171678795,94.42026117926396,21.430871273101946,2.809655718242976,15.140513647976336,4.4444444444444455,23.105194746985788,34.74967504818251,34.93792299762449,11.415893505445744,6.51696472591995,4.544444444444445,4.159494036449079,-0.3849504079953663,"Teton County, WY",Wyoming
2613,2632,2.3014733641413554,2.3237260821490056,train,48233,21858,50.18757434348979,49.8124256565102,89.02461341385306,2.7266904565834014,99.58326098280952,59.95832609828096,39.624934884528564,0.4167390171904845,16.13408521303258,80.81453634085213,3.0513784461152884,25.15929151809201,49.20208101946572,25.638627462442283,47.05511148506521,37.813770859626985,15.13111765530781,16.108651540306216,27.71326485037963,16.422372930795596,16.76036866359447,5.0,27.62936671025593,73.91828371700616,33.2047728094492,6.074484753525372,14.35458599493793,49353.0,0.4343,24875.0,60.89329402170504,5.243638611311425,64.55329153605018,69.63219113486325,14.004702194357364,98.1452373467463,25.517241379310345,0.8802263439170073,21.96449812425657,9.888888888888893,33.20523378168176,27.033580382468664,31.95626315307897,14.662823680117118,8.248696129563545,9.98888888888889,10.213660430219887,0.22477154133099653,"Hutchinson County, TX",Texas
2614,1470,1.5380612495918724,1.490070375709269,train,28151,49499,46.877714701307106,53.122285298692894,27.16418513505323,71.16305379906666,99.77378977529786,31.722213844065752,68.0515759312321,0.2262102247021565,15.297315473855296,82.7523398531637,1.9503446729810008,41.83344596350783,31.09372563289494,27.07282840359723,53.37792642140469,27.787864309603442,18.834209268991877,35.974961132476885,110.67867481505309,42.67942583732057,19.02295803939159,5.0,19.82039237358386,66.65200901445611,36.26669598197109,13.697575990765678,32.87528170175342,29144.0,0.5146,17160.0,59.915045830538794,20.848880597014926,47.64561785519869,44.18022528160201,26.218018508437677,97.54380475594492,29.688350571584106,0.3911138923654569,1.3333602699044425,4.5555555555555545,34.23907553687954,27.802581870340816,32.081456191034164,13.248752500050509,1.6727610658801186,4.655555555555554,4.437407793736058,-0.21814776181949647,"Washington County, MS",Mississippi
2615,558,2.0059743897979634,2.4611907523595153,train,16027,198921,49.57194061964297,50.42805938035703,90.61335907219448,0.44138125185375104,99.31227415782725,72.14127520690056,27.170998950926684,0.6877258421727473,11.222301644031454,84.0290929456239,4.748605410344648,27.295768761501588,51.223803328637196,21.480427909861206,48.84070434412337,33.42294879394846,17.73634686192818,19.407023250580497,35.2719464559015,19.77504393673111,13.883598419613008,3.0,28.22017181956778,77.84278268269335,30.67606789551264,6.089017885635268,19.836795477684745,42888.0,0.4006,17915.0,64.40492755101296,8.967514252103882,61.49241117019403,59.23736328702336,15.830017255343876,97.643680587813,26.619009050251783,0.4180566699041426,24.451918098139462,7.333333333333332,38.06888161632005,28.81194041855812,28.790826509016142,12.105810849533231,8.94525967595176,7.433333333333334,11.718757373308934,4.2854240399756005,"Canyon County, ID",Idaho
2616,466,1.2653814324545796,1.8982318337171529,train,13173,10403,50.34124771700471,49.65875228299529,72.43102951071806,24.752475247524753,100.0,56.78449258836944,43.21550741163056,0.0,13.979933110367892,84.30769230769229,1.7123745819397993,26.61762872459793,45.58035157711009,27.802019698291982,54.07460545193688,33.22812051649928,12.697274031563847,26.64077283139129,49.068684516880104,32.436260623229465,19.63090650983573,4.0,37.64455669280872,67.02586206896551,28.96012931034483,10.398706896551724,21.282327586206893,37605.0,0.4441,16688.0,56.25777900705297,14.55260570304818,51.08354011579818,32.124789207419894,20.397022332506204,100.0,30.80231596360629,0.0,5.2869364606363565,3.4444444444444446,29.44342977987119,32.721330385465734,30.298952225319624,11.688935883879653,2.8164952417571856,3.5444444444444447,6.674083114428843,3.129638669984398,"Lanier County, GA",Georgia
2617,3105,1.895451927785184,2.2097811779057928,train,55129,15700,49.675159235668794,50.324840764331206,95.53503184713377,0.535031847133758,98.46805736636244,68.28552803129074,30.182529335071703,1.5319426336375488,17.24137931034483,81.22425906484699,1.5343616248082048,19.37371741278407,57.90073725013301,22.725545337082924,47.43447451549561,31.862033637838298,20.703491846666093,13.072148952676491,26.12312811980033,12.624524542655315,16.070392573970214,6.0,37.14647865008318,67.32950567147459,43.53731970312282,5.1533398683657765,16.916398263548523,42368.0,0.4431,25575.0,58.17787069797362,6.482377332411888,66.99640287769785,69.43502824858757,22.909172661870503,99.06779661016952,14.557104316546766,0.0847457627118644,1.5987261146496814,6.5555555555555545,24.757961783439487,19.541401273885352,37.566878980891715,23.29299363057325,3.929936305732484,6.655555555555554,9.113721891117484,2.4581663355619296,"Washburn County, WI",Wisconsin
2618,2411,2.0059743897979634,1.3959475097339171,train,46115,6570,50.57838660578386,49.42161339421614,95.78386605783871,0.426179604261796,96.56290531776916,67.12062256809338,29.44228274967575,3.437094682230869,16.83396068590548,76.53701380175659,6.6290255123379325,24.447800641872764,52.14272229563905,23.409477062488197,45.5595026642984,32.10479573712256,22.33570159857905,12.541254125412538,21.555915721231766,12.283537289309628,14.813084112149534,6.0,31.68376584188292,78.1451919422273,33.71341695172938,5.701254275940705,11.060433295324971,48217.0,0.4584,28165.0,66.41346746048039,1.0819165378670788,77.12955354697344,55.00000000000001,14.516570802519855,97.45901639344262,12.133662010408107,2.1311475409836063,1.9786910197869096,7.333333333333332,31.704718417047186,21.689497716894973,34.38356164383562,19.619482496194824,3.7899543378995433,7.433333333333334,4.038799562137109,-3.3945337711962242,"Spink County, SD",South Dakota
2619,2351,2.707309185877491,2.476485085458169,train,45083,291240,48.549649773382775,51.450350226617225,72.99306413954126,20.80414778189809,99.17768158325251,60.65756518465971,38.52011639859278,0.8223184167474991,13.371743696989734,82.74887167616058,3.8793846268496814,29.69604161141576,46.71018299099161,23.59377539759263,46.574697173620464,30.73351278600269,22.691790040376855,17.541659897006987,33.982935624347284,17.743224309295503,15.461116432987895,3.0,26.27101451235511,75.10555818439923,34.031594656571905,5.951297637680633,14.776325847195427,43907.0,0.4464,22618.0,63.57721338931333,8.582027613184467,66.98335004560467,58.996088657105595,16.000725142620823,97.89222077357672,20.737379402550463,0.6277463904582549,6.266996291718169,14.888888888888893,30.691525889300927,28.42192006592501,33.166117291580825,14.608913610767756,6.202788078560637,14.988888888888894,11.899365572466447,-3.089523316422447,"Spartanburg County, SC",South Carolina
2620,2410,0.09531017980432493,1.0523442966446315,train,46111,2339,52.33005557930739,47.66994442069261,98.76015391192816,0.0,100.0,80.88578088578089,19.11421911421911,0.0,17.199558985667036,81.64277839029769,1.1576626240352812,20.822880080280985,61.314601103863524,17.862518815855495,47.390029325513204,35.0733137829912,17.5366568914956,10.39301310043668,12.401055408970974,11.416616855947401,13.172866520787744,6.0,37.854889589905355,80.78358208955223,31.25,1.5858208955223885,11.194029850746267,50541.0,0.4276,29952.0,69.34267241379311,3.5742035742035743,85.51532033426183,56.42857142857143,8.635097493036211,100.0,9.818941504178273,0.0,1.881145788798632,1.0,22.702009405728944,23.98460880718256,37.751175716118,19.923044035912785,1.2398460880718256,1.1,2.8643581585653672,1.7643581585653672,"Sanborn County, SD",South Dakota
2621,1368,1.5846897427449065,1.4809233655143468,train,27121,10948,50.69419071976616,49.30580928023383,97.52466203872854,0.5480453050785532,98.47361535106846,78.76144788486698,19.71216746620148,1.526384648931531,16.82287341321628,81.26705421758216,1.910072369201566,18.675364882795225,60.935426802299865,20.38920831490491,39.70292044310171,38.09164149043304,22.205438066465263,9.421302767682416,13.030454318522215,9.718802643514321,13.265874489417007,6.0,32.4727946283862,73.73674360573924,38.28238719068413,3.2647119983364523,6.591807028488254,52785.0,0.4309,30071.0,64.65099799220503,4.037267080745342,79.25817471937529,76.55172413793103,17.065235074019846,98.53448275862068,8.199121522693996,0.04310344827586207,1.0960906101571064,4.777777777777779,26.644135915235662,21.8944099378882,34.28936792108148,22.716477895506028,1.9272926561929118,4.877777777777779,4.397003848764702,-0.48077392901307725,"Pope County, MN",Minnesota
2622,1416,1.6072132174119893,1.7865020939442335,train,28043,21591,47.58927330832291,52.41072669167709,55.53702931777129,43.61539530359872,100.0,50.78503585966271,49.21496414033729,0.0,14.98727261439126,81.15105233749301,3.8616750481157256,34.97690531177829,37.32101616628176,27.70207852193996,53.277486910994774,31.16928446771379,15.55322862129145,22.306532189650298,53.43740618432904,22.449445035730577,22.303206997084548,5.0,21.201413427561842,66.95382958675461,44.447435724862025,11.966617310539775,17.054785300848025,31779.0,0.5019,19138.0,55.57211150431489,9.395598257177973,60.88188976377953,53.39007924860582,23.83464566929133,98.4443792192545,20.11023622047244,0.0,0.11578898615163727,4.888888888888889,31.313973414848782,25.135473113797413,34.773748321059706,16.113195312861837,0.8475753786299848,4.988888888888889,5.968538523158662,0.9796496342697729,"Grenada County, MS",Mississippi
2623,198,2.7788192719904172,2.5155064859202545,train,6029,865736,51.34902556899563,48.65097443100437,74.69748283541405,5.662349723241265,99.5374740049425,62.15863740860118,37.378836596341316,0.4625259950575122,8.74638539856487,86.47318544416845,4.780429157266688,35.86100637327797,42.438388832875255,21.700604793846782,53.835621507604635,30.76716325469337,15.397215237701998,23.464060827422685,49.19569220203312,23.989633333475304,11.137204285654528,3.0,20.169228112588502,78.83134385829804,25.782441278398146,7.864073931459378,17.68810165575664,49026.0,0.4589,20644.0,63.98421948202325,12.428910621660647,55.2349331966294,52.81561938739355,24.686008138156424,95.01997629723749,23.054171606164488,1.904773540875048,50.99660866592125,16.0,37.355729691268465,32.50644538288809,28.306088692164817,9.627761811914949,19.6401674413447,16.099999999999998,12.372873878798567,-3.7271261212014313,"Kern County, CA",California
2624,2789,2.7508258415684153,2.6511284661980445,train,49039,28261,52.52821910052723,47.47178089947277,89.79512402250452,0.8456884045150561,99.65959675307673,81.17308195862792,18.48651479444881,0.34040324692327834,7.802529295741965,82.90404919364195,9.29342151061608,33.021023765996354,50.24223034734918,16.73674588665448,38.147844201754936,41.329461523893706,20.52269427435137,16.081941129673826,17.090570719602972,20.076455730766607,11.558825819512574,6.0,20.92680047225501,76.68387259221956,33.92924587687271,5.539468714591464,7.918922321540978,50323.0,0.3926,16965.0,59.53337798615762,8.194262141383836,70.74169152848124,72.93748215815016,10.566849372094637,98.2871824150728,21.549989592728785,0.4852983157293748,9.504263826474649,15.555555555555555,38.951204840593036,33.82045929018789,25.579420402675066,12.586249601924912,9.359187572980431,15.655555555555557,14.170020015074739,-1.485535540480818,"Sanpete County, UT",Utah
2625,1553,2.8390784635086144,2.6656579326563596,train,29153,9537,50.73922617175213,49.26077382824788,96.49785047708923,0.16776764181608472,99.88907376594564,67.77592900721021,32.113144758735444,0.11092623405435388,14.90371933526774,82.30018464785017,2.796096016882089,16.18655692729767,56.09178201770795,27.721661054994392,60.724820901812045,26.36606264924849,12.909116448939464,24.31056427662283,45.5941794664511,29.2931005255128,21.286919831223628,6.0,47.16293597084852,56.177651783605,51.145759508622724,13.300259862981337,24.16725726435153,31399.0,0.4078,16959.0,45.70604431624493,12.01950659781985,53.122034541658756,57.42154368108567,28.16473714177264,99.36386768447836,25.507686468020488,0.0,1.5937925972528049,17.0,24.61990143651043,18.653664674425922,36.67820069204152,25.238544615707244,3.334381881094683,17.100000000000005,14.37740579965592,-2.7225942003440853,"Ozark County, MO",Missouri
2626,166,2.0640458562018624,2.359873505125333,train,5115,62830,49.47159000477479,50.52840999522521,91.03931243036766,3.1656851822377847,99.07148841105837,70.76235688355209,28.30913152750628,0.9285115889416364,13.494088156347745,81.17305175358814,5.33286009006411,28.818682947068936,48.90640744472764,22.274909608203426,50.54555580871372,28.58155489734437,20.872889293941927,19.953063533066565,35.76062748135954,21.909718476971197,16.048112175982506,5.0,26.82342740353847,76.37005961580923,32.956502539191874,5.648045926253038,12.320600574078162,39810.0,0.4392,20047.0,61.4818839065569,7.5924415443175635,66.77148581137628,63.287833827893174,16.694139426368782,98.11275964391693,20.211497983922094,0.0,7.829062549737388,7.777777777777778,30.89288556422091,32.30622314181123,30.897660353334395,13.986948909756483,5.795002387394557,7.877777777777777,10.589611836086288,2.7118340583085105,"Pope County, AR",Arkansas
2627,3085,1.5846897427449065,1.8769546801715908,train,55089,87273,49.07703413426833,50.922965865731676,94.5985585461712,1.3646832353648894,99.16923076923077,81.87692307692308,17.292307692307688,0.8307692307692307,12.870828413863196,85.08317018128558,2.0460014048512205,24.007490113329894,58.95110465197524,17.041405234694874,26.059883412824586,27.810347111817702,46.12976947535771,5.177509649153309,5.903693931398418,5.333396208620202,8.774620600581207,2.0,23.923310800838326,80.56046087485164,31.83278811915584,2.993370581593956,5.419332426251339,76433.0,0.4835,43543.0,69.26178290883121,4.416281817205456,87.80202134693494,70.22617463763042,9.06772456786625,97.41614732861844,6.184943798998772,0.11903928296337793,2.6239501334891657,4.777777777777779,29.68042808199558,23.191594192934808,37.69894469079785,16.762343451010047,4.0367582184639,4.877777777777779,6.533577701577738,1.6557999237999592,"Ozaukee County, WI",Wisconsin
2628,1906,2.6848194823870495,2.378651450973382,train,37045,97178,47.939862931939324,52.06013706806068,75.80933956245241,20.848340159295315,99.21111773609137,57.84983717836994,41.361280557721415,0.7888822639086364,15.003056027164686,81.23599320882853,3.760950764006791,29.388105054784326,46.33783460049678,24.27406034471889,52.23263004728992,31.7570025463805,16.01036740632957,20.086612769616323,43.823155641763094,20.574600065295463,16.754245599545758,5.0,24.75467088052904,70.38955490881905,38.629749285771496,5.839318612661202,19.79013697167116,39453.0,0.4608,20825.0,61.20498947200085,12.384871644130905,62.75270712240089,58.931802583140964,19.604819440443308,98.49628751481876,22.034874853840808,0.592749734822487,3.0840313651237934,14.555555555555555,29.32762559427031,25.865936734651875,34.97808145876638,16.682788285414393,3.3423202782522794,14.655555555555555,10.790341743090787,-3.865213812464768,"Cleveland County, NC",North Carolina
2629,998,2.2442495159810822,2.230527866458993,train,21023,8425,49.887240356083076,50.11275964391693,98.93175074183979,0.02373887240356083,97.45069745069745,71.90957190957191,25.541125541125545,2.5493025493025496,15.534750872738812,82.46588384639797,1.9993652808632176,24.411326378539496,51.68405365126677,23.90461997019375,60.46880507578428,25.519915403595338,14.011279520620375,18.52207293666027,36.23576691225721,18.928099641441786,16.000477270015512,2.0,25.716987078474627,69.51256433545261,34.8168331819558,8.507417499243113,18.104753254617016,36327.0,0.4332,21054.0,59.94922246905744,8.125992588671254,69.77567886658795,50.40983606557376,23.88823297914207,97.54098360655738,11.983471074380164,0.0,1.4362017804154303,9.333333333333334,31.252225519287826,24.213649851632052,36.15430267062315,14.955489614243325,1.0445103857566769,9.433333333333334,9.304776462759367,-0.12855687057396636,"Bracken County, KY",Kentucky
2630,1135,2.345005808877998,2.5267168003791927,train,22057,97474,49.12899850216468,50.87100149783532,79.5422369042001,13.352278556332973,98.89095067535494,58.542269019980154,40.34868165537479,1.109049324645061,11.679862687558828,84.99806212280605,3.3220751896351257,30.03170284042049,47.62357048427052,22.34472667530901,64.68576909985457,19.867252529628367,15.446978370517066,14.837665408910794,25.99500416319734,14.971989017790545,16.567324806490337,4.0,16.603824400754107,78.11586873454709,31.532366824005393,6.723420993481683,15.323668240053944,51030.0,0.4526,25303.0,63.099711376136796,6.772676275135927,66.6534933886611,61.793602137860574,14.632218544682114,96.16442662893972,21.87093480874047,0.4087086378998664,4.260623345712703,10.333333333333334,30.199848164638773,30.11982682561504,32.71128711246076,13.376900506801816,7.105484539466933,10.433333333333334,12.512358055725022,2.0790247223916882,"Lafourche Parish, LA",Louisiana
2631,215,2.902031908413565,2.8408021236352443,train,6063,18966,50.65907413265845,49.34092586734155,90.11916060318464,0.6538015395971739,98.84591391141608,70.46163443543355,28.38427947598253,1.154086088583905,17.832486648430375,75.8434284225609,6.324084929008727,22.130293558864988,49.567935282221,28.30177115891402,33.35867311679336,44.68555632342778,21.955770559778852,14.468795433740775,21.461538461538463,16.026799156880458,21.65727050313797,6.0,42.67463293713849,64.07447973713036,41.523670439333095,7.983448947304369,8.287696239503468,47333.0,0.4979,30842.0,53.752808988764045,15.145723841376016,63.371882905674006,61.681828267140006,24.53017708709794,99.31218105169737,18.86519696422118,0.06656312402928778,8.299061478435092,18.11111111111111,22.12907307813983,21.19582410629548,37.46177370030581,24.32774438468839,9.22703785721818,18.211111111111116,17.129500004852705,-1.0816111062584106,"Plumas County, CA",California
2632,2869,2.2082744135228043,2.10847894493112,train,51115,8880,46.20495495495496,53.79504504504504,86.32882882882883,10.25900900900901,100.0,70.23809523809523,29.761904761904763,0.0,13.736566547258198,85.29898043538167,0.9644530173601544,19.20673383497003,59.40568804999362,21.387578115036348,41.14621601763409,29.66936076414401,29.184423218221887,6.964326289479665,12.583767684288905,6.485539000876424,14.781417646387398,2.0,46.16331555190807,64.13557540725171,47.08355228586443,3.0740935365212816,8.171308460325802,63845.0,0.3973,32397.0,55.15243481859568,3.3766883441720865,81.98862439435432,76.61870503597122,6.404044659785128,95.88329336530776,14.451232357278284,0.0,1.3963963963963963,9.0,24.21171171171171,16.756756756756758,37.432432432432435,28.783783783783782,3.4121621621621623,9.1,8.235704792176072,-0.8642952078239272,"Mathews County, VA",Virginia
2633,1731,1.296248080435107,1.1960029537763985,train,31167,6081,49.942443677026795,50.05755632297321,97.18796250616673,0.5591185660253248,100.0,71.89582071471834,28.10417928528165,0.0,12.454710144927535,83.76358695652173,3.7817028985507246,21.059349074664965,61.11465645607318,17.825994469261857,43.08113489298157,38.576406172224985,18.34245893479343,11.554310202736113,16.10407876230661,11.967545638945234,12.708092961925173,5.0,24.04063205417607,81.36030994403788,28.196297890658634,2.9272492466637967,8.824795523030565,53416.0,0.4365,27463.0,71.55797101449275,2.6582278481012658,79.78421351504826,75.39149888143177,8.517887563884157,98.65771812080536,14.395229982964224,0.0,5.0156224305212955,3.5555555555555562,33.71156059858576,23.64742641012991,34.270679164611074,14.931754645617495,2.2529189278079267,3.6555555555555563,3.30687274835004,-0.34868280720551637,"Stanton County, NE",Nebraska
2634,1867,1.4637696732881809,2.2755532227230724,train,36091,223774,49.318508852681724,50.681491147318276,93.8402137871245,1.6114472637571835,99.49441358217341,75.69232049601564,23.80209308615776,0.5055864178266026,14.286381359295838,82.10408349092947,3.609535149774696,28.468237871606608,51.96960987407946,19.562152254313947,31.732988231694087,29.250551440119338,39.01646032818656,6.645824883448556,8.693068854407093,6.691332120753124,11.141151494257043,3.0,29.00455791657805,79.5731809032373,30.261006883820237,3.965703228389364,7.9236218458424625,71496.0,0.4076,35922.0,69.08456752866893,5.797162322225115,84.43981614478598,77.73645379777456,12.446136167767882,97.15771649733914,6.771760988221775,0.09373488147073053,2.816234236327724,4.2222222222222205,27.928624415705126,25.870297711083502,37.39755288818183,15.185410280014652,4.548338949118307,4.322222222222221,9.733302207321376,5.411079985099155,"Saratoga County, NY",New York
2635,222,2.589433484697249,2.3955285628946656,train,6077,708554,49.7350942906257,50.26490570937431,57.00214803670576,7.093743031582633,99.35820398105413,66.06711843181611,33.291085549238026,0.6417960189458589,8.793640337139728,86.14926374454653,5.0570959183137365,34.4302367928311,44.37704393377011,21.192719273398787,48.44182491703045,33.192181812339626,18.365993270629925,18.627826422461077,33.75735661018339,19.097725335924128,11.81653740862876,3.0,19.099982118329496,79.05903511614852,27.552003213540694,8.31823182226929,14.939768935469,53274.0,0.4492,22645.0,64.19533372970427,13.307910341998285,60.00264795445518,57.06617590675561,22.862722475459137,95.01188559159573,20.218077963344747,1.7266058328860263,40.105341300733606,13.222222222222221,35.969171015899995,30.208706746415945,30.27080504802739,11.3910866355987,35.904108931711626,13.322222222222221,10.973996974006415,-2.3482252482158064,"San Joaquin County, CA",California
2636,2669,2.1709566505156093,2.05307160751632,train,48307,8273,49.38958056327814,50.61041943672186,88.89157500302187,1.6439018493895805,93.24186991869921,69.66463414634147,23.577235772357724,6.758130081300813,13.623094388582555,84.56049302627311,1.81641258514434,20.54444277334937,51.58670476763423,27.86885245901639,53.5793232443462,30.828090460805985,15.592586294847814,18.804052384482333,37.026447462473186,19.408467040402087,17.088141419101394,6.0,28.75277689622342,77.58346581875993,37.93322734499205,4.992050874403815,17.96502384737679,40561.0,0.4371,22194.0,61.56710377205763,3.996844596371286,60.74725274725274,64.96619545175169,14.131868131868133,99.87707437000614,29.97802197802197,0.0,30.82315967605464,8.666666666666666,29.300132962649585,20.717998307748093,34.78786413634715,20.66964825335429,9.464523147588539,8.766666666666667,7.7917977314694005,-0.974868935197267,"McCulloch County, TX",Texas
2637,546,1.8786165133213217,2.114551688436607,train,16003,3880,52.80927835051546,47.19072164948454,96.46907216494844,0.0,100.0,61.46540027137042,38.53459972862958,0.0,15.234375,81.4453125,3.3203125,17.266625991458206,52.83709579011593,29.89627821842587,46.88581314878893,31.62629757785467,21.487889273356398,12.863825363825365,19.101123595505616,13.772893772893774,21.30977130977131,6.0,52.39005736137668,69.72361809045226,48.36683417085428,6.281407035175879,11.683417085427134,39565.0,0.4302,21219.0,51.73857050869285,10.329807093963908,58.87465690759378,66.08695652173913,21.454711802378775,99.34782608695652,26.85269899359561,0.10869565217391304,3.09278350515464,6.4444444444444455,26.417525773195873,17.91237113402062,39.25257731958763,23.711340206185564,3.5309278350515467,6.544444444444445,8.28587028187404,1.7414258374295946,"Adams County, ID",Idaho
2638,1236,2.118929313186954,2.0628133613579163,train,26023,43706,51.56957854756784,48.43042145243216,94.67807623667231,2.3772479751063926,98.39253056117045,68.15862931947252,30.233901241697954,1.6074694388295314,13.396171600116208,83.03043997546725,3.5733884244165406,26.056217572267517,49.65505445008267,24.288727977649806,52.782247251273795,33.72217752748726,13.495575221238935,17.729378380344887,38.50392616062818,16.93421348736029,14.352375225496091,5.0,27.944045867979465,73.41780052427913,35.00811384346523,6.47859193608788,15.82823617525902,44373.0,0.4221,21263.0,62.41421332820217,6.6796834857671366,69.39184491431844,68.59307680879513,19.316183387182527,98.55890655177537,15.500388532166376,0.4308423711187045,4.2579966137372445,8.222222222222221,30.20409097149133,25.481627236535033,34.39344712396467,16.345581842309986,2.944675788221297,8.322222222222221,7.868074438171246,-0.4541477840509751,"Branch County, MI",Michigan
2639,1073,2.5977391802845275,2.665561187278775,train,21173,27167,49.2067581992859,50.793241800714114,94.36448632532115,2.9778775720543305,99.87573780677229,60.919540229885065,38.95619757688723,0.12426219322771047,13.44149459193707,81.89773844641101,4.660766961651917,24.73078861751363,45.41080511387069,29.85840626861568,56.69885007593839,26.209589932740286,17.09155999132133,25.974607916355485,55.29126213592232,29.78858889454916,20.762458967472398,5.0,24.726551156712805,68.22794691647151,36.865729898516776,10.694769711163152,22.501951600312253,39275.0,0.4719,20850.0,59.60235640648012,10.048595667572688,61.251054598047475,64.03601694915254,21.049777027841387,96.58368644067795,22.06219115342895,0.0,2.528803327566533,13.333333333333336,30.124783744984725,27.98247874259211,33.79835830235212,14.318842713586335,2.657636102624508,13.433333333333332,14.376014919384847,0.9426815860515152,"Montgomery County, KY",Kentucky
2640,1834,2.132192107065365,2.3270418254286547,train,36025,46901,50.137523720176546,49.86247627982347,95.08752478625188,1.9679750964798195,99.41369606003752,62.371013133208244,37.04268292682927,0.5863039399624765,17.98817887810862,77.9664324746292,4.0453886472621825,30.07817378056395,45.79534953420415,24.1264766852319,51.697591194779406,28.13580729558236,20.16660150963823,15.273846430336526,35.898277276456106,14.582542694497151,16.624250528404435,6.0,28.749183113318523,68.26913093136747,44.019312636278684,7.605648426954625,15.761603156473885,43720.0,0.4369,23835.0,56.69649949690198,9.270502521950307,69.19164977417405,69.20286099305484,22.682172196735305,98.63169897377425,13.026779046196525,0.21768425417228154,3.5393701626830985,8.333333333333334,26.438668685102662,25.05063857913477,35.26364043410588,21.266071085904354,2.944500117268288,8.433333333333334,10.247582513533185,1.8142491801998517,"Delaware County, NY",New York
2641,2776,2.943854012785326,2.6763102727907375,train,49013,19817,50.719079578139976,49.280920421860024,91.01781298884796,0.17156986425796034,99.66902361967806,81.81134346321649,17.857680156461562,0.33097638032194976,9.267376330619912,88.11051972448341,2.6221039448966814,21.55595026642984,62.507992895204275,15.936056838365893,48.31669170274808,36.72351329857736,14.95979499867456,10.407752976957577,15.194284718592089,9.853105403315867,9.374196534169792,6.0,21.24827902707664,80.3057826218589,25.794732061762037,4.268846503178929,9.158340902210114,61133.0,0.3857,23576.0,63.55958711291836,4.945866141732283,73.28978068128792,64.8818137964303,8.007466168922072,98.0704293294742,20.783947736817545,0.0,7.639905131957411,18.88888888888889,41.50476863299187,30.019680072664887,25.145077458747537,10.808901448251502,8.810617146894081,18.988888888888894,14.531377439666482,-4.457511449222412,"Duchesne County, UT",Utah
2642,3044,2.0208114572284313,2.1083850800591124,train,55009,254717,49.59739632611879,50.40260367388121,86.450452855522,2.3598738992686,98.63390615949024,68.44146231576237,30.19244384372787,1.366093840509751,15.429857172919512,80.4250818814109,4.145060945669593,32.13432924182026,49.94819828709004,17.91747247108971,40.70545813722399,31.351711580914067,27.94283028186194,11.730382212287967,18.65776528460998,11.640081554329575,11.182351187518632,3.0,24.617320410964602,79.81915739268679,27.63910969793323,4.419713831478537,13.167726550079491,53527.0,0.4348,27876.0,71.7033953812673,5.801275912365742,76.75855874092255,59.423027663934434,15.088813542167456,97.87717725409836,11.429999240909893,0.6019467213114754,7.903673488616778,7.444444444444445,31.20247176277987,29.66233113612362,33.24395309304052,12.629702768170164,11.189673245209386,7.544444444444446,8.234931785079537,0.6904873406350909,"Brown County, WI",Wisconsin
2643,1015,3.0649473425754636,2.484931646802117,train,21057,6807,48.67048626413985,51.32951373586015,94.84354341119436,2.9675334214778903,99.46344735077128,52.04560697518444,47.41784037558686,0.5365526492287056,14.512732146276086,79.4371051120046,6.050162741719317,23.087945548988,48.95217624932832,27.95987820168368,62.024257632789634,24.571309075700544,13.404433291509829,25.104477611940304,46.176762661370404,30.34156070805285,16.684030361660962,6.0,28.66817155756208,62.34050309879694,42.32592052497266,10.90047393364929,22.78527160043748,32019.0,0.4716,17571.0,51.66411629686305,10.181414291003332,53.35858585858586,52.760252365930604,24.09090909090909,99.76340694006308,26.994949494949488,0.0,0.16159835463493466,21.33333333333333,28.36785661818716,22.109593065961512,36.1392684001763,19.84721610107243,2.1889231673277507,21.433333333333326,12.000299967918538,-9.433033365414788,"Cumberland County, KY",Kentucky
2644,2283,2.48398029492787,2.2361706480775787,train,42091,812970,48.573502097248365,51.426497902751635,80.69633565814237,8.86957698316051,99.43179604761559,78.61082203139871,20.82097401621691,0.5682039523843975,13.324193556293785,83.21358482426628,3.4622216194399464,30.035434497294684,52.07277527132121,17.89179023138411,31.061900947921533,22.063071547391683,46.875027504686784,6.602871296373405,8.05025649732588,6.7885761963531435,9.612123304118144,2.0,21.70238607322689,81.5083628728623,30.29751219923143,3.0240485247516413,6.356561015598168,80675.0,0.4653,42275.0,71.11968750655465,6.162543784823681,86.41758649625612,73.40723124672499,8.107410276271624,96.41259220444194,8.062023947844049,0.5336772945302108,4.62218778060691,11.888888888888893,28.599087297194238,26.403434321069657,35.38494655399338,16.031833893009587,10.434087358697123,11.988888888888894,9.357429699997262,-2.6314591888916326,"Montgomery County, PA",Pennsylvania
2645,1581,1.8786165133213217,1.990358946911044,train,29211,6512,50.69103194103193,49.30896805896807,93.84213759213759,0.8753071253071253,97.75577557755777,59.14191419141915,38.613861386138616,2.2442244224422443,16.013005486689696,78.64255232676285,5.344442186547449,21.603053435114504,47.32824427480916,31.068702290076327,63.294538943598916,23.836168307967768,12.869292748433304,16.581116814434594,24.95755517826825,18.44683393070489,16.46785437645236,6.0,25.01004419445561,74.44267515923569,39.968152866242036,5.294585987261146,14.09235668789809,40197.0,0.4078,19930.0,59.82992508604981,5.786802030456853,67.01140281092546,59.58904109589043,15.194908512330944,96.31849315068493,20.81675948024397,1.797945205479452,18.273955773955773,6.4444444444444455,29.3918918918919,25.276412776412773,33.12346437346437,18.32002457002457,5.2825552825552835,6.544444444444445,7.318160121889816,0.7737156774453711,"Sullivan County, MO",Missouri
2646,1278,1.928295602354331,1.9731436070211197,train,26107,43301,50.30830696750653,49.691693032493475,93.0163275674927,2.7482044294589043,99.2329234140996,68.87860708632655,30.354316327773045,0.7670765859004017,13.815646110263677,73.2746007533543,12.909753136382033,38.31778258133362,42.950173748871315,18.73204366979505,45.079520985229124,32.22016546409278,22.7003135506781,23.13333003022345,45.45129579982128,26.71725710690835,15.373900123046921,5.0,30.206518323859573,69.38234914071586,37.718051427833046,6.2023517250290725,17.954516087349788,41889.0,0.4394,20405.0,57.20158693652254,11.91134341860582,70.1017582970767,78.04388355083896,18.84506130667721,98.62326115015058,15.073172485707095,0.2868205937186289,2.027666797533544,6.777777777777778,29.440428627514372,34.41952841735757,30.061661393501307,16.36913697143253,4.235468003048429,6.877777777777777,7.1932537457210906,0.31547596794331323,"Mecosta County, MI",Michigan
2647,626,2.334299068483573,1.9376488814768484,train,17075,29053,48.848655904725845,51.151344095274155,94.71999449282343,1.3561422228341309,99.61656441717793,68.78834355828221,30.828220858895698,0.3834355828220859,14.595231619980053,82.20922853775724,3.1955398422627144,23.78025678804462,53.86234476952221,22.357398442433173,52.38728096081906,32.32919866115377,15.283520378027172,16.59714676294297,36.720407297411974,15.744234800838575,13.24311092460484,6.0,29.194093577655224,74.24127145151745,36.731760926536474,5.063826189872348,12.866683574266634,47834.0,0.4339,25565.0,65.19749954701939,7.336899881887027,71.76428054953,74.17883211678831,18.944323933477946,97.64598540145985,13.177874186550975,0.3102189781021898,6.250645372250714,10.222222222222221,29.07100815750525,22.634495577048842,34.784703817161734,19.99793480879772,3.9238632843424086,10.32222222222222,6.94240934041468,-3.3798128818075392,"Iroquois County, IL",Illinois
2648,2180,2.5555031730094866,2.6827099254488473,train,40111,39446,49.6983217563251,50.3016782436749,66.05739491963696,8.211225472798256,98.24671258609894,55.614694218326036,42.63201836777291,1.7532874139010644,16.169539219134723,79.57087583538517,4.2595849454801264,26.50479883048369,43.93313417657153,29.562066992944764,50.10782501540356,34.66959334565619,15.222581638940232,20.786620591416284,43.73653431825177,21.410054821299557,19.664441638102108,3.0,31.96984924623116,68.49287711356676,36.34669151910531,8.933564105977899,21.288776461190256,38843.0,0.4411,20313.0,56.48690292758089,9.929078014184398,59.253303198887345,63.046635468775214,19.484527121001392,98.531547522995,25.686717663421426,0.09682104243989027,3.68351670638341,12.777777777777779,31.44045023576535,26.560360999847887,32.52294275718704,16.58976829082797,25.73137960756477,12.877777777777776,14.624671414031104,1.7468936362533274,"Okmulgee County, OK",Oklahoma
2649,342,2.511404317020102,2.5495478089662598,train,12059,19635,53.48102877514642,46.51897122485358,89.05016552075375,6.9875222816399285,99.05636317266004,67.76332568222392,31.29303749043612,0.9436368273399643,14.0392839022976,82.56867434949626,3.392041748206132,25.708539038215395,44.65167306637411,29.639787895410496,61.08470181503889,27.62172284644195,11.293575338519158,27.810550198525238,67.57469244288224,32.19787580135872,22.519471723670843,6.0,33.19892473118279,61.599297012302294,45.796719390744,7.659636789689514,21.48506151142355,35020.0,0.4505,16468.0,52.06989052417894,15.316067947646895,49.44191012326507,51.17478510028654,23.012714743278657,98.08022922636104,30.651266621372407,0.7163323782234957,2.6992615227909345,12.222222222222221,26.22867328749681,26.39164756811815,34.75426534250064,18.57906799083269,3.962312197606315,12.322222222222221,12.801313834344349,0.4790916121221276,"Holmes County, FL",Florida
2650,595,1.6072132174119893,1.633092829418039,train,17013,4999,50.570114022804574,49.429885977195426,98.09961992398479,0.1200240048009602,91.36276391554705,76.87140115163147,14.491362763915546,8.637236084452974,13.4410002604845,85.23052878353738,1.3284709559781192,20.27938342967245,64.35452793834297,15.366088631984587,52.066574202496525,32.28848821081831,15.64493758668516,12.583056478405313,20.659062103929024,12.949429991230636,16.1211628379752,2.0,32.465233881163094,69.99515269025692,39.60252060106641,3.7324285021812886,13.28162869607368,53869.0,0.4075,26407.0,60.12380706732009,5.233805233805233,73.2932437212593,74.47619047619047,23.487796250442162,99.14285714285714,8.241952599929252,0.0,0.3000600120024005,4.888888888888889,26.565313062612525,21.844368873774748,35.16703340668134,22.14442888577716,1.7803560712142432,4.988888888888889,5.119684568394019,0.13079567950513038,"Calhoun County, IL",Illinois
2651,1676,0.9339123332239747,1.3327290607351696,train,31057,2015,51.86104218362283,48.13895781637717,98.5111662531017,0.09925558312655086,99.33333333333331,76.0,23.33333333333333,0.6666666666666667,17.41424802110818,81.53034300791556,1.0554089709762533,17.600487210718637,60.292326431181486,22.10718635809988,39.15492957746479,41.197183098591545,19.64788732394366,7.6455696202531644,12.158808933002481,7.178043631245602,11.279716742539199,6.0,33.44010249839846,76.77777777777777,34.66666666666667,5.1111111111111125,9.666666666666666,42500.0,0.4633,28870.0,63.427445830597506,3.7267080745341614,70.0,70.2179176755448,7.027027027027027,100.0,23.603603603603602,0.0,9.925558312655088,2.4444444444444446,28.33746898263028,18.36228287841191,37.121588089330025,21.98511166253102,1.3895781637717124,2.5444444444444447,3.791376177608537,1.2469317331640921,"Dundy County, NE",Nebraska
2652,1759,2.714694743820879,2.412242420594505,train,33003,47513,49.90634142234757,50.09365857765243,97.39650200997622,0.35990150064192955,98.45151775838758,73.09819343738478,25.353324321002827,1.5484822416123878,14.872969703209865,82.13338824680172,2.993642049988417,21.03854389721627,57.11748102005061,21.84397508273311,38.26096533494865,29.615352845618,32.12368181943335,9.545909352181038,12.640449438202248,10.1331674630326,15.652801664649555,6.0,39.46606380816908,71.90889370932754,40.14429878336321,6.84711873997925,8.030746015278693,53306.0,0.4558,32612.0,61.15503080082135,5.535969109376311,69.17781483978567,80.50839595509788,12.831340264717364,97.04981909268021,21.67417763741528,0.23193246126727896,1.3533138298991856,15.0,22.570664870666967,19.089512343990066,40.36368993749079,23.420958474522767,2.2435964893818534,15.100000000000003,11.158956183055535,-3.941043816944468,"Carroll County, NH",New Hampshire
2653,3109,1.8082887711792655,2.0754463663669807,train,55137,24321,52.559516467250525,47.44048353274948,94.42868303112536,1.8379178487726653,98.15698178664354,76.14917606244579,22.007805724197745,1.8430182133564608,15.371320550904672,81.8147448015123,2.8139346475830407,22.75338331223834,54.07944698666147,23.167169701100182,55.54147147974648,29.86497657756958,14.593551942683936,10.343033089032481,14.689409368635435,10.796608145228712,15.581164487030088,6.0,37.241064175467095,67.95334915883993,43.9467437300031,4.964392610176488,13.499845185261636,45166.0,0.4251,23977.0,59.29160601649684,7.037643207855973,70.13415273926404,66.1736457933154,20.722476204751555,98.30964271993851,14.374578430637785,0.4417979254706109,6.2250729821964566,6.0,24.452119567451998,21.31902471115497,37.90962542658608,21.77542041856832,3.7333991201019696,6.1,7.968102358260208,1.8681023582602085,"Waushara County, WI",Wisconsin
2654,743,2.4069451083182885,2.306846944153336,train,18105,142404,49.73877138282632,50.26122861717367,86.84657734333305,2.928288531221033,98.64627285513365,68.54342475386778,30.10284810126582,1.3537271448663857,17.02492078444806,62.56268257638472,20.412396639167213,48.880808998977386,34.27289106757349,16.846299933449117,29.95492092273597,25.067996373526746,44.97708270373728,24.828898529388727,22.93754818812645,35.38420031604507,10.331714695674917,4.0,17.77037601158246,81.68374411520354,23.27333148712268,3.0665558940275086,9.055663251176961,42404.0,0.5111,24266.0,62.553747576089705,6.6689129995282705,79.94008504058755,69.10112359550563,8.550444530344029,96.37805684071381,13.794936219559336,0.5551883674818242,3.24639757310188,11.0,26.744333024353253,48.02322968455943,24.941012892896264,10.96879301143226,10.225134125445916,11.1,10.042709457623006,-1.0572905423769932,"Monroe County, IN",Indiana
2655,1114,2.2204104848050292,2.201445601160655,train,22015,123403,49.367519428214884,50.632480571785145,72.2267692033419,21.325251412040227,99.60506036475726,61.2477523760596,38.357307988697656,0.39493963524274334,15.53838606818739,80.21829776796665,4.243316163845964,29.65333828122584,46.535959839605816,23.810701879168334,41.068645177380134,33.277635762828105,25.65371905979176,14.303309856826374,24.815142260086798,14.124516088087836,12.528571790049007,3.0,41.403496882624026,80.09973474801059,28.01273209549072,4.882758620689655,11.39522546419098,52892.0,0.44299999999999995,27572.0,67.84107688609595,5.598299250860498,71.49267084164889,72.02882784878977,13.902690798981487,97.29398966548814,19.185190282843575,0.4623334239869459,6.353168075330423,9.111111111111107,31.54380363524388,31.616735411618837,30.638639255123454,12.432436812719299,6.447979384617879,9.211111111111105,9.038069504037873,-0.17304160707323213,"Bossier Parish, LA",Louisiana
2656,2362,1.7127964254212538,1.5075738850485865,train,46015,5330,49.17448405253282,50.825515947467174,86.15384615384615,0.0,99.1011235955056,73.48314606741573,25.617977528089884,0.8988764044943821,12.708941363756963,84.87662509949588,2.4144335367471474,26.419110690633868,56.29139072847682,17.289498580889312,45.24010109519797,30.44088739118225,24.31901151361977,15.356169715842741,26.6796494644596,15.502709211318484,15.587668593448939,6.0,24.53306410903584,79.05176584421868,32.84954039671021,3.4349298500241896,11.611030478955009,49531.0,0.4064,22591.0,67.67833981841764,2.6063625910310457,76.16822429906544,67.86961583236321,11.248331108144193,98.60302677532013,15.987983978638187,0.0,0.41275797373358347,5.4444444444444455,32.570356472795496,23.470919324577867,33.508442776735464,17.354596622889304,13.846153846153845,5.544444444444445,4.515761736531041,-1.0286827079134042,"Brule County, SD",South Dakota
2657,3045,1.8082887711792655,1.4133340502917335,train,55011,13319,50.70200465500413,49.29799534499587,97.49230422704409,0.4730084841204295,99.54529555788736,75.62084644980763,23.92444910807975,0.4547044421126268,16.631191950464398,80.79527863777089,2.5735294117647056,23.559399180700954,57.35093309057806,19.089667728720986,51.23281922148778,30.783758262511807,17.98342251600042,11.367942402425161,14.949083503054988,12.26190476190476,10.784461910519953,6.0,29.168260038240923,75.22093224744411,35.990296309131864,4.69589325940045,11.523132905908856,50196.0,0.4163,26170.0,68.59153571772872,3.612087139845397,76.35713373355473,68.94654088050315,15.966279218290968,97.40566037735849,10.972027078809552,0.1179245283018868,1.9821307905998948,6.0,27.55462121780915,22.351527892484427,36.71446805315714,19.468428560702762,2.0346872888354977,6.1,4.109634315799761,-1.9903656842002384,"Buffalo County, WI",Wisconsin
2658,2668,1.2006339030604214,1.7364759877542901,train,48305,5764,50.34698126301179,49.6530187369882,84.941013185288,1.2317834836918806,100.0,59.2401802962009,40.7598197037991,0.0,12.494016275730017,84.60986117759694,2.8961225466730496,25.36945812807882,50.985221674876854,23.64532019704433,54.49482895783611,29.03739061256961,16.467780429594274,19.315403422982886,46.81861348528015,17.185309784132322,18.315018315018314,3.0,19.5915459510805,77.92504570383912,35.46617915904936,6.901279707495428,19.012797074954296,39526.0,0.4744,23341.0,63.08612440191388,9.708001516875235,56.74019607843137,51.855895196506545,12.346813725490195,99.235807860262,33.57843137254902,0.0,47.29354614850798,3.2222222222222223,35.28799444829979,25.15614156835531,32.00902151283831,15.89174184594032,13.827203331020124,3.3222222222222224,5.677301249855109,2.3550790276328866,"Lynn County, TX",Texas
2659,1909,2.2902875651836396,2.263786396825017,train,37051,324603,48.75802133683299,51.24197866316701,51.90987144296264,36.21777987264443,99.14792254272238,56.35325069327581,42.794671849446566,0.8520774572776184,15.740418421693876,79.41614160893933,4.8434399693667975,32.366658623131364,43.09488866296664,24.538452713902,36.013090923693156,40.65314071739065,23.333768358916178,17.512006858330224,33.647783606872984,17.290673234978293,15.095146965674315,3.0,59.64972094435234,79.01062433241195,24.475917908074656,5.613039472289491,17.344650734244922,44171.0,0.4379,22931.0,63.1678328922709,12.171722066091675,67.58101955182572,67.82202111613877,21.604655834300512,97.69834087481146,18.73493438085885,0.5429864253393665,10.701687907998387,9.777777777777779,32.83949932687005,35.163877105263964,28.309350190848516,10.454924939079431,11.872348684392936,9.877777777777778,9.619443327364886,-0.2583344504128924,"Cumberland County, NC",North Carolina
2660,1223,2.8127438277723327,2.825261526465015,train,25025,758919,48.32755537811018,51.67244462188982,55.53807455077551,22.393167123237127,99.62865412002512,49.14858429168645,50.48006982833867,0.3713458799748863,18.54820341509877,65.1174026475988,16.33439393730243,54.109125341007044,26.662472029325446,19.2284026296675,39.315883332942256,19.004348812289308,41.679767854768436,20.733020311027463,40.18814736410079,23.416815478386635,12.329783809810092,1.0,10.539910931677614,78.85914410527451,20.723222953295227,8.306479883507713,20.154918563261784,55044.0,0.5327,34420.0,70.16540055026128,8.458529238906847,70.87558606646573,48.59199715092468,25.72790285037645,93.65699168171759,6.413992555895339,0.9857291852153341,21.33758675168233,16.555555555555557,24.257529459665648,44.15438274703888,27.752237063507444,10.802865654964497,22.068758325987357,16.655555555555555,16.865355146089694,0.2097995905341392,"Suffolk County, MA",Massachusetts
2661,1824,2.5203810379816605,2.4223730754469335,train,36005,1428357,47.07835646130484,52.92164353869517,20.993981196577607,33.28145554647753,99.62804045198051,38.226293787337376,61.401746664643156,0.37195954801948095,14.249247283675873,80.56546043183741,5.185292284486716,48.812191482648146,25.01430611338999,26.173502403961848,56.73344273392754,24.340552357567912,18.92600490850453,30.703377002375426,73.88717859355637,36.249752778766656,13.574583721821703,1.0,8.77789208757241,72.88586147303991,24.37049135701647,13.002833562245565,37.97509599877913,34299.0,0.5015,18456.0,62.59642168158835,13.591843510499961,46.19025805466484,39.353250230405436,38.86493672136743,93.55201108637009,19.64848697151788,2.192383502297328,54.62639942255333,12.333333333333336,33.05938221327021,33.21592571044914,29.985150771130748,11.061310302676432,45.724563256944855,12.433333333333337,11.272578278020399,-1.1607550553129382,"Bronx County, NY",New York
2662,1818,3.0171675542740557,2.917060638813841,train,35055,32943,48.790334820751,51.20966517924901,70.61894787967094,0.5312205931457366,99.77900552486187,50.81294396211523,48.966061562746646,0.2209944751381216,17.510970821464316,77.61952421279544,4.869504965740242,31.37772633558795,40.648171591854464,27.974102072557606,37.938254372280156,33.418178832416466,28.643566795303393,24.165113507898198,63.39193381592554,26.045246277205038,19.62185772320474,5.0,35.550372432473104,70.93920145190562,39.06533575317604,6.185722928009678,19.010889292196005,36582.0,0.4799,22358.0,60.46053628238146,10.567526935605114,51.4018691588785,48.087351604865894,26.34186200909045,98.40246226000292,26.14779633318013,0.4690019053202403,56.1818899310931,20.33333333333333,24.475609385909,21.48256078681359,38.21752724402757,21.042406581064263,28.84983152718332,20.433333333333326,18.486867937543288,-1.9464653957900389,"Taos County, NM",New Mexico
2663,2298,2.5555031730094866,2.4576010518817,train,42121,53906,49.12996697955701,50.870033020443,96.82039105108892,0.8885838311134197,99.07972665148064,64.10933940774487,34.970387243735765,0.9202733485193624,14.92634003551034,82.60473151302845,2.4689284514612027,25.377320689194608,52.18823738925247,22.43444192155292,60.62661165549253,23.620422898401237,15.752965446106241,15.405185002560264,34.97667381162527,14.584867075664619,17.363489256011743,5.0,35.694090707292574,69.72750689140946,40.93723168692666,7.090243571783633,16.046816394776087,43644.0,0.42,23380.0,59.365884891745125,7.621634576975312,70.8675172349253,65.1503164556962,21.973359952584467,98.81329113924049,13.008079358642421,0.17800632911392406,1.042555559677958,12.777777777777779,26.66493525767076,23.064222906541012,37.008867287500465,19.34107520498646,2.2910251177976475,12.877777777777776,11.676765957760392,-1.201011820017385,"Venango County, PA",Pennsylvania
2664,587,2.366081404553173,2.265982076735207,train,16085,9720,52.047325102880656,47.952674897119344,98.29218106995884,0.0411522633744856,99.21480650588896,85.97868760515983,13.236118900729108,0.7851934941110488,12.667698658410735,80.75335397316822,6.578947368421053,24.15423790469261,46.63514005092761,29.210622044379768,35.18161805173363,35.016510731975785,29.801871216290582,14.968684759916492,17.529880478087648,17.62048192771084,19.14496212514268,6.0,37.62301286903861,68.19322459222083,41.40526976160603,5.677540777917187,7.841907151819322,48384.0,0.3986,23962.0,56.64415849152758,5.802968960863698,62.256479756056244,62.74409044193217,16.669490089784855,100.0,27.12180247331865,0.0,1.3683127572016462,10.555555555555557,24.804526748971192,19.269547325102888,41.93415637860082,20.339506172839503,1.6666666666666667,10.655555555555555,9.640587750523773,-1.014967805031782,"Valley County, ID",Idaho
2665,1536,2.2082744135228043,2.4222902464799816,train,29119,22763,50.806132759302386,49.19386724069764,89.43900188903045,1.5419760137064535,100.0,63.92247805201258,36.07752194798741,0.0,13.214393710311462,81.95343211369824,4.832174175990324,24.542700033666247,49.78678038379531,25.670519582538446,56.59867621234634,30.960421450763203,12.44090233689045,21.68363943611865,43.721156181685686,22.79531643693493,17.50575119447885,3.0,32.609475951184486,72.34912238518875,33.12094253426305,5.6744409713873525,19.740322192834817,38368.0,0.4312,18498.0,61.75529667411118,8.366728570032254,56.34809520300641,50.70093457943925,16.43946650946872,97.59679572763685,30.594650357379702,0.9012016021361816,11.347361947019285,9.0,33.690638316566364,26.472784782322194,33.387514826692446,13.587839915652593,9.019022097263102,9.1,11.271644620674218,2.1716446206742184,"McDonald County, MO",Missouri
2666,2876,2.0354316006833932,2.083536088155981,train,51133,12304,48.25260078023408,51.74739921976593,70.46488946684005,28.69798439531859,99.08116385911178,55.48749361919346,43.593670239918325,0.9188361408882084,15.824069598840019,83.52827452875783,0.6476558724021266,20.007444630560208,59.985110738879605,20.007444630560208,42.98417950573881,31.65132871471409,25.36449177954709,11.004395246622172,19.37269372693727,11.14095401804899,15.230819245773732,6.0,44.398260028999516,63.26565432520047,50.691008360348064,4.436103054086334,9.776488653813342,51885.0,0.4325,31280.0,52.26679555340744,8.322544849269466,77.23072020395156,80.04423691324652,10.133843212237094,97.12460063897764,15.280433397068196,0.39321700663553694,0.4551365409622887,7.555555555555554,20.4242522756827,17.44148244473342,33.566319895968796,33.07054616384915,0.8371261378413524,7.655555555555553,8.032823524674768,0.3772679691192149,"Northumberland County, VA",Virginia
2667,824,1.3552622518721622,1.6146632704610353,train,19083,17393,49.61191283849825,50.38808716150175,95.77991145863277,1.0234002184786983,99.1696650982563,80.1549958483255,19.014669249930805,0.8303349017437033,18.01223004876539,78.75996594163634,3.227804009598266,24.569085348901854,53.801779260494854,21.62913539060328,44.11764705882353,37.647058823529406,18.23529411764705,8.807850739035619,12.566929133858268,8.881218957824732,12.43397234257226,6.0,28.991041268908795,73.08188727950666,37.028538649074996,3.685644629284383,9.135235909938332,51019.0,0.4078,26256.0,64.7627682079178,4.619692020531963,80.52872394509406,71.30255807115554,12.313167259786475,97.00088209350193,10.28978139298424,0.8232872684504557,3.938366009314092,3.7777777777777777,29.07491519576841,23.118495946645197,33.96768815040532,21.22118093485885,3.1966883228885186,3.877777777777778,5.026195170102339,1.1484173923245606,"Hardin County, IA",Iowa
2668,730,2.4932054526026954,2.3499066879426866,train,18079,28113,50.275673176110686,49.724326823889314,97.27172482481414,1.4263863692953438,98.56548558313013,63.46291780232392,35.1025677808062,1.4345144168698896,13.255041632574482,83.05337632959522,3.691582037830293,24.25170974331645,50.54178879118927,25.20650146549427,63.565352308597724,26.039270237012467,10.395377454389813,15.852953921710244,29.01023890784983,15.864211226980258,16.066621199612328,5.0,30.740845869997163,74.63938908268125,35.74054869425851,7.41020081078533,15.659470161214292,44736.0,0.4063,21434.0,63.82612026043661,9.3009300930093,69.47020258697064,61.81450593884257,18.215108381076135,98.9638615112459,16.791683893449886,0.6570634318928481,2.258741507487639,12.0,32.198626969729304,26.0128766051293,34.78106214206951,14.395475402838542,1.3018888058905131,12.1,10.484591340292699,-1.6154086597073007,"Jennings County, IN",Indiana
2669,75,2.1959892467282267,2.0958401786617484,train,2100,2560,54.17968749999999,45.8203125,80.546875,0.0390625,100.0,81.62291169451073,18.377088305489266,0.0,16.554379210779594,74.15784408084697,9.287776708373435,26.871055004508573,50.49594229035166,22.63300270513977,32.31644260599793,32.057911065149945,35.62564632885212,5.2858261550509,4.488778054862842,5.797819623389495,12.764291307752545,6.0,32.64829518916394,81.4625850340136,26.955782312925173,5.187074829931973,10.289115646258505,58750.0,0.4124,33902.0,69.64871194379391,3.093476798924008,58.7857559836544,64.69194312796208,7.530647985989491,87.91469194312796,34.61762988908348,3.7914691943127967,1.5234375,8.888888888888891,22.5390625,26.1328125,40.9765625,16.5234375,19.4140625,8.988888888888889,8.132270661011578,-0.8566182278773109,"Haines Borough, AK",Alaska
2670,1380,1.7326383462202575,1.5872102387795486,train,27145,152595,50.33192437497952,49.66807562502048,91.04164618762087,3.7465185622071497,99.49165685401647,72.32258249806141,27.169074355955075,0.5083431459835147,13.090330777175552,77.8034713780402,9.10619784478425,36.582481491681385,48.3370862965543,15.080432211764323,38.409056989958,35.64590751124662,25.94503549879539,13.470539647577093,15.497007589688721,15.589607624137535,10.528887744253158,4.0,26.7061103743752,81.8004016414913,26.431502663057714,3.850519514537676,9.354754212869992,56336.0,0.4248,27135.0,73.89543762118015,4.890055030533818,79.89339347035006,75.31435786815383,15.870022038849877,97.88498974062188,8.114397006816668,0.09470195191245333,3.0426947147678494,5.5555555555555545,31.463678364297657,33.896261345391395,30.24017824961499,12.975523444411678,5.211835250172023,5.655555555555554,4.890087704368135,-0.7654678511874193,"Stearns County, MN",Minnesota
2671,1873,2.0354316006833932,2.219139855622978,train,36103,1501373,49.23559968109191,50.7644003189081,80.94863834636695,7.662319756649412,99.42000466832718,75.76458630643727,23.65541836188991,0.5799953316728271,9.305799244407341,86.37731170319641,4.316889052396247,32.36781849223719,48.38499431850162,19.24718718926119,39.347683705289505,26.640957212821487,34.01135908188901,7.017397225087558,9.58154253367577,6.962780822910013,9.341775473608779,2.0,19.21194235615966,80.57543905120797,32.97951398099419,3.9202266279773776,7.2714534199725,88663.0,0.4307,37634.0,67.71676895539885,6.231547652784148,79.1179902783081,69.63284753363229,11.992410559147446,96.07576606875936,12.043035433121538,0.6502242152466368,17.810097823791953,7.555555555555554,29.64379937563817,26.424745882602124,36.13412523070549,14.779471856760445,11.389041896983626,7.655555555555553,9.199414637048507,1.543859081492954,"Suffolk County, NY",New York
2672,971,0.5690945318899665,0.985170005859896,train,20179,2531,52.19280916633743,47.807190833662574,97.90596602133543,0.07902015013828526,100.0,80.43844856661045,19.561551433389546,0.0,19.22472498690414,79.93713986380304,0.8381351492928235,16.200294550810014,62.88659793814434,20.913107511045656,42.23946784922395,36.14190687361419,21.61862527716186,6.6000000000000005,13.872832369942195,5.1211453744493385,14.908073541167068,6.0,32.50773993808049,75.90467784642541,39.805825242718456,3.6187113857016766,7.766990291262134,49750.0,0.4188,28733.0,66.68412781561028,1.2568735271013356,77.27941176470588,76.13843351548269,10.808823529411764,100.0,16.985294117647058,0.0,3.6744369814302646,1.6666666666666667,28.32872382457527,19.715527459502173,34.09719478467009,22.75780323982616,2.0150138285262744,1.7666666666666668,2.678267166832343,0.9116005001656762,"Sheridan County, KS",Kansas
2673,2156,2.232401036136941,2.4476903146739506,train,40063,13785,54.044250997461006,45.955749002538994,68.32789263692419,5.817918026840769,99.14442162902122,59.4798083504449,39.66461327857632,0.8555783709787816,14.81807189183247,83.40112124876333,1.7808068594041992,29.70366473785727,41.38172891460635,28.91460634753639,58.56610800744879,29.2571901510449,12.176701841506311,18.606965174129353,37.88968824940048,18.807398784115893,20.25609252375052,6.0,28.7542583555842,64.79568926807364,43.735967669510536,8.105074090704987,16.546924113156713,35563.0,0.466,17723.0,52.673418272895574,6.739714699193715,55.623783136138975,53.152434158020746,15.770555638759925,98.52354349561054,31.82567021117268,0.3591380686352753,4.562930721799057,9.222222222222221,27.261516140732684,28.54552049328981,31.43997098295249,18.817555313746823,25.854189336235045,9.32222222222222,11.561612170934712,2.2393899487124926,"Hughes County, OK",Oklahoma
2674,2998,2.7508258415684153,2.6508460333065615,train,54027,23542,51.33378642426302,48.66621357573698,97.15827032537592,1.422988701044941,97.64656440428664,65.49695314141626,32.14961126287035,2.353435595713385,29.279551574435352,67.35176127933175,3.368687146232895,38.47716767409965,37.32920201147965,24.19363031442069,71.8131479736098,18.084354382657867,10.10249764373233,20.662640056022404,45.762175838077184,21.87771466755764,23.67563339272521,4.0,25.87449933244325,60.03531489111242,37.90464979399647,7.435746517559347,11.93839513439278,27995.0,0.456,18477.0,52.77519040052599,7.931893687707642,53.74266494919135,46.995557633855505,23.157292113925863,98.48024316109422,26.177186202948327,0.8650923544540565,1.2233455101520687,15.555555555555555,26.968821680400985,22.50446011383909,38.535383569790156,18.511596295981647,1.418740973579135,15.655555555555557,14.166018500455781,-1.4895370550997757,"Hampshire County, WV",West Virginia
2675,2162,2.5977391802845275,2.433244568662748,train,40075,9302,49.440980434315215,50.55901956568482,79.37002795097828,3.880885831004085,95.70294255021021,63.475011676786536,32.22793087342363,4.2970574497898175,17.190654744736086,80.66051341217191,2.1488318430920104,19.879679144385022,50.882352941176464,29.2379679144385,50.06172839506174,31.18827160493827,18.75,20.838866755201405,43.6551724137931,21.918288620024548,20.432824343622986,6.0,32.628909551986474,72.75958365067275,39.14699162223915,6.676821528306677,19.548108657019547,39909.0,0.4795,23260.0,60.363741339491924,5.667144906743183,59.23652407442931,67.52186588921283,19.106080951467487,99.24198250728864,25.39804335315557,0.0,10.384863470221458,13.333333333333336,29.59578585250484,23.71533003655128,33.863685228983016,18.99591485702,16.74908621801763,13.433333333333332,11.395796606315765,-2.0375367270175673,"Kiowa County, OK",Oklahoma
2676,848,0.9339123332239747,1.2741809586097734,train,19131,10762,49.609737966920655,50.39026203307936,98.80133804125627,0.13937929752834047,99.96214988644964,81.22634367903103,18.735806207418626,0.03785011355034065,16.235085046966233,81.28966742828129,2.4752475247524752,21.47752352189569,58.09037054245557,20.43210593564874,53.36243350156869,31.782839994543718,14.854726503887598,9.551416080593043,14.416775884665793,9.338682899833977,10.346135609293503,6.0,28.939263274608845,74.16245984396512,37.37953189536485,4.63515374024782,5.966039467645709,49488.0,0.402,25706.0,67.65785144881691,3.1606508322423785,77.35849056603773,76.99905926622766,11.736195257053835,98.58889934148635,13.605677687380993,0.517403574788335,1.26370563092362,2.4444444444444446,31.39750975655083,21.250696896487643,32.74484296599145,21.427244006690213,1.0592826612153874,2.5444444444444447,3.5757715055437838,1.031327061099339,"Mitchell County, IA",Iowa
2677,835,1.3261904370501851,1.6965847129770968,train,19105,20560,51.916342412451364,48.083657587548636,95.61284046692607,1.9163424124513615,99.49137549756745,72.55639097744361,26.93498452012384,0.508624502432552,14.09253157605711,84.45908841295991,1.4483800109829763,23.94274174388216,54.28842955571395,21.76882870040389,47.53670920817895,35.88582407026211,16.577466721558938,10.196078431372547,16.971625563511008,9.773202029245,12.575379496776874,3.0,34.456928838951306,78.55831599559417,34.59796842491739,4.1488189940031805,9.497001590992532,55060.0,0.4119,26937.0,69.04308821530515,4.823309380844571,82.7097353073127,71.50462314373775,12.256617317182592,98.82319977584758,8.631673396141768,0.02801905295601009,1.6001945525291827,3.6666666666666665,28.05447470817121,23.91050583657588,35.94844357976653,18.059338521400782,2.4708171206225686,3.7666666666666666,5.455284178492091,1.6886175118254245,"Jones County, IA",Iowa
2678,867,1.3835127181580138,1.3946543353658225,train,19169,93586,51.878486098348034,48.121513901651966,88.01957557754366,2.4298506186822806,99.03948107029251,76.37996631946609,22.65951475082642,0.9605189297074784,14.14525107017108,63.07361900448522,22.78112992534369,48.4025579096222,40.42348171044564,11.173960379932172,22.884051643485307,28.82388407243393,48.29206428408075,22.6710801063022,13.355966483675239,33.622284990747055,7.010478026297369,4.0,17.221820249108482,84.40711957884182,21.3253112726665,1.8188908386953009,8.119550987437677,50438.0,0.46399999999999997,25589.0,68.84564789851392,5.357649596095272,89.30147821192641,81.12250404749055,6.5749326065704885,98.58607663248785,6.188346120804575,0.1834862385321101,3.0976855512576664,3.888888888888889,28.847263479580285,49.74675699356741,22.63159019511465,10.362661081785737,9.550573803774071,3.988888888888889,4.033580065652396,0.0446911767635072,"Story County, IA",Iowa
2679,1905,2.972691074407293,2.503691117506695,train,37043,10656,47.682057057057065,52.317942942942935,97.77590090090092,0.5255255255255256,100.0,64.69704556835254,35.302954431647464,0.0,15.152573957605405,79.55974842767294,5.287677614721638,16.375764313507506,58.24346859366314,25.380767092829352,41.0808767951625,37.755102040816325,21.164021164021165,21.0988388558482,49.662415603900975,22.391459074733095,16.441717791411044,6.0,37.820660966027276,61.23348017621145,47.37885462555065,5.991189427312776,14.449339207048464,37076.0,0.4728,22106.0,52.000465224470794,12.3238649071796,55.44023525341635,69.08058217962372,15.723923196678774,99.96450124245649,30.859712852447675,0.0,2.9654654654654657,19.444444444444443,24.61524024024024,20.02627627627628,34.253003003003,26.933183183183182,1.6985735735735736,19.54444444444444,12.227544068910385,-7.316900375534056,"Clay County, NC",North Carolina
2680,1634,2.5203810379816605,2.489059696376863,train,30085,11072,50.072254335260105,49.927745664739895,36.96712427745665,0.08128612716763006,100.0,53.18298601198972,46.817013988010274,0.0,13.911620294599016,80.83742498636116,5.250954719039826,42.762994280029844,35.923899527480714,21.313106192489432,55.415737496017826,31.108633322714237,13.47562918126792,27.75265343793263,52.24596598342782,32.682926829268304,12.999815736134146,6.0,23.19936331078393,66.4707802807705,31.53770812928501,10.512569376428338,16.030035912504086,32974.0,0.4883,16182.0,51.51721322628929,6.840993132593766,42.52745503740253,50.187617260788,20.46792933312112,97.93621013133207,38.9622791660035,1.0318949343339587,1.1470375722543351,12.333333333333336,39.63150289017341,29.21784682080925,28.179190751445084,10.693641618497107,62.95158959537573,12.433333333333337,12.049940189252835,-0.38339314408050207,"Roosevelt County, MT",Montana
2681,49,1.928295602354331,2.0281105733370044,train,1099,22217,47.886753387045964,52.113246612954036,55.4305261736508,42.22892379709232,100.0,52.24186046511628,47.75813953488372,0.0,17.457259812183963,79.40645316638575,3.136287021430292,31.08721223323811,43.96459978715062,24.94818797961127,63.84362636625763,23.91202306712265,12.244350566619728,31.398152782201194,67.30228196311347,39.9696944187221,14.14416871193528,6.0,21.00106875667973,51.57030692362599,39.4361170592434,8.041874851296694,16.21460861289555,27257.0,0.5194,15863.0,49.539904973837736,20.54145926915139,57.27532648172475,54.99186109603907,21.389382582489766,97.50406945198047,26.427633104087786,0.9495387954422138,1.0892559751541608,6.777777777777778,31.52090741324211,24.61628482693433,33.9829860017104,17.207543772786604,2.3405500292568755,6.877777777777777,7.599713683333239,0.7219359055554619,"Monroe County, AL",Alabama
2682,1,2.5977391802845275,2.4974629845806575,train,1003,195121,48.8486631372328,51.1513368627672,86.43149635354473,9.601734308454754,99.67820530501541,72.98073828897164,26.697467016043767,0.3217946949845998,13.958021090268767,81.62632990342027,4.41564900631095,23.72493269254963,51.47195732581839,24.803109981631984,39.2632170568098,31.7515930540653,28.98518988912489,13.411660731460064,23.686543686543693,13.310839564715181,13.772889972506096,4.0,38.89498670968937,72.46572384756557,37.38799524991903,3.9377091654971403,9.772751808269456,50254.0,0.4564,27317.0,61.34586128554483,7.285658101730466,70.75014859620293,64.00068947685942,13.148141673368062,97.47479100232698,19.958218244117337,0.4653968801172111,4.497721926394392,13.333333333333336,28.410063499059557,24.734908082676906,34.76868199732473,18.13028838515588,3.966769338000523,13.433333333333332,12.151625958534543,-1.2817073747987884,"Baldwin County, AL",Alabama
2683,781,2.2204104848050292,2.075266098314941,train,18181,24388,49.643267180580615,50.35673281941939,94.40298507462688,0.3608331966540922,98.52481777160708,72.9607775078098,25.56404026379729,1.475182228392919,13.38101217448272,82.85745482338811,3.7615330021291693,21.279959204487504,56.160122386537466,22.559918408975008,54.78203906622201,29.68080038113387,15.537160552644114,9.6336782376502,13.774888256806175,9.744876620660813,15.481171548117151,6.0,30.858892410162753,75.74897508672345,37.55912961210974,5.119310417323662,9.166403868390624,52154.0,0.4019,24944.0,65.38000871080139,5.962195020401365,73.79466817923993,71.74015009380864,13.31537152580828,98.28799249530957,14.676687464549065,0.0,7.507790716745943,9.111111111111107,29.90405117270789,23.614072494669514,34.66868951943579,18.053960964408727,5.2361817287190435,9.211111111111105,7.966666093429854,-1.244445017681251,"White County, IN",Indiana
2684,2914,2.502346284073356,2.361631349217749,train,51580,5736,51.935146443514654,48.064853556485346,81.69456066945607,13.929567642956764,99.2616899097621,57.58818703855618,41.673502871205905,0.7383100902378998,21.89402480270575,71.70236753100339,6.40360766629087,27.591302512138487,40.21532615579481,32.19337133206671,60.2364185110664,30.48289738430584,9.280684104627769,25.510385229895267,62.330623306233065,28.253325621746672,20.536357091432684,6.0,36.04887983706721,63.08562197092083,40.75121163166398,9.81421647819063,19.18416801292408,34746.0,0.4297,20055.0,53.58542771501038,7.056798623063682,61.397515527950326,61.32497761862131,19.627329192546586,100.0,23.16770186335404,0.0,1.2552301255230125,12.111111111111107,26.952580195258022,24.11087866108786,35.16387726638773,19.473500697350076,4.3758716875871695,12.211111111111109,10.608243093318487,-1.6028680177926216,"Covington city, VA",Virginia
2685,1213,2.943854012785326,2.7156112488794584,train,25005,552763,48.42038993203236,51.57961006796764,87.14168640086254,3.6986918444251877,99.13231735789788,64.9717705989727,34.160546758925165,0.8676826421021352,14.288857479725545,82.09175461630997,3.6193879039644905,33.954962220157434,44.54537087358217,21.49966690626041,47.431428646421175,26.67445339772697,25.89411795585185,12.682241021500664,21.0612907928442,12.837836022769096,13.929874255896488,2.0,21.912153388527173,75.84198387956364,31.780558319852474,8.355932443203525,17.143881261525546,56842.0,0.4536,29607.0,67.93057022915751,8.490293366732503,72.9384105826866,65.74573253483074,25.911409998532424,96.81262995380804,5.531335698726084,0.1419375723694859,6.751899095995934,18.88888888888889,28.09558526891271,27.72707290466257,35.58758455251166,15.29841903311184,9.159621754712235,18.988888888888894,15.11384557018294,-3.875043318705954,"Bristol County, MA",Massachusetts
2686,2358,0.43466426280042675,1.3990204915615487,train,46007,3438,48.25479930191972,51.74520069808028,31.29726585223968,0.9598603839441536,100.0,31.503378378378372,68.49662162162164,0.0,11.788617886178862,84.14634146341461,4.0650406504065035,38.709677419354854,37.28052266231115,24.00979991833401,49.1964748574391,33.33333333333333,17.470191809227586,40.50595238095238,117.04545454545456,50.50985723997281,13.655091230135374,6.0,29.015084294587396,80.95238095238095,35.61904761904762,10.476190476190476,30.380952380952376,42171.0,0.4472,16549.0,61.020776874435406,14.729829755736493,43.23308270676692,56.53409090909091,26.369495166487646,100.0,33.351235230934485,0.0,4.072134962187318,1.4444444444444444,43.65910413030832,27.16695753344968,27.312390924956368,11.082024432809773,67.74287376381618,1.5444444444444445,4.051229808976536,2.5067853645320914,"Bennett County, SD",South Dakota
2687,2429,2.743703304335216,2.481628259454175,train,47017,28353,48.735583536133745,51.26441646386626,86.6892392339435,10.379853983705427,99.85253154186465,67.14730460429297,32.705226937571695,0.1474684581353433,15.955098398384294,80.49880231083556,3.546099290780142,25.225147954370016,48.24599022214598,26.528861823484,62.983255671053314,22.85831327768959,14.158431051257105,20.845800189739467,34.66400532268796,24.150372439478588,20.934988518943747,6.0,29.087067919270016,66.69949856733524,40.85780802292264,7.440902578796562,20.95272206303725,35508.0,0.4485,19086.0,54.844044283154936,11.500125638663206,62.86384411835458,65.37638591713674,24.39259081068078,97.19898852363352,17.58479672840991,2.1980159502042405,2.2995802913271963,15.444444444444445,28.286248368779322,25.037914859097803,34.20802031531055,19.229005748950726,2.9309067823510735,15.544444444444444,11.960723732639654,-3.5837207118047907,"Carroll County, TN",Tennessee
2688,1762,2.132192107065365,2.340879227194214,train,33009,89341,49.27636807288926,50.72363192711074,93.24050547900741,0.8719400946933659,99.03044405662209,67.01570680628272,32.014737250339344,0.9695559433779328,16.148864416390605,77.48977825528995,6.361357328319457,33.80816342503816,45.94894272035899,20.24289385460285,36.512611879576895,25.366965012205053,38.12042310821806,11.613066966389908,18.406145728253282,12.012216375919133,13.160749395466564,5.0,29.611361049379372,78.77265591551307,33.923219637505355,4.427001569858713,8.268873983159697,55762.0,0.4689,32469.0,64.27935394605258,4.880439878948041,76.56772503188886,66.0748848695188,10.53883545351122,96.64286191016485,15.420415761712695,0.6407261563104851,2.1233252370132414,8.333333333333334,25.306410270760345,30.7137820261694,34.584345373344824,17.31008159747485,5.887554426299236,8.433333333333334,10.390368041961546,1.9570347086282123,"Grafton County, NH",New Hampshire
2689,1132,2.9839970173355703,2.597695860596086,train,22051,435092,48.54513528173352,51.45486471826648,63.85637980013422,26.486352311694997,99.521045751634,54.266143790849675,45.25490196078432,0.4789542483660131,15.723086996636805,80.03035804637044,4.246554956992768,34.99732341588482,40.43952328628181,24.563153297833377,46.577670867957536,28.7987223834705,24.623606748571962,16.75676176662087,37.07226808147689,16.089889654554295,13.26395901464689,2.0,20.66771621913001,78.73161852186742,29.96835292438015,5.726217103697711,13.894969780612,47947.0,0.4725,27127.0,66.46035000431479,6.389304295654196,64.1544568219649,49.53434968425081,14.550842342095153,96.01326784461314,24.143481680659967,0.8994067742552785,13.557592417235892,19.666666666666668,27.725860277826303,29.422512939792046,33.8572072113484,14.701948093736494,9.657267888170779,19.766666666666673,13.432751418122882,-6.333915248543791,"Jefferson Parish, LA",Louisiana
2690,1925,2.312535423847214,2.1386567680851956,train,37083,53407,47.97123972512965,52.02876027487035,40.07339861815868,52.18042578688187,99.22651933701657,41.66595835104122,57.56056098597535,0.7734806629834254,16.77737144563027,80.73985620817473,2.4827723461949898,35.557794006547475,37.44877635585266,26.993429637599867,59.18428184281843,28.135501355013552,12.680216802168019,26.31832456698072,57.1679502769896,30.57194734453019,21.54905468043776,5.0,23.671300081766148,64.32830258990124,43.10601825973542,12.18557853549469,32.00577603875536,32245.0,0.4946,19709.0,56.395594560326174,13.992241227296775,57.038491246138,58.23407277893126,26.902033985581873,98.64495683531857,20.462152420185376,0.2731941864277128,2.5820585316531544,10.0,28.277192128372693,25.391802572696466,34.75199880165522,17.80478214466268,7.746175594959463,10.1,8.488028577221689,-1.6119714227783106,"Halifax County, NC",North Carolina
2691,375,2.2902875651836396,2.095872413516739,train,12123,22685,56.3411946219969,43.658805378003095,75.03195944456691,21.503195944456692,99.12361623616236,59.43265682656826,39.69095940959409,0.8763837638376383,13.65074899781982,82.51635136085518,3.832899641324988,32.09792765046719,39.05621965861043,28.845852690922374,62.883025291828794,28.082441634241253,9.03453307392996,14.675731088809755,15.799457994579944,17.626195974925768,21.043010752688172,6.0,33.24430393546277,70.80867850098619,43.81328073635766,6.390532544378697,24.81262327416173,36181.0,0.4096,15811.0,54.47724563494846,8.932938602136698,61.41304347826087,60.56188709249933,21.52936689549961,98.75430691757221,22.883295194508015,0.0,3.7249283667621778,9.777777777777779,23.98060392329733,28.59598853868195,34.926162662552336,17.350672250385713,3.4648446109764164,9.877777777777778,8.132532807802189,-1.7452449699755892,"Taylor County, FL",Florida
2692,1991,1.5380612495918724,1.4809587941275757,train,38015,88223,49.65711889189894,50.34288110810108,92.31152873967106,0.9135939607585324,97.73535748283985,73.02470063630443,24.710656846535397,2.264642517160178,16.74749086891133,78.00712071452686,5.245388416561799,30.166111095548896,52.44404605171014,17.389842852740973,30.961778497453018,35.03356610329589,34.004655399251085,8.168785501758181,11.311933405553338,8.195421662867902,10.083040895034918,4.0,25.79177525509077,83.68095841990231,25.973395213297,2.6227031110871266,6.241062032864738,65254.0,0.4313,34813.0,74.92580037664783,2.2379956567200194,85.72792888758288,79.0206272010733,8.260941431431247,98.34814690591983,9.247185439585667,0.041925205433506633,1.7478435328655797,4.5555555555555545,29.05364814164107,31.329698604672252,31.845437130906905,14.13010212756311,6.774877299570406,4.655555555555554,4.397159631272989,-0.2583959242825653,"Burleigh County, ND",North Dakota
2693,2046,2.25595925165399,2.1606038072117792,train,39019,28361,49.97355523430063,50.02644476569939,97.16864708578682,0.8356545961002786,97.82857142857144,75.90204081632653,21.926530612244896,2.171428571428572,11.696953010279,85.20099118942731,3.102055800293686,22.001452805195914,56.45002777421698,21.548519420587105,60.46995835812018,28.172714653975806,11.357326987904026,15.439914163090133,34.31569546773833,14.506366103109992,13.523042951777196,3.0,31.5704190484764,74.77214728399562,35.69084943492525,5.705432008749543,13.853445133065984,47075.0,0.4119,23706.0,61.36104653812846,6.759768236517607,70.90855282627996,59.793814432989684,16.803788102989053,97.42268041237114,15.448357502219592,0.9318001586042824,1.1177320968936215,9.444444444444443,27.985614047459546,23.144458940093788,36.63481541553542,18.574803427241637,1.995698318112901,9.54444444444444,8.676374934909491,-0.8680695095349495,"Carroll County, OH",Ohio
2694,829,1.7326383462202575,1.389993791125039,train,19093,7071,50.36062791684346,49.639372083156566,97.76552114269552,0.5515485787017396,100.0,78.4540474741327,21.545952525867314,0.0,17.078694093225135,81.86450273636535,1.056803170409511,17.0380768555887,61.4318301456396,21.530092998771714,48.46662657847264,32.190819803567855,19.34255361795951,11.672197374116287,17.410071942446038,11.982248520710057,12.906943244021894,6.0,32.77450257921887,77.9748468236053,34.504998387616894,3.3860045146726865,10.415994840374072,46993.0,0.4663,28398.0,68.27703340252877,3.4273079049198447,79.83085597129677,77.45168217609162,10.866222450025628,98.56836077308519,12.967708867247564,0.0,1.9374911610804697,5.5555555555555545,29.04822514495828,20.57700466694951,34.775845000707115,21.411398670626504,1.6829302786027438,5.655555555555554,4.014825125369622,-1.6407304301859318,"Ida County, IA",Iowa
2695,2461,2.6695403463403347,2.666919239604593,train,47081,24283,52.485277766338605,47.514722233661395,92.14676934480913,4.826421776551497,99.42218080149117,64.13793103448275,35.28424976700838,0.5778191985088537,13.934661537578227,84.01561692599184,2.049721536429925,26.25125125125125,46.4914914914915,27.25725725725725,67.02600248770953,22.413078244387847,10.560919267902623,20.937734765124397,42.12695795548228,22.488071849564967,22.60553193354666,2.0,27.13129068106049,71.67293876154636,41.77215189873418,6.979131029763943,24.632227163872727,36334.0,0.4413,17957.0,57.59399358092618,8.478455567718179,56.97340043134436,52.62860373092142,22.760603882099208,98.81288863764836,25.708123652048894,0.5370265686828717,2.063171766256229,14.333333333333336,28.73203475682576,26.598855166165627,36.136391714368074,15.121690071243258,3.0268088786393768,14.433333333333335,14.395551562771479,-0.03778177056185683,"Hickman County, TN",Tennessee
2696,941,1.0570183913692728,1.3389459931047571,train,20119,4383,51.517225644535706,48.48277435546429,88.31850330823634,0.8441706593657313,100.0,72.52747252747254,27.472527472527474,0.0,12.495932313699967,87.24373576309793,0.26033192320208265,18.648491879350352,60.20881670533642,21.142691415313227,45.44502617801047,32.35602094240838,22.19895287958116,11.301691729323313,20.22357723577236,10.103905410247222,10.408834586466169,6.0,26.625,80.40141676505313,35.18299881936245,1.6528925619834711,5.962219598583236,52250.0,0.3683,23446.0,69.1506671005532,1.9764705882352944,81.14719527625475,77.63532763532763,4.808097849008856,100.0,16.15352172079291,0.0,14.442162902121835,2.7777777777777777,35.0216746520648,23.203285420944557,32.215377595254395,17.59069130732375,10.8373260323979,2.877777777777778,3.815020327779362,0.9372425500015837,"Meade County, KS",Kansas
2697,2740,1.513905485712537,1.778091578607574,train,48449,32553,49.291923939421864,50.708076060578136,74.56762817559056,9.805547875771818,99.29540435377012,71.66894520980124,27.626459143968873,0.7045956462298875,9.094515958384765,86.12678539940045,4.778698642214778,28.73783244410052,49.708793222824106,21.553374333075386,56.75413022351798,28.2798833819242,14.965986394557824,21.38262661587461,46.16951276829078,20.75552008512902,14.485879909482625,5.0,21.37258317366313,80.20265748972373,29.108115858904505,5.4392505496606445,16.16480260013383,44178.0,0.4389,19472.0,64.41021126760563,7.086237529041957,60.523794314915364,65.07371631926792,11.801341424465027,92.42501270971022,30.458852336846586,3.304524656837824,41.12370595644028,4.4444444444444455,36.982766565293524,28.608730378152558,29.35520535741713,12.73308143642675,15.626823948637604,4.544444444444445,5.918550545364455,1.3741061009200095,"Titus County, TX",Texas
2698,2760,1.2006339030604214,1.3312727539593927,train,48489,22002,54.299609126443045,45.700390873556955,94.79138260158169,1.6498500136351242,99.67914438502676,56.89839572192514,42.78074866310161,0.32085561497326204,6.513602994098173,90.50669353677849,2.9797034691233626,36.15991704591279,36.2751310559364,27.564951898150806,72.65342293774462,19.06063067720257,8.285946385052803,39.02288822744534,97.03599153140438,53.647214854111404,17.973554735547356,5.0,16.068814055636896,60.09364307581489,38.8078516117414,11.471276787322168,32.52296056185845,26495.0,0.5157,11413.0,43.29592864336068,11.530154510716065,32.92672068382157,26.619243728940468,20.91532365773305,97.11718457506552,48.62434333541092,1.0857356795207789,87.51022634305973,3.2222222222222223,33.77874738660123,34.819561858012904,27.30206344877739,12.380692664303243,3.5587673847832013,3.3222222222222224,3.785858789271696,0.46363656704947376,"Willacy County, TX",Texas
2699,1291,2.0354316006833932,2.253756310351549,train,26133,23234,50.477748127743816,49.522251872256184,96.57398639924247,0.7919428423861582,99.11275415896488,62.2550831792976,36.85767097966728,0.88724584103512,13.201244096302268,82.53657412740469,4.262181776293054,25.062643279842195,49.30425974302927,25.63309697712853,56.67523672164043,30.11851758951527,13.206245688844295,22.010322806403646,54.85096434833432,21.897556912826207,17.408149051018633,6.0,37.53604342172218,66.41543907730959,40.29918922005253,8.096380038826082,19.96117391800845,38999.0,0.4216,19205.0,55.11958997722096,10.073354685401382,59.31556088063503,74.79790775083215,25.43058259697469,97.64621968616262,19.350007488392986,0.903471231573942,1.5709735732116723,7.555555555555554,30.76525781182749,23.27192906946716,34.514074201601105,18.35241456486184,2.6340707583713527,7.655555555555553,9.523441735929705,1.8678861803741516,"Osceola County, MI",Michigan
2700,1381,1.3835127181580138,1.6974686359313778,train,27147,36523,49.051282753333524,50.948717246666476,91.3314897461873,2.5518166634723323,98.2244090277035,69.78286447748421,28.441544550219273,1.7755909722965022,15.03216341270737,82.0637249369898,2.904111650302825,26.002920114023496,53.66752416046722,20.329555725509287,43.62075370454453,30.99021752590085,25.389028769554628,10.367501602072943,18.853636244940592,9.289706662314881,10.78425946424618,5.0,29.001252117551733,76.14743185481046,32.13509915212669,4.218344895242098,8.906173358559316,57858.0,0.4144,28087.0,70.43384109916367,4.717731248343493,78.3652043494563,69.98898678414098,17.519685039370078,98.16446402349486,7.217847769028872,0.0,7.118801850888483,3.888888888888889,32.39054842154259,24.672124414752346,34.170248884264716,15.516250034225012,6.116693590340332,3.988888888888889,5.460108361188394,1.471219472299505,"Steele County, MN",Minnesota
2701,2704,0.7419373447293773,0.842057134337421,train,48377,7304,49.356516976998904,50.64348302300109,91.3198247535597,0.013691128148959474,100.0,68.49583537481628,31.50416462518373,0.0,15.043742868010652,83.20654241156333,1.7497147204260175,26.602219835302535,51.70068027210885,21.697099892588614,59.92966487381051,14.129085643359538,25.941249482829953,21.729003973147005,48.32848837209303,21.235877334563057,22.74096385542169,6.0,18.5825574767243,63.13591495823842,39.141989369779786,8.694001518602885,27.10706150341686,32132.0,0.4481,16507.0,53.923617708531246,9.478505990133897,48.092607208629296,27.35978112175103,9.971060247303342,89.94528043775652,42.988687187582215,8.276333789329685,80.96933187294633,2.0,36.089813800657176,20.86527929901424,31.17469879518073,20.01642935377875,8.666484118291349,2.1,2.321136959392471,0.2211369593924708,"Presidio County, TX",Texas
2702,1908,2.502346284073356,2.364342757149406,train,37049,104450,50.507419818094775,49.492580181905225,70.52848252752513,21.755864049784584,98.77080341302697,61.21061079665456,37.56019261637239,1.2291965869730506,14.085625398643634,81.58364031605119,4.330734285305182,26.074678753218397,49.770410887388614,24.154910359392986,40.632907624065965,37.09178053645322,22.27531183948081,15.576770087509944,35.25792167462189,14.121498511265495,17.221036129418195,4.0,50.602894429765136,73.85811467444121,35.54608656649473,5.287682838703248,14.442700156985874,47985.0,0.4252,24553.0,61.60392306851711,10.68094636244706,65.80973207459954,77.92582984493839,16.208864472771882,99.04486763752138,23.02522801216065,0.11791757561464535,6.934418382000956,12.111111111111107,28.902824317855433,31.77788415509813,28.900909526089034,16.548587841072287,7.7156534226902815,12.211111111111109,10.63704539753514,-1.574065713575969,"Craven County, NC",North Carolina
2703,1862,1.9756230463738251,2.1420106137735653,train,36081,2301139,48.47421211843354,51.525787881566465,41.14631927927866,18.47910969306939,99.53988808203628,66.38243394944308,33.15745413259318,0.4601119179637491,11.315450496289744,81.15639833542846,7.5281511682817985,38.33028132970868,39.67442148274936,21.995297187541947,46.89165394926915,22.66212443018751,30.446221620543326,15.108116931764906,25.75420751279605,15.919136345461814,9.482860048330837,1.0,8.163863288363023,81.14402980103607,26.31878295356142,5.4980247078053495,15.125460517213993,57720.0,0.4488,26876.0,66.25418154156148,8.409441041710489,57.61445991159931,42.667024596490045,22.992021267832204,93.12606959498005,21.785886336511783,2.1935505519948997,27.94463958935119,7.1111111111111125,25.98369763843036,32.66730084536397,33.46790437257376,13.380460719669692,40.37457102765196,7.211111111111112,8.516543906546286,1.3054327954351734,"Queens County, NY",New York
2704,1750,2.4932054526026954,2.465207160263029,train,32019,51657,50.3339334456124,49.6660665543876,85.73668621871191,0.9369494937762548,99.52405235424105,66.16522182559919,33.35883052864185,0.4759476457589665,11.586259156352614,83.35943420055571,5.0543066430916905,24.085990752657427,49.32313265646599,26.59087659087659,45.223847517730505,38.167664007092206,16.608488475177303,16.53217947218649,28.18909729077547,17.539383510843447,19.13007908371966,5.0,47.452718527285995,72.65929112886704,40.8420405654579,3.9592296660520394,14.156935054292152,47255.0,0.3937,23173.0,57.71584644175814,13.316098501445973,63.76243593608682,60.29518010114563,18.07858506682745,98.77180307565278,23.28074230395605,0.4954071627618949,15.639700331029674,12.0,29.38227152176859,23.779933019726272,34.394176975046946,18.84546140890876,13.326364287511856,12.1,11.765919330471661,-0.3340806695283387,"Lyon County, NV",Nevada
2705,3087,1.4891517465595983,1.5089272888593401,train,55093,40799,49.69484546189857,50.30515453810143,96.41412779724993,0.4853060124022647,99.47277936962747,74.97994269340974,24.49283667621777,0.5272206303724929,12.011592226389364,78.42482100238664,9.563586771224005,34.82637441181726,50.64327833700637,14.530347251176364,38.1387292339186,34.40673962680104,27.454531139280373,12.098888422818792,12.837926080710464,14.03834260977118,9.309494451294695,2.0,24.03705205376914,82.52619094682744,26.151413322791072,3.2681030506687767,9.000461224220864,61611.0,0.4251,29068.0,72.0158400905148,3.4476739111460244,82.8151477197377,69.56335616438356,10.811905989832756,97.90239726027396,8.940543726515877,0.9417808219178082,1.8382803500085785,4.333333333333333,30.539964214809178,32.76060687761955,33.90034069462487,11.936567072722372,3.1005661903478026,4.433333333333333,4.521877523304755,0.08854418997142233,"Pierce County, WI",Wisconsin
2706,2584,0.09531017980432493,1.319002891153186,train,48137,1906,44.805876180482684,55.194123819517316,97.58656873032528,0.15739769150052466,100.0,74.56140350877193,25.438596491228072,0.0,15.979381443298967,84.02061855670105,0.0,23.317013463892287,50.55079559363526,26.132190942472462,49.670811997073876,25.237746891002192,25.091441111923924,10.82365364308342,26.19926199261993,9.449929478138225,16.948257655755018,6.0,37.40409207161125,74.43105756358769,53.6813922356091,8.56760374832664,17.53681392235609,41813.0,0.4283,27893.0,60.69587628865979,4.564755838641188,66.63316582914572,52.78276481149013,9.849246231155776,100.0,27.93969849246232,0.0,50.996852046170005,1.0,24.868835257082896,23.714585519412378,29.118572927597054,29.223504721930748,2.2560335781741863,1.1,3.739690638973418,2.639690638973418,"Edwards County, TX",Texas
2707,1959,2.4267673628924595,2.524183293282701,train,37151,142370,49.38961859942402,50.610381400575974,87.47067500175598,5.993537964458804,99.25152357848648,62.043666055263,37.20785752322347,0.7484764215135199,13.191632298878458,83.53985108328513,3.268516617836416,24.87692039106145,50.59706703910615,24.52601256983241,55.315943703826,30.166329605018767,14.517726691155227,17.606710025944487,38.01865284974093,16.993136507244802,13.657835284452661,3.0,26.800228541939287,74.82341717577559,34.248812079182485,4.4930008989671055,15.108151246628873,41947.0,0.4182,21175.0,64.035610519258,8.822930603222616,65.92249073664095,50.89973100825527,13.651511267507164,98.76634820517576,23.517279951527577,0.2597161673314164,10.920137669452837,11.222222222222221,30.215635316429022,25.52082601671701,35.147854182763226,15.568588888108449,6.5357870337852075,11.32222222222222,12.480698030181266,1.1584758079590465,"Randolph County, NC",North Carolina
2708,441,2.5726122302071057,2.6471087224136243,train,13123,28673,50.779478952324496,49.220521047675504,92.35517734454015,1.1962473407037977,99.18087596121698,67.48579070544967,31.695085255767303,0.8191240387830158,12.680706764233447,84.72247010530073,2.596823130465822,19.404746848783773,56.671303907929676,23.92394924328654,57.389784424160034,25.92736453680326,16.682851039036706,23.476361586697674,83.48880597014923,21.501134767102567,18.751099384344766,6.0,31.20667579142567,65.15248065543922,43.82339553937187,6.244879380974053,15.493855257168867,40228.0,0.4577,21766.0,53.29501403555675,10.040966474375052,54.04396266184885,61.8191161356629,17.295995182174046,97.48201438848923,32.62270400481783,0.0,10.692986433229867,13.0,26.523209988490912,22.882153942733577,35.615387298155056,20.63962612911101,6.448575314756043,13.099999999999998,14.113174493953217,1.013174493953219,"Gilmer County, GA",Georgia
2709,1233,2.48398029492787,2.384077574847205,train,26017,106698,49.216480158953324,50.783519841046676,94.49380494479746,1.3533524527170144,98.38795159438213,62.92288667078879,35.46506492359332,1.612048405617878,15.884861407249467,80.02641015700719,4.088728435743361,29.61912111857636,48.40657345197022,21.974305429453427,46.28259971481496,35.425578699076475,18.291821586108554,15.00997245702346,27.46381805651275,15.292615922524073,16.17805602315069,4.0,29.94285033932611,67.79065763801215,40.172156547687365,6.300929645357512,17.633421324457707,45583.0,0.4366,24445.0,60.449495010292395,9.431256969890075,69.63215763790228,79.07725907725906,22.204892210760388,99.05541905541908,13.242016183828525,0.13104013104013104,4.962604734859134,11.888888888888893,27.21231888132861,25.696826557198825,35.292132935950065,17.751972857972966,4.15284260248552,11.988888888888894,10.849050610777814,-1.13983827811108,"Bay County, MI",Michigan
2710,903,1.4637696732881809,1.8491326009615883,train,20043,7859,50.79526657335539,49.20473342664461,91.72922763710396,3.690036900369003,100.0,71.80094786729858,28.199052132701425,0.0,14.770675334055614,82.37630913687251,2.853015529071867,26.501930501930502,54.45559845559846,19.042471042471046,48.56808883693746,34.891876095850385,16.540035067212155,12.392331203111976,25.567322239031768,11.115569823434992,14.342886651174801,4.0,29.917167451681014,77.29173367642329,35.41331617883564,2.991315535541975,10.228369250562883,47209.0,0.4075,23471.0,65.28557279630239,5.562579013906448,74.04006677796329,64.29699842022117,9.369782971619363,97.55134281200633,18.927378964941568,0.2369668246445497,2.5703015650846166,4.2222222222222205,31.632523221783945,30.11833566611528,31.479832039699712,16.923272681002672,4.580735462527039,4.322222222222221,6.3543054130758305,2.0320831908536094,"Doniphan County, KS",Kansas
2711,1035,2.6222502112988773,2.5732977328697615,train,21097,18648,48.82561132561133,51.17438867438867,94.62676962676964,2.1181896181896183,99.0617848970252,67.20823798627002,31.85354691075515,0.9382151029748284,15.407811602527282,80.48535324526135,4.106835152211373,26.43800172493863,47.19697472301466,26.365023552046708,61.092896174863384,24.87900078064013,14.028103044496484,22.174386920980925,37.75773195876289,25.91929855954191,18.228150075905443,6.0,28.239249194565073,66.27808988764046,37.85112359550562,7.134831460674157,17.851123595505623,35681.0,0.4811,20490.0,55.812135853346604,7.625716104392106,60.287808366106546,56.652806652806646,22.434751519485165,97.19334719334721,20.6381837683232,0.9702009702009702,2.1128271128271128,13.666666666666664,29.90132990132991,24.420849420849425,35.78936078936078,16.355641355641357,3.2550407550407545,13.766666666666666,13.10898316352027,-0.6576835031463961,"Harrison County, KY",Kentucky
2712,2087,2.465270675271141,2.4135803301676955,train,39101,65943,53.10950366225377,46.890496337746235,90.04746523512729,5.824727416101784,98.2997571081583,61.537362480354346,36.76239462780397,1.7002428918416916,14.569667185888855,82.90735174743863,2.522981066672517,28.411933490288405,45.89280459093585,25.695261918775753,56.37009596845822,31.264487337795977,12.365416693745804,18.7721429294463,40.004156275976726,18.890013758014693,19.031772575250834,5.0,30.214954351092103,72.3751940518016,38.07500612795163,7.406650870169133,20.29986109976305,42966.0,0.4270000000000001,20811.0,61.08951965065502,9.296257907716502,65.06856920770639,67.7848230722029,22.450169340958304,98.25117610963389,15.904169674088054,0.07158928206177131,2.3884263682271047,11.666666666666664,27.04911817782024,28.154618382542502,35.113658765903885,15.46335471543606,4.127807348770908,11.766666666666662,11.173895849092261,-0.5927708175744009,"Marion County, OH",Ohio
2713,127,2.2082744135228043,2.1958137680473024,train,5037,17467,47.99908398694682,52.000916013053185,74.87261693479131,23.026278124463268,99.04428904428906,67.55244755244755,31.491841491841488,0.9557109557109558,13.910558430524445,83.00764655904842,3.0817950104271263,22.641644581333715,49.9176276771005,27.44072774156579,65.69423304583123,20.58176898359547,13.723997970573313,20.11741455475471,36.57750563970351,21.860902255639097,21.337505795085768,6.0,26.933292858769068,73.93755420641804,37.61202659728245,9.280138768430184,17.96762069962417,38103.0,0.4568,19543.0,59.74857319142372,8.53233509745708,58.20880849390485,56.22763063707945,22.915847424302004,98.28203292770222,21.90326386158081,0.1789549033643522,1.7289746378885902,9.0,31.23032003206046,25.253334860021763,33.42875135970688,16.757313791721533,2.101104940745405,9.1,8.98731166891198,-0.11268833108801957,"Cross County, AR",Arkansas
2714,340,2.6461747973841225,2.7462461237396205,train,12055,98328,48.81010495484501,51.18989504515497,83.03941908713693,9.559840533723863,99.63495322838241,67.69906456764771,31.93588866073466,0.3650467716176135,16.015881847149867,78.37995043245158,5.604167720398563,20.855168132930654,51.304119465698975,27.84071240137037,53.753192633418465,29.575211722005644,16.671595644575884,19.42736495185128,44.86581096849475,20.352085031856753,18.55411531305573,4.0,45.56425633146653,51.52362799217764,57.08344679060325,6.208381810530485,14.773374260464886,35093.0,0.4561,21117.0,44.43426994480682,12.918160517178107,50.9999157965645,63.173578346163396,25.46732906702593,98.252421157189,28.088160996968675,0.30109262478271664,18.26844845822146,14.0,22.83174680660646,20.313644129851113,28.46595069563095,33.350622406639005,7.400740379139208,14.1,15.584021456680624,1.4840214566806242,"Highlands County, FL",Florida
2715,978,1.86149280724273,1.207432167201828,train,20193,7925,49.211356466876964,50.788643533123036,94.47318611987382,1.8675078864353312,100.0,77.53863134657838,22.46136865342164,0.0,17.447916666666664,81.30208333333333,1.25,30.924005571892906,54.310478254140214,14.765516173966878,35.7128574285143,36.012797440511896,28.274345130973806,9.68040147913365,4.982618771726536,12.65401916682965,12.191061595594823,6.0,22.771143464747247,83.04977945809703,25.425330812854448,3.5601764335223685,7.4354127284184015,48504.0,0.474,26309.0,72.63631815907954,2.4563820018365474,86.0517666392769,76.70504871567759,6.347576006573541,96.98848538529673,9.346754313886606,0.08857395925597875,5.38801261829653,6.333333333333332,31.369085173501578,31.73501577287066,30.25867507886436,15.141955835962145,3.659305993690852,6.433333333333332,3.3448845112580887,-3.088448822075243,"Thomas County, KS",Kansas
2716,1252,2.25595925165399,2.1925575216669326,train,26055,89907,49.24199450543339,50.7580054945666,94.57884258177894,1.3736416519292158,98.77835951134381,72.65323390977841,26.12512560156539,1.2216404886561951,14.90240796137784,80.72446168883097,4.373130349791191,27.94416551130016,49.74357593786596,22.312258550833878,33.11312316600499,35.39316145432862,31.49371537966639,10.978741945100557,15.595416043846535,11.482064855560784,12.7307324187594,5.0,29.337138336347195,77.1592269539935,34.3537996693461,3.674248902571119,13.152043783136651,52950.0,0.4409,28050.0,67.04238052299368,6.4234115018330895,74.28712980292855,77.9312762973352,15.9345297075122,98.87798036465635,14.499614664758338,0.0,2.584893278610119,9.444444444444443,27.095776747083093,27.161400113450565,35.40325002502586,16.295727807623432,4.047515766291835,9.54444444444444,8.958094363010385,-0.5863500814340554,"Grand Traverse County, MI",Michigan
2717,1336,2.049841071903545,1.8584771673097296,train,27057,20574,49.97569748225917,50.02430251774084,94.5270730047633,0.5540974044911053,98.4221358335239,71.27829865081179,27.1438371827121,1.5778641664761035,13.795038025183892,82.53334995636455,3.671612018451565,20.093264860397845,61.21834602443775,18.688389115164394,39.09673971138429,35.85649385355425,25.046766435061464,11.614105645200846,20.66929133858268,11.289319045973036,14.587706878875165,6.0,38.63734634628451,71.54887902583363,41.58415841584159,5.121201775349949,11.141458973483557,47486.0,0.4109,25725.0,60.460926823207856,4.8597554710777775,69.55838715308082,74.89224137931033,24.026880781986385,99.15948275862068,11.729795775877117,0.0,1.7643627879848351,7.666666666666668,26.95149217458929,19.35938563235151,36.526684164479434,22.800622144454174,4.918829590745601,7.766666666666667,6.413961939685572,-1.352704726981095,"Hubbard County, MN",Minnesota
2718,3053,1.9909138641722421,1.89064784835713,train,55027,88547,52.29877917941885,47.701220820581156,93.82361909494394,2.096061978384361,98.99898833927908,71.37000159735905,27.628986741920023,1.0010116607209414,14.732122220681365,81.46196397479159,3.8059138045270338,29.199438393696926,49.32866236828833,21.47189923801475,51.983944408307025,31.571766273738323,16.44428931795466,9.154373968967414,14.067598350058484,8.992017137214868,11.474843291941747,5.0,27.04315030186569,77.77744433107256,32.72612688314027,3.934337674809435,11.364864053778286,53783.0,0.3899,25372.0,69.23880161545429,5.619996007895495,81.03049907578558,65.14220705346985,14.219423906346275,98.33902161547212,8.7030191004313,0.11376564277588168,4.39314714219567,7.222222222222222,27.394491061244306,26.20980947971133,36.615582684901796,15.947462929291786,4.080318926671711,7.322222222222222,6.623658417567673,-0.6985638046545493,"Dodge County, WI",Wisconsin
2719,2696,3.0007198150650303,2.569280915381894,train,48361,83217,49.54756840549407,50.45243159450593,87.36436064746384,8.230289484119831,98.8375486381323,65.29182879377431,33.545719844357976,1.1624513618677044,13.380088231016595,83.41547759481601,3.20443417416738,24.49839213732506,50.941316786690216,24.560291075984715,51.28117156322794,34.157352064862124,14.561476371909931,15.453272450532724,25.288855758479308,16.16169191540423,16.71352740141067,3.0,29.915212288629505,75.68166219504586,31.768266051038875,6.442253696886505,16.3286953266363,49763.0,0.4499,25489.0,61.85548703709682,8.202625466503116,65.60146997143941,64.21655300159972,14.248337294533545,97.53304706575734,24.29846811400268,0.10945524964216552,6.68613384284461,20.0,31.380607327829647,27.268466779624358,33.24681255032025,14.754196858814904,4.405349868416309,20.100000000000005,13.056432384802461,-7.043567615197544,"Orange County, TX",Texas
2720,850,1.4637696732881809,1.827988101534131,train,19135,8002,51.73706573356661,48.26293426643339,94.81379655086228,0.1374656335916021,98.13036887316828,58.969176351692774,39.16119252147549,1.8696311268317332,16.307117377271954,79.6500764396127,4.0428061831153395,22.606089288531322,52.8947783562076,24.49913235526108,55.819565620939294,26.953777612771486,17.226656766289214,12.063897763578273,14.067098293113597,13.60478579698958,12.712941774726673,6.0,26.348995517184125,73.99278412507516,32.95249549007817,4.2092603728202045,13.619963920625374,46304.0,0.4281,25753.0,63.003227450314256,5.7967107036937175,75.90334737308801,66.64244186046511,12.414098869430282,98.61918604651164,14.896918643316337,0.0,0.8622844288927768,4.2222222222222205,30.517370657335658,21.919520119970006,34.641339665083734,18.707823044238943,5.048737815546113,4.322222222222221,6.221357319625173,1.8991350974029517,"Monroe County, IA",Iowa
2721,607,1.789905900578732,2.001118369144349,train,17037,104345,49.36987876754996,50.630121232450044,83.7318510709665,6.9145622693947955,98.93078467312559,66.95470018329405,31.976084489831546,1.0692153268743998,13.811468368816818,75.28446259366451,10.904069037518669,43.1669696791977,40.00586475866518,16.827165562137118,34.17126980451824,35.86809115866768,29.96063903681408,18.65215401047759,28.260993555010554,21.431545903004675,9.258114374034005,2.0,20.531982890014266,82.45190372695807,23.05937910864257,3.7457404277013056,13.678928868496607,54101.0,0.4306,24025.0,70.48633086382983,10.24119718309859,77.18253400143163,73.30662442933009,12.343593414459555,95.97503028044348,12.707229778095918,0.1024876548961148,10.648330058939095,5.8888888888888875,31.36230772916767,39.11543437634769,28.074177008960657,10.7949590301404,9.353586659638696,5.988888888888888,7.397324413929943,1.408435525041055,"DeKalb County, IL",Illinois
2722,1521,1.410986973710262,1.9084097450519908,train,29089,10182,49.95089373404046,50.04910626595953,91.66175604007073,5.156157925751326,99.46761313220942,68.81100266193435,30.65661047027507,0.5323868677905945,14.842662211083267,81.10554163185742,4.051796157059314,31.2409112942317,49.98788172564227,18.771206980126028,48.80753455871184,26.94819990885615,24.244265532432017,16.69998947700726,32.91888691533452,16.55692950056207,15.16658378915962,6.0,36.06536610083608,75.70394207562349,38.24081523196568,5.068382944489139,13.488871010994904,44820.0,0.4371,22158.0,60.90023082841755,6.169719941040219,73.1879409878127,63.82842509603074,15.891597177678001,98.07938540332908,13.80692751763951,0.7042253521126761,1.365154193675113,4.0,30.46552740129641,28.383421724612063,33.14672952268709,16.028285209192692,3.1820860341779613,4.1,6.742358200110088,2.6423582001100883,"Howard County, MO",Missouri
2723,1309,1.8440707637960658,2.0486321074769744,train,27003,338764,50.06021891346187,49.939781086538105,85.66465149779788,4.901347250593333,98.98671255138132,73.93891597361629,25.04779657776503,1.0132874486186791,11.086643415743177,84.93332222367704,3.980034360579765,29.622968934242053,53.02981986458325,17.3472112011747,35.088683509351995,37.07296054309307,27.83835594755493,7.729691855871433,11.646325805187258,7.350062213087255,9.764036527074268,2.0,25.703251027352906,83.95767892863742,25.616780610072546,3.247186227174498,8.730930212007037,70873.0,0.3882,31775.0,75.01088341683881,5.840579098429849,80.84514122926248,75.49801849405549,14.042862196734132,97.23645970937912,8.24101141378219,0.5072655217965654,3.9118678490040266,6.222222222222222,31.4348632086054,27.83235526797416,36.07112916366556,11.343295037253073,9.43400125160879,6.322222222222222,7.757282716527545,1.435060494305323,"Anoka County, MN",Minnesota
2724,73,2.2442495159810822,2.059533120506874,train,2070,4979,51.998393251656964,48.001606748343036,18.718618196424984,0.3414340228961639,99.80928162746343,65.73426573426573,34.075015893197715,0.19071837253655435,11.286821705426354,85.20930232558139,3.503875968992248,43.49972572682392,36.20405924300603,20.29621503017005,51.60834217037823,32.166843407564514,16.224814422057268,18.0788675429727,32.6530612244898,17.739130434782606,12.094335819391253,6.0,16.50485436893204,88.13936249073387,21.423276501111935,8.59896219421794,31.20830244625649,54173.0,0.4377,22257.0,62.18611521418021,12.541567695961994,37.836938435940105,35.78947368421053,21.56405990016639,92.63157894736842,43.394342762063225,2.894736842105264,2.892147017473388,9.333333333333334,39.70676842739506,30.42779674633461,30.066278369150435,7.772645109459733,80.93994778067886,9.433333333333334,7.842307542895627,-1.5910257904377065,"Dillingham Census Area, AK",Alaska
2725,3042,1.7326383462202575,1.9477378213668157,train,55005,45686,50.36991638576368,49.63008361423632,95.66169067110278,1.267346670752528,98.64063777596077,69.24570727718724,29.394930498773512,1.3593622240392478,15.341764956657665,81.73369333522807,2.9245417081142526,24.568357764239536,54.002500731597024,21.42914150416345,50.310022519048644,33.0844927044452,16.605484776506156,12.56824512534819,21.06196933215055,12.691424196018374,13.052155401809475,6.0,29.55533266466065,74.02196652719665,36.54811715481171,5.549163179916318,15.005230125523012,45714.0,0.4048,23852.0,65.79066606252833,5.927169421487602,71.72274863836455,68.81025158711498,19.305379392673284,98.36585939336938,12.292024173692456,0.08229485069362802,2.296108216959244,5.5555555555555545,27.15711596550365,23.983277152738253,35.098279560478055,19.50269229085497,3.070962658144727,5.655555555555554,7.0128054046576995,1.3572498491021454,"Barron County, WI",Wisconsin
2726,868,1.5846897427449065,1.8090372153254324,train,19171,17479,49.41358201270096,50.58641798729905,88.68356313290234,0.5091824475084387,99.44457860420187,71.28712871287128,28.1574498913306,0.5554213957981163,13.174996131827324,84.61240909794212,2.212594770230543,23.37939877475424,55.5777176235931,21.042883601652655,50.10447137484329,34.15796071876306,15.73756790639365,11.265703886344962,20.87033747779752,10.343358609525431,12.55117557609077,6.0,29.476625632505087,76.37702503681885,35.920471281296024,4.491899852724594,8.674521354933724,55203.0,0.4019,26432.0,66.14933209790749,5.007587253414264,79.36347050476384,71.79902755267423,12.760997364686801,97.53646677471636,11.423069126292315,0.8752025931928687,8.01533268493621,4.777777777777779,31.500657932375994,22.804508267063326,33.88637793924138,19.06287545054065,10.80725441958922,4.877777777777779,6.104567218232292,1.226789440454513,"Tama County, IA",Iowa
2727,2505,2.502346284073356,2.332941488472531,train,47169,7884,49.949264332825976,50.05073566717403,85.89548452562151,11.960933536276002,100.0,63.881253435953816,36.11874656404618,0.0,11.328059249284632,84.69954553105538,3.972395219659989,28.77776052182016,48.268364652896395,22.95387482528343,64.09389671361502,21.55868544600939,14.347417840375588,17.267941969444088,26.144244105409154,19.352259096361454,17.295272539395505,2.0,23.62911266201396,76.1449077238551,41.55844155844157,6.425153793574848,21.975393028024605,41029.0,0.4558,20937.0,62.333277055546176,8.559046587215601,64.9415692821369,38.01945181255525,17.800500834724538,99.82316534040672,20.242070116861434,0.0,0.3551496702181633,12.111111111111107,30.580923389142562,26.775748351090808,35.03297818366311,15.119228817858955,2.1435819381024857,12.211111111111109,10.30821848740979,-1.9028926237013177,"Trousdale County, TN",Tennessee
2728,2013,1.5846897427449065,1.542261938829592,train,38059,28985,50.84353976194585,49.15646023805417,92.46851819906848,0.6451612903225806,99.7987304536306,75.3986685245394,24.40006192909119,0.20126954636940705,14.778437642759249,79.60255824577432,5.619004111466423,25.259809119830326,55.503711558854725,19.236479321314953,38.61109726307394,35.455406550675505,25.933496186250558,7.987613920264613,9.827379935053838,8.35057641146911,10.58091286307054,4.0,26.369222548757683,83.40916477088072,27.58368540786481,3.794280142996425,5.8254793630159245,62418.0,0.4177,32614.0,75.53462553462553,2.9817480874646107,85.99533177725908,72.76606425702812,7.424697121262642,98.94578313253011,8.408358341669446,0.0,2.294290150077626,4.777777777777779,28.428497498706225,29.070208728652748,33.607038123167165,14.855959979299636,6.886320510608937,4.877777777777779,4.675153230726941,-0.20262454705083854,"Morton County, ND",North Dakota
2729,2924,2.345005808877998,2.2448381994695508,train,51670,22279,47.33605637595942,52.66394362404058,52.704340410251795,38.08519233358768,97.28085867620753,43.66726296958855,53.613595706618966,2.7191413237924857,18.552751596229857,77.69534813013072,3.751900273639404,36.72022414088856,31.030933729773,32.24884212933844,57.372292327417505,30.27869626830421,12.349011404278293,19.036519036519035,40.757065076484324,18.712564047052034,19.300164024056865,2.0,30.276556004097127,69.37744084539398,34.29818515966001,8.350562830232024,24.55777624626695,39064.0,0.4255,20700.0,62.09805599706566,12.10868281157708,63.6384527001149,70.63275809869816,21.27154346993489,95.8825310323948,21.171964764458057,0.2119285498032092,6.804614210691682,10.333333333333334,30.45917680326765,28.380986579289914,30.908029983392442,15.620090668342387,9.21046725616051,10.433333333333334,9.438888215781256,-0.9944451175520772,"Hopewell city, VA",Virginia
2730,2386,0.5041366356151942,0.6039822836199005,train,46063,1328,52.10843373493977,47.89156626506024,95.10542168674698,0.677710843373494,99.36305732484078,83.43949044585987,15.92356687898089,0.6369426751592357,15.978835978835974,84.02116402116404,0.0,28.466483011937555,55.55555555555557,15.977961432506886,37.280187573270815,32.825322391559205,29.894490035169987,13.415574402467227,11.678832116788321,16.725559481743225,8.659003831417625,6.0,21.190716448032287,82.64299802761342,27.41617357001973,0.9861932938856016,3.944773175542408,52396.0,0.3968,25087.0,68.51664984863774,1.4727540500736376,83.39483394833948,60.67415730337079,8.487084870848706,100.0,11.562115621156213,0.0,1.129518072289157,1.5555555555555556,36.21987951807229,26.807228915662645,34.41265060240964,13.403614457831322,4.216867469879519,1.6555555555555557,1.8293894615517114,0.17383390599615578,"Harding County, SD",South Dakota
2731,1176,2.4069451083182885,2.507040438232563,train,23011,121112,48.51624942202259,51.483750577977396,96.00617610145979,0.7901776867692714,98.80204890945144,63.68142762723068,35.12062128222075,1.1979510905485788,16.148941869809804,80.47682828824001,3.374229841950174,27.20947446336047,48.482605477424144,24.307920059215395,44.17404982766199,30.787203034999656,25.038747137338362,13.841843989748044,23.761017575341743,14.29266275930835,16.9474114964799,5.0,34.17152424655836,74.00034990183309,35.295375464105895,6.601481251093443,20.879419940516687,46917.0,0.4308,25957.0,64.5536490122384,7.346621040852402,69.31978810256682,68.1515487841792,23.608597434508628,96.54424376954898,12.509082262176838,0.0807183937039653,1.390448510469648,11.0,26.22696347182773,25.152751172468466,37.83935530748399,16.985930378492633,3.203646211770923,11.1,12.268566696305797,1.1685666963057972,"Kennebec County, ME",Maine
2732,484,1.67189092708065,1.9964343822594202,train,13211,17900,47.6536312849162,52.3463687150838,73.86033519553072,23.178770949720672,99.2700729927007,74.2170944195903,25.052978573110426,0.7299270072992701,9.925079741858912,87.32289889474077,2.7520213634003405,25.697432338653712,52.20680083275503,22.095766828591255,52.37898562696184,25.54931438955889,22.071699983479267,14.305107754963515,23.46187812775979,14.736662979664766,15.36375960234975,2.0,26.734199515525216,75.56871299470241,39.49828607042692,6.170146463072608,15.051417887192272,51820.0,0.4468,24435.0,60.255648038049934,6.943759250123335,69.5001439125012,58.62182657434884,14.189772618248108,99.67029343883944,21.222296843519143,0.0,2.927374301675977,5.222222222222221,30.71508379888268,22.65921787709497,36.29050279329609,17.318435754189945,2.9608938547486034,5.322222222222221,7.362756464503351,2.0405342422811303,"Morgan County, GA",Georgia
2733,250,2.5726122302071057,2.4163016603702685,train,8019,9136,51.70753064798599,48.29246935201401,94.01269702276709,1.3134851138353765,97.8275627970129,82.68839103869655,15.139171758316364,2.172437202987101,18.60063728093468,76.32766861391397,5.071694105151353,22.825674135966572,55.75389289783517,21.420432966198245,25.177304964539005,33.33333333333333,41.48936170212766,8.339837217081056,11.481768813033359,8.655510675129833,9.312909312909314,2.0,33.7696335078534,83.33727251240842,27.41668636256205,2.670763412904751,5.436067123611438,67710.0,0.4744,42812.0,71.20488322717624,5.4043980618710385,78.6503683858004,70.84398976982095,9.92967180174146,95.01278772378515,12.960482250502345,0.1918158567774936,5.549474605954466,13.0,20.019702276707534,20.89535901926445,45.753064798598935,17.11908931698774,4.673817863397549,13.099999999999998,11.204345121818204,-1.8956548781817943,"Clear Creek County, CO",Colorado
2734,1570,2.6302888397953126,2.1373050861462444,train,29186,17990,50.428015564202326,49.57198443579768,96.62034463590885,0.7226236798221234,100.0,74.85163204747775,25.14836795252225,0.0,14.241870661308,83.68286445012788,2.0752648885641207,23.09791879904469,55.77618560218356,21.125895598771752,55.30321333655473,31.44076669082709,13.256019972618187,14.300996565508699,26.717076244486453,14.044990454054947,15.914075240398132,6.0,32.41789760504804,70.46378029984588,40.367101022838725,6.781560879921536,13.25486899257391,47014.0,0.408,23772.0,62.24616056481549,5.074836295603367,80.6320832949415,70.61677061677062,15.31373813692067,98.8911988911989,9.30618262231641,0.0,0.9838799332962757,13.777777777777779,28.993885491939963,24.04113396331295,36.787103946637025,16.692607003891045,2.6570316842690387,13.877777777777778,8.476563212805203,-5.401214564972575,"Ste. Genevieve County, MO",Missouri
2735,2123,1.789905900578732,1.9710146903766612,train,39173,128885,49.136051518795824,50.863948481204176,92.16433254451643,2.7148232920820887,99.5514857036068,74.2328536722108,25.318632031396,0.4485142963931975,15.156351723124097,75.70300522922486,9.140643047651052,35.54825976747013,46.7435530487976,17.708187183732267,37.281538675394586,31.602492007127253,31.11596931747817,14.317810959959983,13.79711393495585,17.542478191862394,10.577691427855164,3.0,22.915357423409272,80.34377433071809,26.356032021720466,3.7491764987722345,8.66223473278633,53577.0,0.4476,27477.0,68.61488397011696,6.762677308810133,83.58113167183657,75.12010569300985,10.452692504248821,96.75114100408359,8.891028155120571,0.024021138601969732,5.109205881211934,5.8888888888888875,30.17651394654149,34.775187182371894,30.89963921325212,13.46549249330799,5.1208441634014825,5.988888888888888,7.177956197474291,1.189067308585403,"Wood County, OH",Ohio
2736,754,2.4069451083182885,2.3418354322128634,train,18127,166570,49.20333793600288,50.79666206399713,92.00216125352705,3.4225850993576272,98.90601044617105,72.1981134526934,26.70789699347765,1.0939895538289637,11.780216246633707,84.36914666988223,3.850637083484063,28.508969853893102,51.283151470316255,20.207878675790642,43.24199164655487,30.371630346694694,26.38637800675044,11.58275061139718,21.131378728551873,10.857137776829452,11.123890698209376,2.0,26.842784008753767,79.66764890584996,29.10970484517656,4.519910471313786,8.922274286266365,63926.0,0.4193,29922.0,65.85664418505472,7.072875319286716,78.64643212999157,72.30513350714736,9.779067984977393,97.35233300368608,14.282018854909177,0.2607210284995055,9.227952212283123,11.0,30.1512877468932,28.03445998679234,34.93546256828961,13.86023893858438,4.575253647115328,11.1,10.400308115645684,-0.6996918843543156,"Porter County, IN",Indiana
2737,292,2.743703304335216,2.3152456073768457,train,8105,11745,49.46785866326096,50.53214133673904,84.45295870583226,0.8088548318433376,100.0,74.26160337552744,25.73839662447257,0.0,15.048431734317345,83.37177121771218,1.5797970479704797,22.1190781049936,52.61416986769101,25.266752027315412,46.237636158758,31.78915738074371,21.97320646049831,19.156353494857946,42.11340206185567,18.824972737186478,16.216919739696312,6.0,29.949238578680205,79.25059562486463,31.94715183019277,5.5663850985488414,19.47151830192766,39672.0,0.4484,22269.0,62.56191682985831,7.862272141410422,59.81531128984212,54.855109303507874,21.3285671730712,93.74682257244534,22.758415251712844,1.3218098627351298,44.16347381864623,15.444444444444445,29.8254576415496,24.01873137505321,34.125159642401016,17.641549595572585,14.738186462324395,15.544444444444444,10.127409979909926,-5.4170344645345185,"Rio Grande County, CO",Colorado
2738,503,1.2006339030604214,1.8405824287692376,train,13249,5074,49.605833661805285,50.39416633819472,73.6499802916831,23.945605045329128,99.6530187369882,62.38723108952117,37.26578764746704,0.3469812630117973,13.529898043538164,85.50564893910169,0.9644530173601544,24.935864545920982,50.718317085684966,24.34581836839405,57.16072545340838,28.11131957473421,14.72795497185741,23.39377217185652,49.94797086368365,24.16267942583732,17.77690185258179,5.0,26.8373245251858,71.20808940926024,37.09419904204364,5.64129856306546,27.035657264502397,39375.0,0.4792,19858.0,59.92292870905588,11.437758383096005,57.67232421198476,58.98123324396782,16.279875303082786,99.19571045576409,31.589885694492555,0.0,4.454079621600315,3.2222222222222223,35.96767836026803,22.96018919984233,33.93772171856524,14.702404414662988,2.4044146629877807,3.3222222222222224,6.300206614230006,2.9779843920077833,"Schley County, GA",Georgia
2739,2326,1.86149280724273,1.9897787968759146,train,45033,31435,47.32940989343089,52.670590106569115,47.38030857324638,46.64227771592174,100.0,40.66028473244968,59.33971526755032,0.0,14.060377689173205,84.31845068571178,1.6211716251150157,34.91073612130105,39.46360153256705,25.625662346131893,65.97412779302236,25.019600156801253,9.006272050176403,33.93214862681745,111.68557108942233,37.629825298673225,20.18673535093368,6.0,25.48058315056122,65.2336286260205,40.72433559145388,9.80545422963349,30.267500434253954,28938.0,0.4718,14736.0,53.86696927374302,13.020580132879598,50.519255733448716,51.03978300180832,27.3691042838598,99.27667269439421,27.67200346170489,0.6103074141048824,2.5385716557976776,6.333333333333332,32.374741530141556,26.79497375536822,32.65468426912677,14.563384762207729,5.9774137108318754,6.433333333333332,7.313915722351336,0.880582389018004,"Dillon County, SC",South Carolina
2740,422,2.267533454935127,2.359099393366418,train,13085,22673,49.592025757508935,50.40797424249107,94.98081418427203,0.5557270762581044,99.51030401958784,65.08875739644971,34.42154662313813,0.4896959804121608,9.415048128951415,87.27573047787206,3.3092213931765104,24.89134517357944,55.15909212856146,19.949562697859093,43.20145236008514,29.2475272317516,27.55102040816326,14.159450850195162,19.379258137774414,15.741595253790376,12.009782125389064,2.0,25.829383886255933,75.59965907707293,36.27176427614757,5.259953731888469,11.116522586143915,56943.0,0.4588,28832.0,59.4751522741504,8.422664624808576,71.17849556873948,63.10679611650486,9.83666593422691,98.46704138988248,21.44583607998242,0.0,3.9297843249680233,9.555555555555557,27.645216777665066,25.585498169629073,35.43862744233229,17.262823622811275,4.4634587394698535,9.655555555555557,10.581417465130292,0.9258619095747349,"Dawson County, GA",Georgia
2741,2570,1.3552622518721622,1.358806737232037,train,48109,2296,48.95470383275261,51.04529616724738,90.11324041811848,0.39198606271777003,100.0,66.25441696113074,33.74558303886925,0.0,13.897102306327614,84.6836191602602,1.4192785334121822,33.20775026910657,42.51883745963402,24.273412271259406,70.8246708246708,19.265419265419265,9.90990990990991,29.653964082347787,71.60120845921449,34.509803921568626,22.60183968462549,6.0,19.965277777777786,79.9492385786802,35.025380710659896,13.3248730964467,23.98477157360406,35000.0,0.4728,17340.0,60.932944606414004,6.794258373205742,47.383935151068535,37.150837988826815,20.044215180545322,92.45810055865921,32.940309506263816,0.0,78.35365853658539,3.7777777777777777,33.88501742160278,25.740418118466906,33.928571428571416,15.592334494773526,9.494773519163763,3.877777777777778,3.8915468921365464,0.013769114358768153,"Culberson County, TX",Texas
2742,413,2.1709566505156093,2.1513284232464844,train,13067,719133,48.4220582284501,51.5779417715499,61.531038069453075,26.51540118448187,99.46529453592606,68.74968505568215,30.71560948024389,0.5347054640739517,12.702378798842256,81.09717951037146,6.2004416907863,32.374127210686346,48.65596582839146,18.969906960922184,28.476893882625607,27.39805255525605,44.12505356211834,12.409239432801172,21.137059173906792,12.020681467861277,8.43087825441508,2.0,24.2226356635115,86.39768293772522,20.82154450963457,2.645039759359085,9.963665604431606,65873.0,0.4567,33778.0,73.82030362799594,7.786391652413291,73.70415368773885,64.23754530894378,6.1523349145006385,95.11787350023884,21.91683146135188,1.3557559920200062,12.589604426441285,8.666666666666666,31.65492335910048,30.98383748207912,34.04001763234339,10.108700337767845,11.953560746065051,8.766666666666667,8.596270300881342,-0.1703963657853258,"Cobb County, GA",Georgia
2743,2127,2.69237238838298,2.6734721718748835,train,40005,13906,52.54566374226953,47.454336257730475,74.20537897310513,4.091758952969943,99.40457536822314,63.30303979943592,36.10153556878721,0.5954246317768724,14.144027598102634,83.3117723156533,2.544200086244071,22.360138310133877,48.825250465466794,28.81461122439933,59.01177942249557,27.019701865943922,13.968518711560511,22.468837957378373,42.11711711711711,25.05053227327853,23.34830019243105,6.0,29.12077655404144,68.10574362875617,42.715861544313434,8.08292126283758,23.94446557626474,36661.0,0.4735,18810.0,54.26724137931035,8.419380460683081,51.524302559677885,51.63370593293208,20.146678170836925,99.31212381771282,31.751509922346848,0.2579535683576956,3.4229828850855744,14.666666666666664,28.84366460520638,25.960017258737235,34.00690349489429,17.078958722853447,21.702862073924926,14.766666666666666,14.490194392511755,-0.2764722741549104,"Atoka County, OK",Oklahoma
2744,720,2.334299068483573,2.2339762037944624,train,18059,71328,48.93590174966352,51.06409825033648,95.34544638851507,1.9865971287572903,99.55656623081295,73.25753268902784,26.29903354178511,0.4434337691870381,11.52295168463104,85.42059244742596,3.0564558679430163,24.718099333927732,53.595216866837994,21.68668379923428,39.31377031464317,32.42653476869363,28.259694916663204,6.490582070528253,9.165261909221453,6.22875424915017,13.031425904449408,2.0,30.505633671664032,81.86788154897494,28.337129840546687,2.482915717539864,7.5360668185269555,66606.0,0.3765,29058.0,69.85253959584928,5.270820414655847,82.21883092859784,82.13379352350016,8.837402885682572,98.43670693330624,11.808638549759527,0.0,1.9711754149842984,10.222222222222221,32.15567519066846,25.650515926424408,35.37320547330642,14.291722745625837,2.6679564827276807,10.32222222222222,9.336917856168032,-0.9853043660541871,"Hancock County, IN",Indiana
2745,3,2.1959892467282267,2.2191107911684718,train,1007,22604,53.4109007255353,46.58909927446469,76.65457441160856,21.43868341886392,100.0,70.43032786885246,29.569672131147538,0.0,9.791929382093317,85.97099621689784,4.237074401008827,27.908352605819392,45.45258968428978,26.639057709890817,61.41147866146267,27.94164693838377,10.64687440015356,16.795878075793322,38.62343572241184,15.47627697449684,14.482426576793456,2.0,20.05429250084832,67.980646079408,41.070157962146006,6.901949622883165,16.578909918884303,38678.0,0.441,18431.0,56.438011327879174,8.251561106155219,70.8,58.59872611464968,21.32549019607843,96.33757961783442,14.658823529411766,0.0,2.2208458679879666,8.888888888888891,28.85330030083171,29.56556361705893,34.2726950982127,14.400106175898069,1.9067421695275173,8.988888888888889,9.199147264965836,0.21025837607694697,"Bibb County, AL",Alabama
2746,405,2.0780516873907815,2.320153557784396,train,13051,279290,48.277059687063634,51.722940312936366,53.67825557664078,39.43786028858892,98.63149190083179,55.47646457931348,43.155027321518325,1.3685080991681935,15.9715404877385,76.82561744894686,7.202842063314638,37.67254812807077,38.76114085930844,23.566311012620787,36.560310262399284,30.870342918720226,32.569346818880504,19.08920026061364,42.28019595433983,18.995611784175896,12.270795631710275,3.0,34.465749065160324,78.30276803416194,28.716448070764066,4.279777337196889,12.305551319200854,47218.0,0.4713,25690.0,65.20450249183709,9.377493722225884,67.59790054675662,59.58513156062925,10.923033491003578,97.20451065014618,24.51359401736485,0.7155784491159682,5.949013570124245,7.8888888888888875,28.862114647857066,34.871996849153206,29.6960148949121,13.2324823659995,6.88388413477031,7.988888888888888,10.177236980051816,2.1883480911629283,"Chatham County, GA",Georgia
2747,1922,1.9909138641722421,2.0909740020371457,train,37077,58109,50.93014851399957,49.06985148600045,61.82519059009793,31.082964773098826,99.95227869243617,62.49105225483178,37.46122643760439,0.04772130756382725,13.118217612599635,82.90358206088544,3.978200326514933,32.00276300916817,43.12596809980324,24.871268891028592,49.82875428114297,32.534186645333875,17.637059073523158,16.261478316210564,26.68150096085769,17.433983132863265,18.05744808415545,5.0,28.314725507035746,75.0581021609059,33.37783711615487,5.805271225831972,14.374721851357364,50225.0,0.4174,23127.0,61.776134517109,8.291399817017384,70.1258227995573,59.06015500061508,17.57150346595212,97.37975150695044,17.181219782140154,1.4515930618772297,7.430862689084308,7.222222222222222,28.6289559276532,25.071847734430122,38.37615515668829,14.712006745942972,7.091844636803247,7.322222222222222,8.092793724389177,0.7705715021669546,"Granville County, NC",North Carolina
2748,326,1.86149280724273,2.185177291254175,train,12027,34957,56.515147180822154,43.484852819177846,82.0808421775324,13.22767972079984,98.36065573770493,52.66740761322589,45.69324812447903,1.639344262295082,12.842166569598136,81.5001248023962,5.657708628005657,34.8011511390035,39.599875177698415,25.598973683298077,70.07015785517414,20.216320053453604,9.713522091372251,30.64789585225553,73.65735115431349,37.73946360153257,14.875060357315304,5.0,24.80482225207887,62.62680192205019,42.801210179747294,5.419113721302723,22.441715607759384,35165.0,0.4471,16441.0,51.98377438671045,9.140903686087992,38.75328964342845,56.42483861051338,25.032251406161308,95.7885029203812,39.599566541101204,1.537042729787888,30.52893554938925,6.333333333333332,28.105958749320603,28.72672140057785,31.307034356495127,18.785937008324517,4.691478101667762,6.433333333333332,8.892224927338356,2.458891594005024,"DeSoto County, FL",Florida
2749,172,2.538096293116917,2.2784869386053153,train,5127,10870,51.12235510579578,48.87764489420422,89.4848206071757,0.1655933762649494,99.28409947249436,60.96458176337604,38.319517709118315,0.7159005275056519,10.68402308731426,86.95812354169226,2.3578533709934915,20.435280641466207,54.501718213058425,25.063001145475372,62.339986235375086,26.0977288368892,11.56228492773572,20.104002228619187,47.114845938375346,19.41633670626192,18.792257108456045,6.0,32.461051606621226,68.38471023427867,38.81627620221948,11.122071516646118,20.91245376078915,37321.0,0.4272,17833.0,58.01301731548569,10.563082133784928,62.04857782038991,60.05305039787798,22.08373282198785,97.66578249336872,21.09300095877277,0.4774535809018568,7.4885004599816,12.555555555555555,31.720331186752528,22.796688132474703,34.820607175712965,17.96688132474701,10.349586016559336,12.655555555555553,9.761898877335948,-2.893656678219605,"Scott County, AR",Arkansas
2750,670,2.1959892467282267,2.295939762177282,train,17163,267029,48.20787255316839,51.792127446831614,65.1873017537421,29.91323039819645,99.40747352868752,55.77597882295001,43.631494705737495,0.5925264713124846,15.521408926904344,81.4038806045467,3.0747104685489366,34.40287378422233,43.44066254607528,22.156463669702397,37.75950899518568,36.24595287029477,25.994538134519548,18.232220675808254,39.465456598202266,17.617920340888915,12.607377463365335,2.0,41.92218137563051,75.14740825486227,29.63908201081483,5.910997682536888,16.570350161831286,49895.0,0.4701,26738.0,64.21148131724746,8.56398980798692,68.76811907749557,64.62812318419525,20.85339696001286,97.22835560720509,14.628160987037713,0.3195816385822197,3.688363436181089,8.888888888888891,31.05018556036985,28.491287463159427,33.6892247658494,13.4502245074505,4.899467848061446,8.988888888888889,9.933767005651147,0.9448781167622577,"St. Clair County, IL",Illinois
2751,395,1.789905900578732,1.9669690603272587,train,13029,33151,48.88238665500286,51.11761334499714,78.30533015595306,15.230309794576332,99.57455639721908,70.73778146726158,28.836774929957446,0.4254436027809484,7.941251814533343,89.19392024592264,2.8648279395440177,24.456131962706188,55.25539883656069,20.288469200733125,38.00448965945456,30.887901800640016,31.107608539905428,13.598205897505832,24.06063747084737,12.64909580607926,10.919932915087893,3.0,46.682558601509726,84.18844506599073,23.992657984441923,4.064330041080325,11.59863648282493,63327.0,0.4074,26934.0,68.15743982979477,8.597255641542564,73.89898367724051,60.73400454693082,11.898162406323786,97.59662227996105,19.7259008315368,0.4222150048717117,6.14762752254834,5.8888888888888875,36.19800307683026,27.926759373774548,33.45298784350397,9.550239811770384,6.4643600494706055,5.988888888888888,7.1489755042976135,1.1600866154087255,"Bryan County, GA",Georgia
2752,1279,2.0354316006833932,2.3588273205395573,train,26109,23717,50.47855968292786,49.52144031707214,94.72108614074293,0.2656322469114981,99.16826615483043,57.19769673704415,41.97056941778632,0.8317338451695457,19.759837032271896,78.28883885493728,1.9513241127908223,23.86096524131033,50.82770692673169,25.311327831958,51.93449806838493,32.918180245632236,15.147321685982812,16.16551015163197,43.76360808709176,14.470868741211715,18.661656061835426,5.0,36.25801703290927,66.70100196647626,41.23981646221557,4.6352654742953465,16.443487217904302,40373.0,0.4263,23233.0,59.477647812850506,8.171695402298852,69.99928535696421,66.02536997885835,20.38161938111913,98.0126849894292,14.307153576788394,0.4016913319238901,1.5727115571109331,7.555555555555554,26.061474891428087,21.18311759497407,38.09503731500612,20.930134502677408,5.013281612345574,7.655555555555553,10.578538940570274,2.922983385014721,"Menominee County, MI",Michigan
2753,145,1.4891517465595983,1.9701741188793258,train,5073,7270,48.61072902338377,51.38927097661623,60.880330123796426,38.19807427785421,97.3063973063973,50.5050505050505,46.801346801346796,2.6936026936026933,15.903060321952946,80.55899522377499,3.5379444542720675,29.826302729528532,39.470636889991724,30.70306038047973,64.87483019600234,23.30681156607801,11.818358237919659,24.414668547249647,47.839506172839506,28.857989514474593,23.12972821518633,6.0,23.887343532684284,62.26148409893993,47.84452296819788,11.130742049469962,24.52296819787986,31194.0,0.5191,20904.0,50.221121528392,12.46917928848186,50.98227120268328,55.037187288708594,24.86823191183517,98.91818796484112,28.078581696214666,0.0,1.237964236588721,4.333333333333333,27.785419532324624,22.48968363136176,35.57083906464924,21.05914718019257,0.921595598349381,4.433333333333333,7.171925147205158,2.7385918138718255,"Lafayette County, AR",Arkansas
2754,2803,2.61414643923577,2.2883588718260475,train,50009,6207,50.12083131947801,49.87916868052199,96.66505558240696,0.6122120186885774,99.03083700440529,60.440528634361236,38.59030837004404,0.9691629955947136,16.068951852585695,79.88904299583909,4.042005151575194,25.151400454201358,52.100681302043895,22.74791824375473,58.818511409682245,25.165280443591385,16.01620814672638,15.037228876659114,20.983606557377048,17.00507614213198,20.31577251490253,5.0,38.631433642279625,67.60459089226211,45.13143280266569,7.219548315438723,20.399851906701226,36599.0,0.4187,21338.0,57.917570498915396,9.329247531494724,57.24696356275304,56.734992679355784,31.929824561403517,99.48755490483164,13.954116059379215,0.21961932650073207,1.2405348799742226,13.555555555555555,23.48960850652489,20.04188819075237,39.64878363138392,22.007410987594646,2.722732398904463,13.655555555555557,9.858744933550083,-3.7968106220054736,"Essex County, VT",Vermont
2755,935,2.0780516873907815,2.138172007973809,train,20107,9528,48.89798488664986,51.102015113350134,96.3056255247691,0.6926952141057935,99.0072202166065,70.53249097472923,28.474729241877256,0.9927797833935018,17.399115533443894,80.97014925373135,1.6307352128247647,19.34316007240755,60.05947763123869,20.597362296353765,49.031676925386584,36.015613271280586,14.952709803332837,13.200550905816295,11.884205180294568,16.259640102827767,19.190103615986462,2.0,37.20229947987955,70.61214729794358,39.86131037780966,4.471544715447156,10.879961740793876,46964.0,0.4718,26519.0,59.21779988944168,7.584597432905485,78.30786433097279,65.18716577540107,12.001490868430862,96.68449197860964,14.908684308609764,0.0,2.214525608732158,7.8888888888888875,29.76490344248531,21.85138539042821,34.82367758186398,20.004198152812762,3.0016792611251057,7.988888888888888,8.483914916692969,0.495026027804081,"Linn County, KS",Kansas
2756,697,2.4169053500233435,2.3171152748553787,train,18013,15011,50.10325761108521,49.896742388914795,97.25534607954168,0.32642728665645193,99.29929929929928,63.79713046379714,35.50216883550217,0.7007007007007007,12.934736842105265,85.43157894736842,1.6336842105263156,20.639053254437872,53.506903353057204,25.85404339250493,48.133381660021755,29.566872055092425,22.299746284885828,12.551315700922,26.90831556503198,11.587942529815006,11.686827956989248,2.0,42.87498958940617,74.0278917145201,40.36095159967185,3.658736669401149,12.337981952420016,54615.0,0.4556,29903.0,61.415467474543455,5.864620443957247,69.00022366360993,68.24209452567153,14.840080518899574,98.84393063583816,19.80541265936032,0.0,1.4722536806342017,11.111111111111107,26.52721337685697,19.392445539937373,40.35040969955367,20.24515355406036,2.4182266338018783,11.211111111111107,10.1463625810011,-1.0647485301100073,"Brown County, IN",Indiana
2757,2028,1.9909138641722421,1.4579163527639107,train,38089,28628,51.9037306133855,48.0962693866145,92.62610032136372,1.1142936984770155,99.5601173020528,78.56304985337243,20.99706744868035,0.4398826979472141,15.24597217574222,77.9557297891667,6.798298035091075,28.761528326745715,53.06982872200263,18.168642951251645,40.46073632687806,35.24154075335177,24.297722919770173,6.691049913941479,5.117866004962778,7.847144170838868,9.583303755235322,5.0,25.99153400202448,84.40987784515335,24.237630723262143,3.1197820546620965,7.197469021882415,72099.0,0.4173,35114.0,75.7706361847653,2.69568443180413,85.83109318996416,74.78510028653295,7.263664874551972,98.08022922636104,10.187051971326165,0.0,4.352382283079503,7.222222222222222,29.589911974290906,32.47170602207628,30.38982814028224,13.28769037306134,6.259605980159284,7.322222222222222,4.2969967685328285,-3.0252254536893934,"Stark County, ND",North Dakota
2758,3028,2.6461747973841225,2.746442136352604,train,54087,14636,49.40557529379612,50.59442470620388,97.93659469800491,0.02049740366220279,97.8871018606118,72.37464522232735,25.51245663828445,2.112898139388206,14.888556074354687,82.71517927935865,2.396264646286671,22.76659457660955,52.087838961903174,25.145566461487274,67.98010711553175,20.696250956388678,11.323641928079569,22.072668944835762,40.36740461610928,25.499944757485363,21.372575986796864,6.0,29.468261590849558,60.83106267029973,44.550408719346045,15.752724795640328,25.357629427792915,31813.0,0.4596,18957.0,46.66784047891539,8.60215053763441,53.3348745809733,60.56129985228951,33.499017454629524,96.63958641063515,18.113512888683392,0.0,0.9087182290243236,14.0,27.596337797212357,22.765783000819894,36.45804864717135,19.028423066411587,2.042907898332878,14.1,15.58707642084311,1.4870764208431098,"Roane County, WV",West Virginia
2759,1817,2.92017025333157,2.8199071017493083,train,35053,17494,52.10357836972677,47.896421630273245,80.9934834800503,0.7488281696581685,100.0,33.38206627680312,66.61793372319687,0.0,13.841851794314122,75.56315053596396,10.59499766972192,45.413822525597276,26.89846416382253,27.6877133105802,56.54872749844817,25.946617008069524,17.50465549348231,25.13808908214831,48.22463768115942,29.529058116232466,28.898344066237353,6.0,21.438192158036514,60.78431372549018,37.1336163331312,13.583990297149787,23.36769759450172,34037.0,0.535,18553.0,45.829569406805184,7.342312746386334,52.80205167173252,53.66473149492017,30.28115501519757,93.79535558780842,22.23594224924012,4.898403483309144,49.14827941008347,18.444444444444443,32.02240768263405,28.07819823939636,32.27963873327998,16.034068823596662,18.25768835029153,18.544444444444448,16.775292204450896,-1.7691522399935522,"Socorro County, NM",New Mexico
2760,2629,2.118929313186954,2.2192532843870225,train,48227,36105,56.76776069796428,43.23223930203572,83.6116881318377,5.841296219360199,99.81278082875687,61.35796305541688,38.45481777333999,0.18721917124313528,13.890735079090787,80.15862466214719,5.950640258762019,29.573139522980856,37.625823182174905,32.801037294844235,53.23839009287926,33.92776057791538,12.833849329205366,15.634083412260358,28.442583346754713,15.395199510778168,17.644582604753577,5.0,28.711918760021376,74.62073888988044,33.5534535070498,6.407281813314296,13.144743887203285,49575.0,0.4629,22049.0,63.87539922124514,5.753424657534247,65.56195190186689,58.17330210772835,13.988271372464625,99.48477751756441,24.463334588691026,0.0,39.86705442459493,8.222222222222221,28.411577343858195,32.28915662650602,32.85694502146517,12.602132668605455,10.547015648802104,8.322222222222221,9.200458174463183,0.8782359522409617,"Howard County, TX",Texas
2761,1501,2.4069451083182885,2.204185413284004,train,29049,20498,50.22929066250365,49.77070933749635,95.23368133476437,1.7513903795492245,98.24914469712215,68.38398068021735,29.865164016904806,1.7508553028778426,12.023888520238886,85.65361645653617,2.3224950232249504,21.094132029339853,57.12102689486552,21.78484107579462,46.65619870102064,35.72907001641568,17.6147312825637,9.318672490836974,13.28015016424214,9.348503514747446,13.073428842410022,2.0,40.09287925696594,79.12332838038633,34.20009905894007,3.628033680039624,10.264982664685487,54773.0,0.3829,25500.0,66.46972915560276,5.323079996005194,76.54403196271015,74.62295081967213,10.104877642750122,99.18032786885244,17.05510238055602,0.0,1.8977461215728364,11.0,30.417601717240707,24.76339155039516,34.252122158259354,16.74309688750122,3.014928285686408,11.1,9.06286606989115,-2.0371339301088494,"Clinton County, MO",Missouri
2762,2208,2.1709566505156093,2.4944224268136637,train,41013,20956,49.39874021759878,50.60125978240122,92.75625119297577,0.5630845581217789,99.66378482228626,74.71181556195965,24.95196926032661,0.3362151777137368,15.002701566908808,79.81629345020112,5.1810049828900775,17.908920347944733,57.70652112115526,24.3845585309,50.66786539943489,33.862060107885945,15.470074492679167,19.426048565121416,39.27125506072874,20.85925068711124,21.922008239915687,5.0,44.28894711767508,65.69005397070164,46.5579909681683,6.333296618570326,25.762749201453904,37106.0,0.4243,21496.0,54.49431478156793,12.91456182736657,57.839662447257396,63.76543209876543,27.603375527426163,98.99176954732508,20.337552742616037,0.0,7.3725901889673615,8.666666666666666,25.648978812750524,21.05840809314755,35.622256155754926,23.449131513647647,6.680664248902462,8.766666666666667,12.114734351797296,3.348067685130628,"Crook County, OR",Oregon
2763,1164,1.8263398028248343,2.2523581574194296,train,22115,52476,52.28104276240567,47.71895723759433,76.97804710724903,14.267474655080411,99.58312725217267,74.15388963470645,25.429237617466264,0.41687274782731576,11.898048321999225,84.24559075579145,3.856360922209322,26.281189302256088,51.157926191543396,22.560884506200512,48.315039476217976,32.473201104050325,19.21175941973169,14.724133815983135,23.33713083866445,15.064836003051104,17.454957361773065,5.0,61.20888457337056,79.02141015581212,24.257370249971977,5.817733437955386,12.392108508014795,46312.0,0.4104,21578.0,58.034947884733285,7.400559928160161,68.51534904045738,71.71932545066873,18.910454826845342,96.47218453188604,19.642401951859,0.5039736383019965,8.981248570775211,6.1111111111111125,33.11037426633127,37.88398505983688,24.952359173717515,10.151307264273193,8.754478237670554,6.211111111111112,9.510135811968617,3.2990247008575047,"Vernon Parish, LA",Louisiana
2764,1153,1.513905485712537,1.7845010612147842,train,22093,21650,48.15704387990762,51.84295612009236,48.66974595842957,50.31408775981525,99.31733957480007,54.4372927637995,44.880046811000575,0.682660425199922,11.544126672394743,86.19123603780533,2.2646372897999263,34.05184801977352,44.099557394953145,21.848594585273318,60.61359867330015,25.179657269209514,14.206744057490324,17.99484656828297,38.62637362637364,17.563473744950954,16.250525038502825,2.0,22.883670125614422,75.1130085384229,32.33299849321949,7.370668006027121,14.716223003515825,51107.0,0.44299999999999995,24071.0,61.78906681391496,10.91252110018866,69.94088221919054,56.779388083735896,14.309534636956196,96.81159420289856,19.334546005760195,0.933977455716586,1.5381062355658195,4.4444444444444455,30.581986143187066,27.542725173210158,33.953810623556585,14.6189376443418,1.0161662817551962,4.544444444444445,5.956607223668443,1.4121627792239977,"St. James Parish, LA",Louisiana
2765,164,2.54683760751849,2.515501131249219,train,5111,24210,48.81866997108632,51.18133002891368,89.34737711689384,8.269310202395705,100.0,51.266921207913924,48.733078792086076,0.0,14.50622406639004,82.63347164591976,2.8603042876901794,24.044193216855092,45.668036998972255,30.287769784172664,65.65260058881256,25.969087340529928,8.378312070657508,22.813816343723673,55.92561754093811,23.103050064533658,22.563630274614873,4.0,24.284320104098892,66.51949170794744,41.320267068705576,10.478139134180486,23.4546629334482,33070.0,0.4258,17202.0,54.99393002979803,9.592614890628136,48.56740584301302,51.13607352565739,27.75079197465681,99.56599438345673,27.13833157338965,0.0,2.6022304832713754,12.666666666666664,30.351094589012803,26.001652209830645,33.31681123502685,16.864931846344486,2.3833126807104503,12.766666666666662,12.372807626306562,-0.3938590403601001,"Poinsett County, AR",Arkansas
2766,2983,1.67189092708065,1.7722483411772196,train,53075,46737,50.91041359094508,49.08958640905493,83.5826005092325,2.154609838029826,99.79916798163822,74.85296227227084,24.946205709367376,0.20083201836178446,16.048566448277935,58.70649756566689,25.24493598605518,52.727139076742134,34.60256787219445,12.670293051063414,21.762950425370807,29.29045476816177,48.94659480646742,31.2453430033282,23.91848409009653,50.89641434262949,10.081286826373061,5.0,19.000352698140773,81.47019943674924,19.598827518822922,3.6036553824932467,12.868555664118626,36631.0,0.5105,21188.0,59.83745600931716,8.686637894558686,81.72726236608159,72.73346966598501,10.64223843173011,96.7280163599182,10.106564850695237,0.8861622358554875,5.38545477886899,5.222222222222221,29.723773455720305,53.93799345272482,21.368508890172667,9.705372616984404,14.262789652737661,5.322222222222221,5.884067892561046,0.5618456703388253,"Whitman County, WA",Washington
2767,208,2.995176563620268,2.6798193390041263,train,6049,9184,50.78397212543554,49.21602787456446,90.17857142857143,0.5117595818815329,99.07859078590786,83.52303523035229,15.555555555555555,0.9214092140921408,20.038084077925888,74.32254284458767,5.639373077486451,25.450274079874703,49.673714434873396,24.87601148525189,39.32283932283932,42.693792693792695,17.983367983367984,18.764019739793632,22.782258064516128,23.17984361424848,21.09619686800895,6.0,36.41095890410959,62.61682242990653,44.64619492656875,6.835781041388517,10.360480640854473,37860.0,0.4518,21001.0,50.47256312596981,8.803801006148687,51.70309115967711,58.40796019900497,32.801732624532384,95.62189054726367,21.14589486119315,1.343283582089552,14.645034843205574,19.88888888888889,26.861933797909412,20.535714285714285,36.43292682926829,22.51742160278745,9.309668989547037,19.98888888888889,14.582458576403733,-5.406430312485158,"Modoc County, CA",California
2768,1222,2.6540241312485775,2.5455267649595923,train,25023,503681,48.708805771907215,51.291194228092785,84.85390554736033,9.019796259934363,99.53818270537799,71.987731344324,27.550451361053987,0.4618172946220069,11.446589562584991,85.14469606800994,3.408714369405072,31.058685285771407,49.00752825533658,19.93378645889202,36.70079207634052,28.901953402163358,34.39725452149611,8.187244967390354,12.842341581650393,7.7927954850112275,11.118680140434606,2.0,25.10086722626721,79.48794267603692,31.799917321207108,5.023563455973543,11.381562629185614,75459.0,0.4468,36163.0,70.22645231699127,7.473887901020576,79.07033038927051,70.30761485877802,20.08014393195944,95.63086216946638,4.583251553810926,0.4146574108420327,3.531203281442024,14.111111111111107,29.786511700858284,24.35708315382157,37.146130189544564,15.619608442645244,6.1262981927053035,14.211111111111109,12.749942540407728,-1.4611685707033804,"Plymouth County, MA",Massachusetts
2769,2675,1.561647248597752,1.739093524183098,train,48319,4066,54.00885391047714,45.99114608952286,90.75258239055584,0.024594195769798325,98.93899204244032,50.663129973474796,48.27586206896552,1.0610079575596816,17.287314562518922,78.89797154102331,3.8147138964577656,20.734833380803188,53.916263172885216,25.34890344631159,49.656075990828676,27.90697674418605,22.43694726498526,14.250432205482836,27.303754266211605,14.44906444906445,14.197683017007645,6.0,34.69202898550724,73.57059509918321,48.24970828471414,2.567094515752625,7.467911318553091,37654.0,0.4751,25585.0,65.12261580381471,6.834030683403068,49.389416553595645,66.20879120879121,9.000452284034372,98.07692307692308,43.916779737675256,0.0,24.569601574028532,4.666666666666667,23.46286276438761,19.011313330054108,35.58780127889818,26.85686178061977,9.222823413674373,4.766666666666667,5.692181258680643,0.9255145920139762,"Mason County, TX",Texas
2770,81,2.743703304335216,2.643662004636681,train,2170,96178,52.20008733806068,47.79991266193932,84.02649254507267,0.9971095260870468,98.88461828321651,74.93405682417665,23.950561459039868,1.1153817167834803,9.95279539755126,83.90323056498008,6.143974037468653,29.295668245038925,49.44352260310009,21.260809151861,39.353148581408384,39.90674531255149,20.74010610604013,10.026939312305114,14.321552748558602,9.982128769461127,11.475045271150364,3.0,44.424829981189404,83.50054665894913,21.567303363560356,5.563058717602417,13.656826805582352,72983.0,0.3997,29913.0,65.86749580030062,9.557260788831963,65.11946199858065,62.82258064516129,15.643269913149268,95.49539170506912,23.992092190192967,1.8433179723502304,4.462559005177899,15.444444444444445,35.1130196094741,29.571211711618037,33.65946474245669,9.09251595999085,14.976397928840274,15.544444444444444,14.064614099597279,-1.4798303448471657,"Matanuska-Susitna Borough, AK",Alaska
2771,1141,1.9600947840472698,2.021021727699951,train,22069,39330,47.7116704805492,52.28832951945082,54.74701245868296,40.48054919908467,98.63597612958229,52.00341005967605,46.632566069906225,1.3640238704177323,15.236946407030844,75.98828192314319,8.774771669825952,40.60133630289533,38.08145084314349,21.317212853961184,51.02824473077908,28.61592286031232,20.35583240890861,29.220220559480676,59.58513396715644,36.327466766523116,17.163502628784542,5.0,23.006658413356977,66.77504150525733,29.925290536801327,9.42169341449917,24.667957941339235,31345.0,0.5519,19883.0,56.0004109870539,11.968686930462965,56.26882769739913,59.069106413217256,20.16207730493445,96.85556937289041,26.6536552250838,0.3553028957186001,2.0722095092804484,7.0,32.245105517416725,33.09433002796847,28.19730485634376,14.74701245868294,4.772438342232394,7.1000000000000005,7.546030985130618,0.44603098513061745,"Natchitoches Parish, LA",Louisiana
2772,2175,2.7649205075996024,2.6570332641410346,train,40101,70224,48.89354066985646,51.10645933014354,60.69434951013898,11.084529505582138,97.7287286704327,58.1736649001223,39.5550637703104,2.271271329567293,15.234541361617556,80.61814273256405,4.1473159058184095,25.87051288951079,45.132124212905644,28.997362897583557,50.68546134341828,30.86724827023077,18.447290386350947,22.151086414906306,47.028401122019645,23.176168771326807,18.78681762200822,5.0,33.330184222957016,69.43717029109264,35.32581881665339,7.905423355725075,22.277885308740373,39984.0,0.4593,20516.0,58.19990828066117,7.841995272191579,56.80807776354458,59.729206963249524,18.873232361289027,97.46615087040621,28.319895511516343,0.7253384912959381,5.703178400546823,15.777777777777779,31.24287992709045,28.01321485532012,31.9064707222602,15.498974709501027,28.22112098427888,15.877777777777778,14.253938637536644,-1.6238391402411345,"Muskogee County, OK",Oklahoma
2773,710,1.9120085973796321,2.1739879105074422,train,18039,200685,49.418242519371155,50.58175748062885,86.21969753593945,5.785185738844457,99.06856035693336,66.21398225998543,32.854578096947925,0.9314396430666406,11.597054040041757,83.98045496189712,4.422490998061121,28.917940860039767,50.20963061976332,20.872428520196927,56.08946757156063,25.772096293779782,18.138436134659607,16.060438192139785,31.006520450503857,15.061754494377455,13.270001109911512,4.0,21.64708329000728,79.78960519030652,29.67816124590071,5.174690157441192,14.398273683612773,47913.0,0.419,21817.0,67.84150906155939,6.967851873402465,65.09408958388549,58.61847389558233,12.82798833819242,96.49799196787147,24.64967553841813,1.2409638554216866,14.830704835936912,6.666666666666668,35.13416548321998,27.84861848170017,31.045170291750754,12.993497271843937,7.995116725216135,6.7666666666666675,8.793281029743152,2.026614363076485,"Elkhart County, IN",Indiana
2774,47,2.158201375540483,2.5157309643134056,train,1095,94318,49.20481774422697,50.79518225577302,92.01318942301576,1.9201000869399267,99.73735199138859,64.93864370290635,34.79870828848224,0.2626480086114101,12.512143551060062,84.58911937825019,2.8987370706897537,24.43303094983992,50.63233724653148,24.9346318036286,54.41104148488935,28.96644721186643,16.62251130324423,20.16458697681405,49.13436692506461,18.985558892905022,17.59373227301431,5.0,27.946246394146208,70.32485916931789,37.89439887919208,6.036017629374507,17.608943113160734,38983.0,0.4744,21363.0,58.455620458754815,8.067267852790641,62.80190630338998,63.40075419952007,15.334951892815392,96.72951662667124,25.967089290531426,0.7473431607816251,12.663542483937318,8.555555555555555,31.19446977247185,26.74250938315062,32.612014673763234,15.996946500137833,6.066710490044318,8.655555555555555,12.375651633406822,3.7200960778512666,"Marshall County, AL",Alabama
2775,959,2.0640458562018624,2.1471043489324355,train,20155,64058,50.36373286708921,49.636267132910795,91.39685909644385,2.9801117737050795,99.49420016185594,74.46722417048827,25.026975991367685,0.5057998381440518,16.187236241495135,79.91129101713892,3.9014727413659465,24.925482909456896,51.08001393566368,23.994503154879407,40.47207032601924,39.3391938349369,20.18873583904386,12.204582651391163,18.788174932812122,12.450439996131903,14.214475992463127,5.0,27.23998290633077,76.48722954934854,35.68952464437981,5.4110052994381785,13.017492130533533,45288.0,0.4221,23578.0,65.66461116820828,5.393243772009913,72.69417812977629,66.32148521317288,12.546894539391413,98.55396958671517,18.552174517159926,0.5037783375314862,8.75300508913797,7.777777777777778,29.821411845514998,27.29713696962128,31.80711230447407,17.64650785225889,5.623029129851073,7.877777777777777,8.560035599220422,0.6822578214426445,"Reno County, KS",Kansas
2776,193,2.376454941560501,2.4767790583968035,train,6019,956749,49.88936492225234,50.110635077747666,59.62389299596864,5.069145617084524,99.33055600642031,58.051903551010845,41.27865245540947,0.6694439935796859,9.567378631382887,84.65959942913814,5.773021939478968,38.10154891079268,40.39288771086999,21.505563378337325,49.26633833987947,31.340920423034195,19.392741237086348,26.841653752490593,61.88135502990081,28.472669740878658,12.377810193652527,3.0,17.72667380019632,78.76984863569632,26.19901790384907,8.748080525134574,21.385734294055112,45233.0,0.474,20408.0,64.03025702298922,12.907465087783295,52.714281677804,55.01308874761352,25.927659183702307,95.59312693132836,24.533786361131916,1.6080461353750468,51.641235057470674,10.666666666666666,36.79742544805377,32.248165401792946,27.831960106569227,10.882164496644364,35.306961386946845,10.766666666666664,11.902864178154175,1.1361975114875111,"Fresno County, CA",California
2777,2468,2.1054882506179364,2.0052895166942966,train,47095,7687,64.2253154676727,35.774684532327306,68.73943020684273,26.81149993495512,93.44262295081968,45.73770491803278,47.70491803278689,6.557377049180328,15.981856990394876,80.97652081109925,3.0416221985058702,38.758870602446024,27.38940057375812,33.85172882379586,72.87690421992646,18.26300122570478,8.860094554368763,26.989973398813177,69.31137724550901,29.517241379310345,26.119253162015664,6.0,20.545398202665012,63.718929254302104,38.86233269598471,9.990439770554492,37.66730401529637,30086.0,0.4921,12810.0,53.620873269435556,10.228401191658394,49.88034188034188,48.61612515042118,32.888888888888886,99.51865222623344,19.555555555555557,0.0,3.7986210485234815,8.11111111111111,19.81267074281254,33.15988031741902,36.295043580070256,14.505008455834528,4.44906985820216,8.211111111111109,7.428244186171671,-0.7828669249394373,"Lake County, TN",Tennessee
2778,97,3.0492730404820207,2.9176826708756067,train,4007,53165,49.724442772500716,50.275557227499284,79.14417379855168,0.7222796952882535,98.75309434308242,52.287521775006866,46.465572568075544,1.2469056569175758,14.662564798217142,81.53674725061771,3.800687951165157,23.814383887868274,47.29083032818489,28.894785783946837,46.019220251582155,37.268536604422216,16.712243143995625,22.67312701087789,62.61980830670928,22.84640870902852,21.232406453827668,5.0,41.472363593324644,60.09373953799799,49.944999760868534,6.939595389545173,19.981826007939166,39751.0,0.4284,20583.0,48.62619500565897,12.568711929876688,51.457446808510646,68.01230584527653,30.56737588652482,97.89900202596232,22.117021276595747,0.8103849328431004,18.562964356249413,21.0,25.89485563810777,20.08652308849807,33.81171823568137,25.561929841060852,20.133546506160066,21.099999999999998,18.49837093936914,-2.6016290606308594,"Gila County, AZ",Arizona
2779,2536,1.8786165133213217,1.8681534760069558,train,48041,205271,50.693960666630936,49.306039333369064,73.92520131923165,10.752127675122155,99.5705287268563,65.39177323916779,34.17875548768849,0.4294712731437297,13.940666841690733,62.98712226777335,23.072210890535914,49.83938399036303,34.85780759146845,15.302808418168507,34.986095554439764,26.075663357923602,38.93824108763664,27.898550724637683,32.04181846982417,40.67526240277883,8.534405719392314,4.0,15.96494780831753,84.21024127379565,16.882395948983184,4.018522028757887,9.986731295188065,39808.0,0.5195,22648.0,65.0688456276437,5.993325746031133,77.2520669799088,70.02390538500252,6.59830179998048,95.28812279818823,18.351156532771913,1.8998490186210368,24.372171422168737,6.4444444444444455,31.350750958489023,49.81755825226165,21.659172508537498,7.991874156602737,15.322671005646196,6.544444444444445,6.476326658918889,-0.06811778552555658,"Brazos County, TX",Texas
2780,2522,1.9120085973796321,1.9656552567443122,train,48013,47050,49.727948990435706,50.27205100956429,91.71944739638685,0.7842720510095644,99.68213123439035,59.9561038371301,39.72602739726028,0.3178687656096269,9.56826137689615,88.36430003291147,2.0674385901923817,27.171596978166427,48.91939009879072,23.909012923042866,60.176782159846155,25.78522991801896,14.037987922134885,16.40646870087642,33.0879345603272,15.092975206611571,12.115553838559439,2.0,28.599757303104745,78.89735077784287,38.00689969407017,7.205623901581721,18.15400637896245,52192.0,0.4335,22493.0,62.71120431396046,6.334495772225673,60.00220030070776,54.148257241040746,14.459642817851773,98.65815742104401,28.46822399061205,0.8018327605956471,62.78639744952178,6.666666666666668,35.72794899043571,26.928799149840604,31.32624867162593,13.647183846971304,7.496280552603616,6.7666666666666675,7.139589321815866,0.37292265514919887,"Atascosa County, TX",Texas
2781,2182,2.6461747973841225,2.565743241000722,train,40115,32085,49.08835904628331,50.91164095371669,69.07589216144615,0.9568334112513636,99.32919883559043,61.28338185039868,38.04581698519175,0.6708011644095684,14.367766453618932,80.03973052340645,5.592503022974607,24.238379396984925,48.18231783919597,27.57930276381909,52.693062670560636,33.64772346435582,13.659213865083544,22.926404693594666,54.94134022668522,23.034957627118644,18.39011440490487,5.0,31.87655343827672,70.06881684769091,39.25047674322196,7.528397313655584,20.28853328911368,36347.0,0.4317,18136.0,59.24348486126338,9.068261086198307,54.89261450799914,64.9945075064079,19.570458031996495,98.33394361039913,28.9612097304405,0.2380080556572684,5.108306062022752,14.0,32.16144615864111,26.88172043010753,30.687237026647967,17.668692535452703,29.96727442730248,14.1,13.010324583725685,-1.0896754162743143,"Ottawa County, OK",Oklahoma
2782,470,2.1959892467282267,2.0962499383725914,train,13181,7720,47.99222797927461,52.00777202072538,66.19170984455957,32.56476683937824,100.0,49.899396378269614,50.10060362173039,0.0,19.243930259084244,78.01857585139321,2.7374938895225687,26.281854467301198,45.51734725207246,28.200798280626344,60.94222222222222,26.915555555555553,12.142222222222225,25.03273108143493,67.34693877551021,27.20891824938068,18.642735490632774,3.0,34.256724110162665,63.91240875912408,45.25547445255474,3.2992700729927007,17.605839416058394,34243.0,0.4747,22373.0,55.617062845978495,8.782201405152223,66.44222415291051,51.56046814044213,14.748045178105993,97.26918075422628,24.044309296264117,0.0,0.7124352331606217,8.888888888888891,25.323834196891195,21.152849740932645,39.61139896373057,19.92227979274612,1.243523316062176,8.988888888888889,8.135603620695795,-0.853285268193094,"Lincoln County, GA",Georgia
2783,1409,1.8263398028248343,1.7431265513512264,train,28029,28921,48.20372739531828,51.79627260468172,46.0426679575395,51.28799142491614,99.9421881774823,52.2040757334875,47.7381124439948,0.05781182251770488,12.970349368061896,84.40098034504302,2.6286702868950935,34.085006925207765,40.76350415512465,25.151488919667592,52.08344420201161,33.845990101644404,14.070565696343994,27.175577957468033,69.91869918699186,29.24015868172109,16.047408849188418,3.0,22.299049265341395,67.46951219512195,37.92682926829269,7.347560975609754,20.365853658536587,35130.0,0.4898,17762.0,54.79320294966335,14.386023572682438,55.537321034463254,46.78039404132628,20.660969950766802,99.47140797693415,27.78563748514515,0.0,2.7938176411604023,6.1111111111111125,31.59987552297639,28.45337298157048,32.75474568652536,14.802392725009508,2.6693406175443446,6.211111111111112,5.715184335179713,-0.495926775931399,"Copiah County, MS",Mississippi
2784,2483,2.232401036136941,2.1322205250068382,train,47125,185980,49.83170233358425,50.16829766641574,71.70072050758147,19.225723196042587,99.05990164517212,65.99450950960836,33.06539213556376,0.9400983548278792,11.01144213343848,83.35848226810532,5.630075598456184,26.87660506041342,50.877082193126476,22.246312746460095,38.87442898119622,36.484117709550624,24.64145330925316,15.768804642336088,29.135497802113058,15.187798135535575,13.777479053920946,3.0,61.02244733697022,83.74399855059335,20.97714164930398,4.422200078509527,14.900202313011446,50344.0,0.4164,22916.0,65.57250656167979,9.482650789282768,72.77413308341144,69.92772667542708,18.420805998125587,97.22076215505913,16.47141518275539,0.6833114323258871,9.25583396064093,9.222222222222221,33.74448865469406,37.574470373158405,26.78029895687709,8.391224862888484,9.073556296375957,9.32222222222222,8.433572994711751,-0.8886492275104683,"Montgomery County, TN",Tennessee
2785,589,2.0640458562018624,1.9877904872405041,train,17001,67081,48.71125952207034,51.28874047792967,93.1142946586962,3.784976371848959,99.24886341174143,69.81616920339988,29.43269420834157,0.7511365882585491,16.32131030516944,79.93694354662807,3.741746148202495,27.0725960830511,50.99948461198645,21.927919304962447,44.784118029941425,34.039921891950534,21.17596007810805,14.403945700804716,25.145165362282253,14.590360627532654,13.808879633992493,5.0,30.55609190963507,75.74675445448797,35.05933117583603,5.051519547669531,14.685860953018635,45965.0,0.4262,24380.0,67.58631593509753,6.512076729633312,71.07377090853628,67.27644081342687,20.204382530886168,97.9930734393038,12.629010117443693,0.4528905070597638,1.405763181824958,7.777777777777778,28.790566628404466,26.612602674378728,32.51442286191321,18.14224594147374,3.1007289694548383,7.877777777777777,7.299387840997424,-0.5783899367803533,"Adams County, IL",Illinois
2786,2168,2.538096293116917,2.185064178180263,train,40087,36512,49.89318580192813,50.10681419807186,83.79984662576688,0.9229842243645924,99.95811518324608,76.01047120418848,23.947643979057588,0.0418848167539267,10.89349910125824,86.64994008388256,2.4565608148591966,20.438083907764444,58.30504916197207,21.25686693026348,47.34544547457698,30.22491996840311,22.42963455701992,10.890214269935939,14.263341766052283,11.513912644445375,13.823651165999722,2.0,32.26309921962096,79.16037450921172,31.569012382965873,4.560555723346421,10.276351555421323,56088.0,0.4115,26562.0,64.61284761262274,3.706496519721578,73.48673874872931,71.90476190476191,11.523888734867384,98.33333333333331,18.473338878107384,0.0,7.490687992988606,12.555555555555555,33.024758983347944,26.48718229623137,33.1726555652936,14.176161262050831,15.277169149868536,12.655555555555553,8.891219157326852,-3.7643363982287017,"McClain County, OK",Oklahoma
2787,877,1.3261904370501851,1.612312367679958,train,19189,10614,49.1991709063501,50.8008290936499,95.79800263802522,0.9233088373845864,99.82601130926493,81.20922140060895,18.616789908655935,0.17398869073510226,19.78078658929723,78.76208897485493,1.45712443584784,22.181526839876383,57.76582350921369,20.052649650909927,42.922868741542615,36.50879566982408,20.56833558863329,9.917272999102961,10.931372549019608,11.031723349528436,13.814333814333816,6.0,27.11191335740073,74.06113537117905,35.67685589519651,2.5982532751091703,7.1179039301310025,47668.0,0.4161,25021.0,66.8026201952787,6.04995374653099,87.60330578512396,71.25,11.521633446767135,99.01041666666669,6.643979906011992,0.0,3.796872055775391,3.6666666666666665,28.603730921424532,23.95892217825514,34.388543433201434,19.945355191256827,3.278688524590164,3.7666666666666666,5.014392952267725,1.2477262856010585,"Winnebago County, IA",Iowa
2788,1374,1.4891517465595983,1.4062928048516945,train,27133,9563,48.63536547108647,51.36463452891353,96.60148488967896,0.5333054480811461,100.0,78.58619264158744,21.41380735841257,0.0,17.924528301886788,80.711175616836,1.3642960812772134,20.670909573057546,59.18854415274463,20.140546274197828,48.68481772035072,30.902938009537,20.41224427011229,11.408104351544962,17.062530295685892,11.489635224168403,11.44294583600942,6.0,29.05946857865879,77.70425044540595,35.250699923644696,3.5123441079155,8.297276660727919,51496.0,0.4269,26065.0,68.29409215657952,3.193739424703892,77.02832915783387,66.95501730103807,16.457891693968012,98.44290657439446,10.0790132973598,0.11534025374855825,2.4364739098609216,4.333333333333333,32.06106870229008,23.015790024051032,31.580048102060022,19.941440970406774,2.8652096622398826,4.433333333333333,4.080799009284369,-0.352534324048964,"Rock County, MN",Minnesota
2789,1197,1.895451927785184,2.0858596127646036,train,24023,29813,49.52537483648072,50.47462516351928,97.29312715929292,0.6037634588937713,98.97651006711409,75.4026845637584,23.573825503355714,1.023489932885906,13.926822983767073,83.6897706776604,2.383406338572533,24.89179224110292,55.017633857005464,20.09057390189163,53.8244690847585,27.13775606089081,19.037774854350687,12.412443345694273,22.83397353819889,12.22206214282284,14.257952337117725,6.0,28.59006185046493,72.08126106381185,37.17440782264183,6.119868498693418,17.710528534097616,45432.0,0.449,25348.0,62.03782951044164,6.891080913292407,66.18854764315446,63.738819320214674,22.944088198897514,96.97674418604653,14.647316908538643,0.7334525939177102,0.9358333612853452,6.5555555555555545,26.646093985845102,24.381981014993464,35.80317311240063,19.535102136651798,2.103109381813302,6.655555555555554,8.051509688284716,1.3959541327291616,"Garrett County, MD",Maryland
2790,985,2.8127438277723327,2.2079265471560356,train,20207,3211,50.01557147306135,49.984428526938636,94.67455621301777,0.5294300840859545,96.19883040935673,64.32748538011695,31.87134502923977,3.8011695906432745,21.813823411905712,76.6679984019177,1.5181781861765882,19.13929784824462,52.09513023782559,28.765571913929787,48.6152535151257,35.4069024286323,15.977844056242011,22.840690978886762,58.12182741116752,24.03369672943507,17.75964857232507,6.0,38.70201820340324,74.72240365774005,42.39059438275637,5.160026126714565,14.957544088830831,35787.0,0.4333,21432.0,64.04314822213344,4.678727386150967,67.63070077864293,69.78723404255321,10.734149054505004,100.0,24.6384872080089,0.0,2.6160074743070694,16.555555555555557,26.596075988788538,20.11834319526627,36.15696044845843,22.42292120834631,4.796013702896294,16.655555555555555,9.096834966598657,-7.5587205889568985,"Woodson County, KS",Kansas
2791,648,2.6222502112988773,2.4724250069742,train,17119,267356,48.90146471371505,51.09853528628495,88.27705381588595,8.081733718338096,98.61574858638569,65.98768435712009,32.62806422926559,1.3842514136143225,14.838413550756107,80.8090180439847,4.352568405259209,29.07846665075548,48.741944959518264,22.179588389726266,40.33372320540428,34.38890285626838,25.27737393832734,13.305055600137566,21.178423236514522,13.773842571863526,11.877918146578246,2.0,31.93996616590275,75.2611776568233,31.58872571444577,4.847307932892046,13.79130061338238,53431.0,0.4419,28337.0,65.73993783918081,8.461840574447747,74.27556124018848,71.66350411132196,16.931022208278783,97.84187223276408,11.848638604154472,0.15180265654648956,2.9915169287392094,13.666666666666664,28.50880473974775,28.27278983826808,34.097607684136506,15.3039393168659,3.641212465775969,13.766666666666666,11.851151157718236,-1.9155155089484293,"Madison County, IL",Illinois
2792,1533,2.334299068483573,2.486658339750597,train,29113,53850,49.82544103992572,50.17455896007428,94.65923862581243,1.9182915506035283,98.93379790940766,69.77700348432056,29.15679442508711,1.0662020905923344,10.266914000103057,86.53836244653989,3.194723553357036,26.616276858718386,51.7683970336566,21.615326107625023,57.054285714285705,28.17142857142857,14.774285714285714,15.044397941292912,28.740591151092342,14.191225965056045,16.523319654468118,2.0,28.291259672713426,79.11125527084009,29.900529787004,6.654773489025841,14.179911341766678,53718.0,0.385,22232.0,66.28813124839786,9.064542325689317,75.06020790781331,62.73562107298212,13.550589885071487,98.96890607378764,15.80038411120934,0.3222168519413565,2.1541318477251625,10.222222222222221,34.04828226555246,26.954503249767875,34.347260909935,11.935004642525534,3.42246982358403,10.32222222222222,12.021038700812051,1.6988164785898316,"Lincoln County, MO",Missouri
2793,1559,2.1054882506179364,2.2077576801316594,train,29165,93394,49.30402381309292,50.69597618690708,86.91885988393257,6.3986979891641855,99.45535714285715,70.14285714285714,29.312500000000004,0.5446428571428572,14.904662074473395,81.28609934539853,3.809238580128069,26.95164064479141,52.77662964493807,20.27172971027053,27.13956134251944,32.41735667783326,40.443081979647296,7.685402494024508,11.979613463188171,7.220238640178218,9.863404821388016,2.0,30.72670833864864,83.017360741293,25.07988071147087,3.014165512834168,6.3638300138459885,68254.0,0.4298,35666.0,73.34741710321595,5.067626739320813,83.95223656866419,74.94493877191438,8.343269853166628,95.26913928288256,10.866010288556538,0.9162188353449036,5.562455832280446,8.11111111111111,30.763218193888264,28.180611174165374,35.380217144570324,12.442983489303383,6.682442126903228,8.211111111111109,9.095298940842305,0.8841878297311965,"Platte County, MO",Missouri
2794,2650,0.09531017980432493,0.19573615108924036,train,48269,267,50.93632958801498,49.06367041198502,97.00374531835207,0.0,100.0,100.0,0.0,0.0,10.480349344978166,75.54585152838429,13.973799126637552,23.553719008264466,55.371900826446286,21.074380165289256,59.54545454545455,18.63636363636364,21.818181818181817,7.116104868913858,11.764705882352938,7.009345794392522,7.116104868913858,6.0,0.0,80.53097345132744,24.778761061946906,0.0,0.0,63250.0,0.4,30269.0,74.67248908296943,5.263157894736842,67.21311475409836,45.65217391304348,0.0,100.0,32.786885245901644,0.0,24.719101123595504,1.0,20.59925093632959,29.962546816479396,38.576779026217224,17.228464419475653,2.9962546816479403,1.1,1.2162059683767292,0.11620596837672914,"King County, TX",Texas
2795,1469,1.9120085973796321,1.6643232199268845,train,28149,48020,47.559350270720536,52.440649729279464,49.57101207830071,47.948771345272796,99.36347854840044,52.52541952550219,46.83805902289824,0.6365214515995701,15.180061670768616,82.81705281620414,2.0028855130272425,34.96208930075821,43.16554338668913,21.872367312552647,44.06086901842421,31.572659246683017,24.366471734892787,22.648494026585894,56.75358539765321,22.040129182986327,12.951484462000716,5.0,22.969468841488915,72.81020906869402,31.89247895737171,7.48303013847407,13.288080369264188,41121.0,0.4731,22417.0,59.535683092440756,7.8320950262647315,63.062532478780525,63.78998189499095,17.85206998094578,96.40917320458661,23.024424042958607,0.3922751961375981,2.092877967513536,6.666666666666668,31.726364014993763,26.94710537276135,33.65680966264057,14.164931278633905,2.4802165764264887,6.7666666666666675,5.282097221661099,-1.4845694450055689,"Warren County, MS",Mississippi
2796,1317,1.2006339030604214,1.5996558680143178,train,27019,95715,49.508436504205186,50.49156349579482,93.04706681293423,1.1879015828240087,99.5877351198145,84.49957669231051,15.088158427503956,0.4122648801855192,10.25152213749483,87.27020157238282,2.478276290122362,25.43706532115096,61.294149734078815,13.268784944770218,26.07752645912493,28.696531367720684,45.22594217315438,4.401726084341799,4.636455342593312,4.591655741497648,6.427044921220249,2.0,19.802153549855557,86.95273234362743,20.92327358298713,2.0220214403997563,4.5960314924028935,86323.0,0.4281,40322.0,78.08285375389887,3.68515809609542,89.25001264307751,76.13737734165923,7.316127509650882,96.08608385370205,5.630383843832708,0.3902765388046387,4.082954604816382,3.2222222222222223,36.005850702606686,25.7963746539205,36.24196834351983,9.567988298594788,5.765031604241758,3.3222222222222224,4.951328220764068,1.6291059985418452,"Carver County, MN",Minnesota
2797,1888,2.69237238838298,2.5283781157224503,train,37009,27114,49.38039389245408,50.61960610754592,94.18381647857196,0.6859924762115512,94.80364934549782,66.81872272907576,27.98492661642205,5.196350654502181,13.277031704277999,84.52628178503853,2.1966865106834645,20.282402161596803,57.42177285801446,22.295824980388737,49.27048815470597,31.955091745388003,18.774420099906028,20.685512632803995,43.62657091561939,22.78324430700028,16.061520128104867,6.0,26.562641749070124,67.10503987782116,44.264381469540126,5.387748175801798,17.351094518920753,36267.0,0.4478,21269.0,58.062445554995186,8.275426405559065,61.02950408035154,69.90307770787281,16.72944130571249,99.72793742560788,26.842435655994983,0.18704301989457567,5.063804676550858,14.666666666666664,23.24629342774951,23.238917164564434,35.80806963192447,22.357453713948523,5.130191045216493,14.766666666666666,12.533162304567313,-2.233504362099353,"Ashe County, NC",North Carolina
2798,2723,1.9600947840472698,1.8937175328382907,train,48415,17238,54.02018795683954,45.97981204316046,86.94744169857294,4.5480914259194805,98.8988300068823,68.1578343656802,30.74099564120211,1.1011699931176877,13.320115356885363,84.4448449891853,2.235039653929344,26.869072998603247,50.87848268764243,22.25244431375432,49.431563870736724,35.23408826425565,15.334347865007608,9.857972885732734,12.74252753015207,10.257168193910733,14.078964072616479,5.0,24.970882832518054,78.92661179698217,31.43004115226337,3.823731138545954,11.574074074074074,56842.0,0.4171,24584.0,66.09916630100922,3.3590015932023367,70.74980618008638,62.468300929839394,11.252630413113305,96.57650042265426,21.209436260936986,0.9298393913778528,38.705186216498426,7.0,32.28912866921917,30.479173918087945,30.090497737556557,14.143172061724098,8.5044668755076,7.1000000000000005,6.64402219822072,-0.45597780177928016,"Scurry County, TX",Texas
2799,2888,1.895451927785184,1.7957642808438175,train,51159,8989,57.47024140616309,42.52975859383693,66.49237957503614,28.824118366892872,99.00596421471172,52.882703777335976,46.12326043737575,0.9940357852882704,12.350098442813675,86.45068909969572,1.1992124574906031,31.382092993467413,38.79851415396439,29.81939285256821,61.14658925979681,26.15384615384616,12.699564586357038,10.547095318668923,13.18181818181818,11.425159235668788,14.9634009009009,6.0,19.871537535126453,69.98260869565217,42.36521739130435,6.156521739130435,11.965217391304348,47288.0,0.4365,19407.0,61.590705987488825,8.03830528148578,75.06215813028344,67.45073108709472,10.691198408751863,99.23712650985378,16.28543013426156,0.7628734901462174,6.2298364667927455,6.5555555555555545,21.971298253420844,25.54232951385026,38.64723551006786,18.978751807765047,4.6835020580709745,6.655555555555554,6.024077049538404,-0.6314785060171504,"Richmond County, VA",Virginia
2800,2343,1.86149280724273,1.7774775962956675,train,45067,32167,45.941492834271145,54.058507165728855,40.696987595983465,55.94864301924333,99.96105413475269,37.25821108658964,62.70284304816306,0.038945865247306234,14.105679337753804,82.17124500638359,3.723075655862609,33.50527458889233,37.127676078188024,29.367049332919642,57.759970525927976,26.64179791839366,15.598231555678362,27.78213043342004,75.01728508873012,29.99198075380915,19.090226504817927,6.0,24.40802949610816,66.3237999665496,40.801137313932095,8.63020572002007,28.683726375648106,29874.0,0.4924,17553.0,55.88392893945014,13.578698923145009,51.79511229222032,49.6646942800789,24.38122036371216,98.73767258382642,27.13251003074358,0.2761341222879685,2.692200080828178,6.333333333333332,30.267043864830423,26.679516274442754,33.14887928622501,16.224702334690832,3.3543693847732152,6.433333333333332,5.914917775359862,-0.5184155579734702,"Marion County, SC",South Carolina
2801,334,2.4462043207689623,2.346013639275249,train,12043,13272,55.14617239300783,44.85382760699216,79.87492465340567,13.027426160337553,99.82158786797504,58.07314897413024,41.74843889384478,0.17841213202497772,11.198347107438018,82.24173553719008,6.559917355371901,31.637761487573748,36.41158591096013,31.95065260146612,67.57737675168867,24.034680915414853,8.387942332896461,20.20812353138637,40.276035131744045,22.314885013899413,21.24643516188559,6.0,29.281567489114657,47.78061224489796,53.80102040816327,6.581632653061225,11.709183673469385,34877.0,0.4526,17879.0,43.65702479338843,12.754377662091812,47.14195979899498,56.31038647342996,22.36180904522613,97.493961352657,35.03454773869347,0.4227053140096618,21.2251356238698,11.444444444444445,21.11965039180229,26.665159734779984,31.44213381555154,24.95479204339964,7.097649186256782,11.544444444444444,10.443853664275498,-1.1005907801689467,"Glades County, FL",Florida
2802,1659,0.6875761355104899,1.2211007204354536,train,31023,8256,50.41182170542635,49.58817829457365,96.82655038759691,0.6419573643410853,100.0,78.03497942386831,21.965020576131693,0.0,15.742251223491028,83.01794453507341,1.2398042414355628,21.711806075115966,59.46431243453539,18.82388149034865,49.22649052668173,35.54667130192943,15.22683817138884,8.456292622442652,11.832946635730858,8.446722035695354,12.405689548546693,6.0,31.246036778693718,79.0047525859659,34.47022644674308,4.724629577858541,8.666480290746435,51027.0,0.4515,29457.0,71.61479550268861,3.594994311717861,81.62020905923346,73.13915857605178,11.30226480836237,97.54045307443366,12.12979094076655,0.0,2.785852713178295,1.8888888888888888,30.11143410852713,20.155038759689926,36.04651162790697,20.203488372093023,2.5314922480620154,1.988888888888889,3.390918133065258,1.402029244176369,"Butler County, NE",Nebraska
2803,468,1.789905900578732,1.904126275792543,train,13177,28946,50.08982242796933,49.910177572030676,75.03972915083257,19.899122503972915,99.52643030846028,71.68821195443492,27.83821835402534,0.4735696915397414,8.444601199173679,88.53731042474932,3.0180883760769888,26.581605528973952,54.69608364345206,18.722310827573985,41.84351896175736,34.923674272645066,23.232806765597573,12.330843347407164,20.240852246410373,11.820171746085201,10.913172568614671,4.0,32.3197715917202,82.45631552670994,24.58312531203195,4.72291562656016,12.980529206190713,61537.0,0.4278,27999.0,69.78035849532947,6.736613603473227,78.44329045202406,63.37880377754461,10.138085683937213,96.7471143756558,14.76454620559424,0.6295907660020986,2.445933807780004,5.8888888888888875,34.40198991225039,28.69826573619844,34.232709182615906,10.07738547640434,5.061148345194501,5.988888888888888,6.713539282561808,0.7246503936729196,"Lee County, GA",Georgia
2804,1053,3.0386853290832008,3.138736966784183,train,21133,23671,49.14029825524904,50.85970174475096,98.33974061087406,0.1901060369228169,97.40791268758528,60.41707269538102,36.99083999220425,2.592087312414734,14.29509991787572,84.06241445387353,1.6424856282507534,21.430780331924534,53.5975672611071,24.97165240696836,62.5776397515528,25.633062589584327,11.789297658862875,28.447311827956987,69.17525773195877,33.52032638787702,30.27683134582623,6.0,18.75202593192869,56.50542118432028,40.8048373644704,17.389491242702253,29.722685571309427,30333.0,0.4608,17194.0,44.60514107951753,12.737061054692285,48.518036826613724,53.06946688206785,37.12095283729208,99.70382337102856,19.939763159696078,0.08077544426494346,0.6970554687169955,20.777777777777786,27.48088378184277,26.08677284440877,36.03565544336952,16.09141988086688,1.4701533522031176,20.877777777777787,23.074704327965108,2.196926550187321,"Letcher County, KY",Kentucky
2805,6,1.8082887711792655,1.9083917048944221,train,1013,20354,46.68369853591432,53.31630146408568,54.15643116832072,44.02574432543972,99.59813874788496,48.20219966159052,51.39593908629442,0.4018612521150592,16.235248092847367,80.03520897176763,3.729542935385017,31.612627986348123,40.66309117503657,27.724280838615307,59.84567019148328,25.63589597027723,14.518433838239494,25.364736344171693,64.5927997203775,26.76451187335093,20.42351768809168,6.0,28.03001154290112,66.47219463753724,41.19910625620656,9.793942403177756,23.89523336643496,32229.0,0.4506,18390.0,56.5180550123843,10.69080844193288,61.94809571958208,59.8733448474381,23.03673744523088,97.98503166378813,19.700033704078194,0.0,1.1791294094526874,6.0,28.82971406111821,25.709934165274635,33.256362385771844,17.80485408273558,1.8178245062395595,6.1,6.742236568002908,0.6422365680029083,"Butler County, AL",Alabama
2806,238,2.92017025333157,2.7419459323123414,train,6109,54079,52.179219290297524,47.820780709702476,88.05636198894209,1.8325042992658889,99.43789264851758,68.07009809324369,31.367794555273885,0.5621073514824204,14.831428158008974,80.73120146626152,4.437370375729514,25.320876813302192,49.42252887355632,25.256594313141484,39.39957427026498,40.1751853392381,20.425240390496928,13.874868871603036,18.882517669022537,15.532848336757928,19.51219512195122,5.0,35.267837297177145,64.04915736682781,45.19043961505445,9.004653684543444,10.332986942574436,50306.0,0.4402,27054.0,53.0028735632184,12.925815487485318,63.74654905393577,71.84441864322442,26.32145983435459,98.28329739591972,15.39290283482594,0.23221098026206666,11.351911093030564,18.444444444444443,22.163871373361197,24.212725827030827,36.252519462268154,22.72786109210599,10.111133711792007,18.544444444444448,15.51715106200431,-3.0272933824401385,"Tuolumne County, CA",California
2807,1571,3.0171675542740557,2.330739321322536,train,29187,66010,53.91001363429785,46.08998636570218,93.13285865777912,4.784123617633692,97.45695555075285,66.29925797853181,31.15769757222102,2.5430444492471724,16.138718927095802,80.02754509945588,3.8337359734483294,27.99904383642248,45.23021476904973,26.770741394527803,53.10350831374598,32.774005397405766,14.122486288848267,19.259566668395845,34.931785787008764,20.90260638442136,19.47296372347708,5.0,32.0221478832622,70.19570099454604,35.21815848572345,9.099294193134423,21.049887712544113,39741.0,0.4286,19315.0,61.020220381965494,7.859507171754321,65.56203305410912,70.7470454299035,20.644668326918726,98.89406917488888,19.7249264206475,0.3686436083703784,1.3967580669595516,20.33333333333333,26.84744735646114,30.3378276018785,33.64035752158764,14.847750340857447,2.0830177245871844,20.433333333333326,10.285543044003928,-10.147790289329398,"St. Francois County, MO",Missouri
2808,244,2.2789752273549118,2.635617163519502,train,8007,12174,50.94463610974207,49.05536389025792,87.36651881057993,0.9035649745358962,98.12271062271057,67.12454212454212,30.998168498168504,1.8772893772893773,14.870229007633586,83.32824427480917,1.801526717557252,19.35917114351497,58.835379892555636,21.8054489639294,34.47438162544169,30.52120141342756,35.00441696113075,11.690797137626893,29.49029126213592,10.250976017847185,14.501160092807426,6.0,39.45945945945946,72.96587926509186,38.84514435695538,3.730783652043496,9.748781402324713,46646.0,0.4521,28884.0,59.54067179279644,8.241291418861513,52.54375254375254,66.49423000397931,19.53601953601953,97.89096697174692,31.43399810066477,0.6366892160764027,18.49022506982093,9.666666666666666,23.91161491703631,20.584852965335962,40.413997042878265,21.061278133727612,11.72991621488418,9.766666666666666,13.951920422942294,4.185253756275628,"Archuleta County, CO",Colorado
2809,2562,2.0208114572284313,2.120896726187847,train,48093,13623,48.98333700359686,51.01666299640314,95.9773911766865,0.41841004184100417,99.71537001897535,77.19797596457937,22.517394054395947,0.2846299810246679,13.983216237314597,82.87470725995317,3.1420765027322406,20.16554484264144,51.81917409496089,28.01528106239768,58.372490388722774,24.903887227680478,16.723622383596755,23.191759349108008,67.10945802337939,21.93149381541389,18.09516717551568,6.0,27.771395749569212,66.1652666536433,40.49619066223872,5.118187145926939,9.865208048446963,37470.0,0.4429,19743.0,54.25282871634803,4.458827759798634,53.45159515951595,55.9731543624161,13.31133113311331,98.08724832214763,36.33113311331133,0.30201342281879195,26.85898847537253,7.444444444444445,29.83190193055861,22.08764589297512,31.8652279233649,22.726271746311394,3.6041987814725096,7.544444444444446,8.338611587457113,0.7941671430126664,"Comanche County, TX",Texas
2810,1449,3.0117149780606005,2.502945314982571,train,28109,55196,49.40756576563518,50.59243423436482,84.08399159359374,13.55714182187115,100.0,62.03090507726269,37.969094922737305,0.0,13.29628992206132,83.91561969857153,2.788090379367148,25.11894292994205,49.518591174547346,25.36246589551061,49.44067935004491,36.645709153262025,13.913611496693068,21.539948333859908,47.62012181367022,22.09229108572457,19.434219244644037,5.0,31.11211702482489,68.52373095214986,39.38658643113656,7.061050179559351,21.658740172765214,40976.0,0.4267,19786.0,55.103180383588246,11.569810988236332,58.8311209439528,60.72172102706453,17.57005899705015,98.88965995836227,27.541175024582106,0.16192458940550544,3.0328284658308573,20.222222222222214,31.377273715486627,24.81701572577723,34.911950141314584,16.46133777809986,2.358866584535111,20.32222222222222,12.21842813544559,-8.10379408677663,"Pearl River County, MS",Mississippi
2811,1182,1.9909138641722421,2.254077503487906,train,23023,35092,48.142026672745935,51.857973327254065,95.92214749800523,0.732360652000456,99.62454873646207,68.20216606498195,31.42238267148015,0.3754512635379061,15.998710647899433,80.55227248307727,3.4490168690233167,25.022125399959155,52.61079719518007,22.367077404860787,37.995020617754605,29.83739204854897,32.16758733369641,12.055801136689821,24.79369154593801,11.308318443517967,14.574794347788705,3.0,40.68484373887664,76.05972086984745,32.76209023044466,5.154170723790976,14.579681921454075,53298.0,0.4315,30062.0,66.5641539121728,5.608681637477168,72.24126748818679,68.5010975227344,21.458352635967763,97.94606459705237,11.669600667099047,0.517403574788335,1.4960674797674685,7.222222222222222,25.082639917930013,23.40989399293286,38.32497435312892,18.51989057335005,3.345491849994301,7.322222222222222,9.52650109134546,2.2042788691232387,"Sagadahoc County, ME",Maine
2812,1427,1.789905900578732,1.531158209905198,train,28065,11941,47.6007034586718,52.3992965413282,38.40549367724646,61.23440247885436,97.05426356589147,37.48062015503876,59.57364341085272,2.9457364341085266,18.83271859405511,76.9689737470167,4.198307658928183,31.89847715736041,38.36548223350254,29.73604060913705,59.2060810810811,26.640926640926644,14.152992277992274,34.32759502301005,91.9629057187017,44.260761072988146,20.80304311073542,6.0,22.179487179487186,61.008168957959754,40.76509264793784,8.607292289300657,22.07611077903965,26279.0,0.484,15682.0,50.54054054054053,12.427807486631016,48.95114740250598,48.48625989753143,25.21469801492327,99.16162086632515,30.40968604814867,0.0,0.14236663596013735,5.8888888888888875,27.83686458420568,24.336320241185838,35.39904530608827,18.650029310777995,0.3601038438991709,5.988888888888888,4.623528739162608,-1.3653601497262802,"Jefferson Davis County, MS",Mississippi
2813,694,2.4267673628924595,1.9689901807936028,train,18007,8752,49.89716636197441,50.10283363802559,97.8290676416819,0.8455210237659964,99.03536977491964,74.8277446026642,24.207625172255398,0.964630225080386,15.55417572182552,81.35672151505744,3.089102763117044,23.892908827785817,50.36179450072359,25.745296671490593,56.22878479293958,26.832993890020372,16.938221317040053,13.700696055684455,19.200887902330734,14.8128437111939,18.230068074304835,4.0,25.804483757816076,77.7777777777778,34.58734324876057,7.349081364829396,15.952172645086026,47046.0,0.3838,22526.0,66.34734239802225,5.146716348393107,65.047786229764,68.02973977695167,16.81295104349522,95.68773234200745,20.75287692607763,0.6691449814126395,5.23308957952468,11.222222222222221,31.42138939670932,24.38299817184644,34.49497257769652,16.042047531992687,1.3254113345521024,11.32222222222222,7.163439056369749,-4.15878316585247,"Benton County, IN",Indiana
2814,1937,1.9600947840472698,2.0984611823880757,train,37107,58782,47.5876969140213,52.41230308597871,55.203974005647964,40.24531319111293,99.8502545672357,51.79694519317161,48.05330937406409,0.1497454327643007,16.108142378407752,80.39579748211212,3.4960601394801194,31.29126233940436,41.69303963280448,27.01569802779117,52.34654350417163,34.94735796583234,12.706098529996028,23.206802202749966,56.727358713643895,23.97246913924263,22.923444313698354,5.0,24.93580662298565,70.83351189200772,41.054210413541895,7.8208699378615805,27.233769016498822,34717.0,0.4785,20191.0,60.86633496183893,12.335860921028294,56.982264030055035,59.96031746031746,22.305384861810875,98.26388888888887,26.72044733086757,0.30753968253968256,7.121227586676192,7.0,29.779524344187003,24.595964751114288,34.886529890102416,17.49515157701337,4.550712803239087,7.1000000000000005,8.153613330107133,1.0536133301071322,"Lenoir County, NC",North Carolina
2815,2171,1.895451927785184,1.9853124965371916,train,40093,7700,50.05194805194805,49.94805194805195,89.20779220779221,0.3636363636363637,98.37611314824517,74.7511786275537,23.62493452069146,1.6238868517548457,12.744235169864464,84.33374405914452,2.9220207709910224,19.72085385878489,59.63875205254514,20.64039408866995,53.94159190685245,29.37583508303112,16.682573010116432,14.135160057963375,22.470433639947444,14.631705364291433,19.264012572027237,6.0,27.663615955793475,76.27007538511963,37.03703703703704,4.654211733857752,12.192723697148475,51571.0,0.4552,27877.0,63.383970665269786,5.096418732782369,74.08699697604094,70.16806722689076,12.979762735519893,97.26890756302521,16.49220749011398,0.0,8.948051948051948,6.5555555555555545,30.454545454545453,23.454545454545453,32.649350649350644,19.103896103896105,10.428571428571429,6.655555555555554,7.281322418006804,0.6257668624512496,"Major County, OK",Oklahoma
2816,2622,2.4069451083182885,2.4677763225600096,train,48213,79016,48.8483345145287,51.1516654854713,89.31102561506529,6.803685329553508,99.35674844879604,68.62298628109524,30.7337621677008,0.6432515512039619,12.576569996181874,83.54056342236757,3.882866581450555,21.739399566697607,52.24852986691428,26.01207056638811,52.32361447097983,31.18645300933084,16.489932519689336,18.8008825009354,42.892664732697895,18.472577157460197,17.50656,5.0,32.45579759695223,68.79449294828744,42.273337810611146,5.732034922766958,15.174613834788447,41607.0,0.4632,22613.0,53.91399128022197,7.461863628009557,55.651053812157144,62.80193236714975,16.230261842894265,97.80354267310787,31.63213183201191,1.0241545893719806,11.665991697883973,11.0,28.61319226485775,23.39652728561304,34.00070871722182,20.36296446289359,3.8852890553811887,11.1,11.796186751114215,0.6961867511142152,"Henderson County, TX",Texas
2817,1929,1.8786165133213217,1.6843226540879412,train,37091,24368,49.37623112278399,50.62376887721602,35.587655942219314,58.347012475377554,99.50228121111573,46.308585649108245,53.19369556200746,0.4977187888842804,16.53012048192771,80.63855421686749,2.8313253012048194,36.05291629782629,35.408675125405715,28.538408576767978,53.08341254752853,32.931321292775664,13.985266159695813,25.575746251226235,62.979452054794514,27.943436827543806,21.003968969871913,6.0,22.558819006612328,67.4257311293492,41.24378684545139,10.230031210264707,31.187145994682695,33008.0,0.4859,17280.0,56.98124098124098,13.391410048622365,60.503951095869986,47.53260035796472,22.409422990905018,99.13065712094094,20.426420158043832,0.17898235745333674,3.2050229809586344,6.4444444444444455,27.20370978332239,28.631812212738012,34.40577806959947,17.059258043335518,6.065331582403151,6.544444444444445,5.388799614496715,-1.1556448299477298,"Hertford County, NC",North Carolina
2818,2001,1.4891517465595983,1.5893314112107364,train,38035,68979,51.3765058930979,48.6234941069021,88.99665115469926,2.487713651981037,99.30331106801695,69.66171083818142,29.641600229835525,0.6966889319830497,18.23086724536116,69.30397387911125,12.465158875527596,40.43451598773544,43.87385019710905,15.691633815155498,31.862152357920195,35.187424425634816,32.95042321644498,17.468248038849453,20.56451612903226,21.330225628949712,10.08498583569405,4.0,28.411121036176862,84.08891693839628,21.811998176782023,2.4052452578801584,9.736685249465307,48676.0,0.4937,29088.0,72.63641325829585,3.3919825866134587,84.07311274456346,70.43394671793463,10.373634043666977,97.10244438341114,8.86426592797784,0.2197198571820929,3.6590846489511297,4.333333333333333,28.662346511257052,42.17370504066455,26.438481276910373,11.148320503341596,8.515635193319707,4.433333333333333,4.90047143253834,0.46713809920500715,"Grand Forks County, ND",North Dakota
2819,1775,2.7649205075996024,2.404436177066298,train,34015,290298,48.589036093944856,51.41096390605517,81.98850836037452,10.115467554030683,99.47159841479522,74.31612070117109,25.155477713624148,0.5284015852047557,10.899183810017002,85.5821712211687,3.5186449688143018,31.64297703274056,50.080098582871216,18.27692438438821,42.66876830002347,28.01956763484631,29.31166406513023,8.111888111888112,11.277819454863716,8.103444025343293,12.4200470718538,2.0,22.948773775908275,80.54340737330725,31.484252119538112,4.943990486055165,8.74477308474316,76727.0,0.4107,34025.0,69.51441406867282,8.838429762801695,80.14906669147463,71.97532775885206,12.408543425797731,96.7095075874884,10.371189195401039,0.4955094456488077,5.420981198630374,15.777777777777779,29.992972738358517,27.232016755196387,35.85625805207063,13.675257838496995,7.896024085594803,15.877777777777778,11.072185769689014,-4.805592008088764,"Gloucester County, NJ",New Jersey
2820,861,1.5846897427449065,1.6475906517046897,train,19157,18705,48.045977011494244,51.95402298850574,94.8302592889602,1.1601176156107993,99.6639958645645,71.20703024037219,28.4569656241923,0.33600413543551305,18.03241094633848,77.36584620088671,4.601742852774805,30.99820374647165,47.959969207082366,21.041827046445984,43.921148135928725,31.507753216760143,24.57109864731112,10.417403608065085,10.0,12.114480991029474,12.230802697411356,6.0,22.42461040275248,75.45912120799892,36.06312066385526,3.1016188273704257,12.243232213304315,51006.0,0.4172,26018.0,67.92361781331863,4.790419161676646,82.12788727370017,72.91223808077741,11.343975742441804,98.78530215608869,9.283866940158743,0.0,2.9029671210906174,4.777777777777779,29.981288425554663,28.195669607056928,32.02886928628709,19.02165196471532,4.0096230954290295,4.877777777777779,5.194449500231956,0.31667172245417685,"Poweshiek County, IA",Iowa
2821,1367,2.158201375540483,1.6626078992032458,train,27119,31547,50.52778394142074,49.47221605857926,92.8519352077852,1.1570038355469616,98.94237288135594,71.13220338983051,27.81016949152542,1.0576271186440678,17.495944938845287,79.20739993862608,3.2966551225286045,29.09655606227395,51.35634533731719,19.547098600408876,40.26951097566783,36.536355411647065,23.194133612685107,13.122469802192017,21.098169717138106,13.337584616893947,12.516945323090827,4.0,28.50335626087677,77.26951190756897,32.791008409966196,3.4661636406507905,12.080484162540278,53326.0,0.4242,26766.0,69.02613631549964,4.148511813439706,77.10350763933721,70.01394700139471,17.731870023671192,98.16696553098228,8.408650742414462,0.1394700139470014,5.832567280565505,8.555555555555555,30.47833391447681,27.64446698576727,31.999873205059114,16.95565346942657,5.991060956667829,8.655555555555555,5.273044497215105,-3.38251105834045,"Polk County, MN",Minnesota
2822,2847,2.7365296724240786,2.3559931775531355,train,51071,16907,49.01520080440054,50.98479919559945,96.09037676701958,1.5555686993552966,98.69942196531791,65.72254335260115,32.97687861271677,1.300578034682081,14.495040577096482,82.24376314998497,3.261196272918545,23.47141438501915,49.90069513406157,26.62789048091928,56.031128404669246,28.123189005712394,15.845682589618347,11.321319523438904,8.94125242091672,13.778384838654599,20.627161082627875,4.0,29.854748603351954,71.74273858921161,40.74688796680498,6.40387275242047,9.986168741355463,46390.0,0.4295,25241.0,58.767843726521406,4.794170288928664,69.66829365474649,70.55946193824519,13.756350234087062,99.72485478446958,21.037951987249727,0.0,1.206600816229964,15.333333333333336,26.521559117525285,25.261725912343998,34.26982906488437,19.979889986396167,2.354054533625125,15.433333333333332,10.5486002938679,-4.8847330394654325,"Giles County, VA",Virginia
2823,313,2.638263363714082,2.6196037744690797,train,11001,647484,47.36395030610795,52.63604969389205,40.20562670274478,48.873331232895325,99.61297789995298,44.12684920606215,55.48612869389083,0.38702210004702137,24.12489050433452,60.993566185724795,14.881543309940696,56.493240549454526,24.08013482657388,19.426624623971588,28.665365501198373,16.757939165374314,54.576695333427324,17.995535561421907,36.421157312449495,19.188081830898906,11.20246304644916,1.0,16.123649182611178,80.53330407110721,18.517502469000327,5.7781923259812,15.607008303156665,70848.0,0.5317,47675.0,70.86249348296819,9.50176550353772,73.46889399654684,69.70278314595647,22.685992675765142,91.17377382178272,7.45488337310708,0.7419841728851335,10.162876611622835,13.888888888888893,23.127057965911128,42.68429799037504,28.80472722105874,11.320588616861574,10.921042064359892,13.98888888888889,13.730282218783165,-0.2586066701057259,"District of Columbia, DC",District of Columbia
2824,3030,2.2082744135228043,2.372330670484126,train,54091,16977,50.60964834776463,49.39035165223538,97.26100017670969,0.9483418743005244,97.54074921361166,73.34858450100086,24.192164712610808,2.459250786388333,14.006139677666926,84.68150422102839,1.3123561013046814,24.528704560005693,50.69360460980296,24.777690830191364,58.45939978739063,24.98977839561697,16.550821816992396,16.644319843978547,33.94204049225883,16.813048933500625,19.652794580208077,5.0,37.41375472957935,69.35531788472964,40.52287581699346,7.976827094474154,17.39453357100416,43970.0,0.4345,22799.0,56.97406782261777,9.507137085914355,66.5877945381051,64.47595987547561,22.26165828650301,99.61950882047735,16.918071576456672,0.0,0.9365612298992756,9.0,25.687695116922892,24.71579195381987,37.0972492195323,17.582611768863757,1.7906579489898091,9.1,10.722353457400521,1.6223534574005214,"Taylor County, WV",West Virginia
2825,1887,2.0059743897979634,1.866798747949234,train,37007,26135,52.393342261335384,47.606657738664616,48.12703271475035,48.811938014157256,99.61139896373057,47.205773501110286,52.405625462620286,0.3886010362694301,15.417218543046355,82.45827814569536,2.124503311258278,35.18971001797981,36.44368632151584,28.36660366050436,62.38718908210434,27.795509575170588,9.81730134272507,24.211525759577277,54.3997668997669,26.78368057881691,19.81848794710689,6.0,28.57142857142857,69.66670171380507,35.96887814109978,7.391441488802439,24.14046893071181,33228.0,0.447,17025.0,62.895640686922064,17.264555154162814,57.361083316656654,60.599898322318246,19.34494029751184,97.91560752414844,26.62264025081716,0.2796136248093544,3.4053950640903015,7.333333333333332,26.627128371915056,29.71876793571839,33.88176774440405,15.626554428926726,3.0610292710924045,7.433333333333334,6.467558937762947,-0.9657743955703868,"Anson County, NC",North Carolina
2826,2512,2.2789752273549118,2.150350805985412,train,47183,34415,48.650297835246256,51.349702164753744,88.39750108964114,9.103588551503703,99.61452928094884,69.84432913269089,29.77020014825797,0.385470719051149,15.436912617476509,78.37632473505299,6.186762647470506,31.356313874935044,47.62168716438593,21.021998960679017,55.989282579572226,23.624520718806306,20.386196701621472,19.143505388542255,29.18697601871709,22.29907452508524,16.660285672213224,5.0,27.757659158397914,72.82497441146366,34.646878198567045,5.461324755081153,20.19301067407516,37037.0,0.4484,19694.0,58.897510388702976,10.801698301698305,71.98260073260073,69.68055296095648,16.950549450549453,98.89781430973284,15.21978021978022,0.5417522884363908,2.2344907743716402,9.666666666666666,28.551503704779893,33.74691268342293,30.207758244951336,16.396919947697224,2.4989103588551504,9.766666666666666,8.587870545196425,-1.1787961214702403,"Weakley County, TN",Tennessee
2827,1385,1.8263398028248343,1.5206289277216432,train,27155,3429,49.518810148731404,50.4811898512686,92.44677748614755,0.4957713619130942,99.721059972106,83.12412831241282,16.596931659693166,0.2789400278940028,18.08103975535168,80.88685015290521,1.0321100917431194,19.393093826299268,61.00453435647018,19.602371817230555,44.639298525308895,37.345555998405736,18.015145476285362,10.218759364698832,16.693944353518823,10.020964360587,17.030829093085902,6.0,36.172566371681405,71.78477690288713,42.1259842519685,4.658792650918637,11.41732283464567,49186.0,0.4428,29120.0,62.19512195121951,2.9411764705882346,78.63862755949087,75.76499388004895,20.143884892086326,98.89840881272949,5.201992252351965,0.24479804161566704,1.9539224263633712,6.1111111111111125,26.509186351706038,20.26829979585885,32.89588801399825,25.92592592592593,7.057451151939341,6.211111111111112,4.575101698778602,-1.63600941233251,"Traverse County, MN",Minnesota
2828,1649,1.0570183913692728,1.1569717200239442,train,31003,6486,49.78415047795253,50.21584952204749,98.18069688559973,0.12334258402713535,99.33155080213905,75.73529411764707,23.596256684491983,0.6684491978609626,14.998981047483186,83.9820664357041,1.0189525168127165,16.391263057929727,64.71035137701804,18.89838556505223,42.22270837891053,40.07875738350471,17.698534237584774,12.693692283612464,18.940609951845907,13.273314866112651,15.636249804351227,6.0,29.662379421221857,77.1357674583481,35.164835164835175,3.403048564338887,7.904998227578872,45609.0,0.4602,26763.0,67.01410177805028,1.219884111009454,80.81264108352143,68.49518161601186,7.957110609480813,98.22090437361008,13.826185101580135,0.0,2.8677150786308974,2.7777777777777777,29.32469935245143,20.78322540857231,34.366327474560585,21.785383903792788,1.6959605303731111,2.877777777777778,3.1802878769068883,0.3025100991291101,"Antelope County, NE",Nebraska
2829,1686,1.8440707637960658,1.4353597764462,train,31077,2476,49.91922455573506,50.08077544426494,98.34410339256868,0.6865912762520193,99.50657894736842,81.57894736842105,17.927631578947363,0.4934210526315789,17.82016348773842,81.3623978201635,0.8174386920980926,22.655854029396853,58.185504308160155,19.158641662442978,47.41729541497388,38.18920487521764,14.393499709808474,9.959016393442624,14.800759013282732,9.880239520958083,15.800245599672532,6.0,41.113490364025694,71.75879396984925,42.814070351758794,4.723618090452262,6.231155778894472,42904.0,0.4317,23333.0,61.525885558583106,1.948627103631532,76.26459143968872,70.72727272727273,11.98443579766537,99.27272727272728,15.875486381322956,0.0,2.0193861066235863,6.222222222222222,31.1389337641357,21.486268174474958,30.573505654281107,23.384491114701127,0.9693053311793214,6.322222222222222,4.201156213976202,-2.1210660082460198,"Greeley County, NE",Nebraska
2830,527,2.267533454935127,2.1701322595854844,train,13297,86201,48.78713704017355,51.21286295982645,79.61972598925766,15.984733355761534,99.66977553661476,66.92400374849392,32.74577178812084,0.33022446338524697,8.006530767523698,89.1766794534445,2.8167897790317977,25.681945798977452,54.97384519904247,19.34420900198008,50.29902090500131,31.79677163270707,17.90420746229161,13.858583960635562,26.670496983625398,12.796039108441914,12.7364837196242,2.0,25.096095012472734,79.49573600296625,31.55020730104156,4.911180773249738,13.456028583948493,54453.0,0.4213,23625.0,64.01636484729313,7.869705226653457,72.63110990565123,66.74530362603757,12.176221012457134,97.53604193971168,19.542011352848867,1.5028396679772826,3.7922993932785,9.555555555555557,32.794283128966015,26.095984965371628,34.35458985394602,13.542766325216643,4.395540654980802,9.655555555555557,8.759442484363566,-0.8961130711919907,"Walton County, GA",Georgia
2831,2108,2.1959892467282267,2.0628630249825255,train,39143,60187,49.374449631980326,50.625550368019674,90.48964062006745,3.3910977453602933,98.61892218979142,60.48978429557913,38.12913789421229,1.3810778102085854,14.667320727791653,81.56216553692471,3.7705137352836235,27.370627646019148,48.68058695384109,23.94878540013975,53.12022877638561,32.365557521266034,14.51421370234835,14.308673512544196,28.02477123578889,13.621529346789176,13.614224319541586,5.0,28.976828950794072,74.24024379920426,34.37314822653009,5.6039955980699245,13.023787352916276,47209.0,0.4129,23782.0,66.0053026955369,7.052955747472717,75.35042830125708,73.3877901977644,15.677494715763713,98.49527085124676,12.226054066080765,0.15047291487532244,9.410670078256102,8.888888888888891,29.898483061126157,24.950570721252102,35.055742934520744,16.575007892069713,6.11926163457225,8.988888888888889,7.868465204969908,-1.1204236839189807,"Sandusky County, OH",Ohio
2832,494,1.8440707637960658,2.212404009412637,train,13231,17812,49.01190208847967,50.98809791152033,87.3175387379295,11.273298899618235,99.36109275170745,74.069178233091,25.291914518616448,0.6389072482925755,8.565063757873713,90.18282378245506,1.2521124596712243,25.44032689868959,53.83260532619417,20.727067775116247,52.25475349150261,31.726400807672896,16.0188457008245,12.18982275586049,18.936170212765962,12.243490256940849,12.795668281561694,2.0,30.20833333333333,75.90161209905268,34.03689546285524,6.465015788598969,14.774804719960114,51338.0,0.4227,23150.0,62.64800861141012,10.321551300932743,69.11024594055645,56.20202020202021,10.644763080429213,98.54545454545456,22.62843034849492,0.12121212121212124,1.4035481697731866,6.222222222222222,33.25847743094543,25.72423085560296,34.62272625196496,14.097237817201885,1.4091623624522795,6.322222222222222,9.13765702322613,2.8154348010039074,"Pike County, GA",Georgia
2833,1400,1.166617017782167,1.5401996458634761,train,28011,33803,46.96032896488478,53.03967103511522,33.124278910155894,64.04165310771235,99.2038402997307,33.61433087460485,65.58950942512584,0.7961597002692894,16.61723582747225,78.45521565968986,4.927548512837896,45.518947486787354,29.667528767944823,24.813523745267812,51.442916803528696,27.441227535075782,21.115855661395525,37.09013838673482,114.1113653699466,45.60950095378746,14.713731198447356,5.0,14.660805512652965,65.3690841544177,35.42238733645615,15.126796963333875,32.40994992731384,27585.0,0.4938,15751.0,56.74470000818531,15.124413992066355,51.21038183179436,38.7588088201864,25.76491140504118,98.59058877017503,25.934614424756674,0.15912707433507614,2.1092802413986926,3.111111111111111,33.19527852557466,31.12149809188534,30.05354554329497,13.537260006508298,2.8340679821317636,3.2111111111111112,4.665521630108444,1.4544105189973324,"Bolivar County, MS",Mississippi
2834,2940,2.5203810379816605,2.450684803135516,train,51790,24193,44.89315091142066,55.10684908857935,82.77600958955071,12.210143429917743,98.06828391734051,57.61455525606469,40.45372866127583,1.9317160826594788,20.68050062306984,74.31326867855014,5.006230698380018,31.21975067220729,41.92617941823515,26.85406990955757,43.71470160116449,24.954876273653568,31.33042212518195,17.66039051603905,40.64495530012772,17.63324873096447,17.635863818989215,4.0,25.244648318042806,71.31991912968131,37.57581592375085,4.987002984499855,10.888610763454318,40842.0,0.4647,25182.0,61.99246546672248,5.190749493585415,69.96544574982723,71.19775958638517,12.971665514858325,98.1042654028436,20.13130615065653,0.3877638948728996,2.6247261604596366,12.333333333333336,25.705782664407057,28.797586078617787,32.373000454676976,20.042987641053198,5.013846980531558,12.433333333333337,11.596285173221025,-0.8370481601123121,"Staunton city, VA",Virginia
2835,2096,2.1835512754360096,2.5004882835112294,train,39119,86016,48.59095982142857,51.40904017857143,92.58742559523807,3.2924107142857144,99.49266351653816,59.114648097488185,40.37801541905,0.5073364834618255,14.814293313307676,81.47939547545292,3.706311211239401,27.924642093019923,47.84107063367843,24.23428727330165,56.2598146646189,28.68729399989646,15.05289133548465,18.6355794114828,39.02752949588845,18.722299490032448,16.090469256423507,5.0,27.74181785030541,72.42929278188028,36.37371938939319,6.56139633986165,22.69927906365839,41130.0,0.43,21274.0,61.772077932063176,8.112817704314057,64.39713281143767,65.30401416765052,24.03892849511451,98.63488783943329,15.59470852192156,0.3320543093270366,0.9102957589285714,8.777777777777779,30.383882068452376,26.157924107142858,34.12969680059524,16.276041666666668,4.120163690476192,8.877777777777778,12.188443924146442,3.310666146368664,"Muskingum County, OH",Ohio
2836,137,1.5846897427449065,1.8304066488102635,train,5057,22336,48.2942335243553,51.7057664756447,65.41905444126076,29.817335243553014,100.0,55.3419530452535,44.6580469547465,0.0,15.258652772608855,80.9763056692718,3.76504155811934,27.86261741485622,43.14527747363568,28.992105111508106,59.89590374476139,27.923482492902533,12.180613762336085,26.968128575320076,72.58446947243627,27.46224040276904,20.609270324099214,6.0,26.229707545449013,70.44612041416336,43.09088584941839,6.76211172184584,14.546849034897098,32122.0,0.4608,17049.0,57.42763685737209,7.855991402471789,56.18496205304749,48.217416715371115,22.275252327673893,95.5581531268264,25.663093654643607,3.331385154880187,12.482091690544411,4.777777777777779,33.125895415472776,25.22833094555875,32.3961318051576,16.01002865329513,4.763610315186248,4.877777777777779,6.236422176615491,1.3586443988377122,"Hempstead County, AR",Arkansas
2837,2966,2.707309185877491,2.596159200497815,train,53041,75515,50.0218499635834,49.97815003641661,91.7446864861286,0.7826259683506589,99.23367059809614,66.08393701730229,33.14973358079387,0.7663294019038496,13.831244257207745,80.76142924013106,5.4073265026611885,24.446348323688213,50.45262034851768,25.10103132779412,44.48701818597736,40.11208967173739,15.400892142285258,16.3117609868306,26.53694084812776,17.648132376201485,20.530572890162574,5.0,39.44972895571239,66.44079281721159,41.24343554125021,8.754870404878876,22.89005590377774,44100.0,0.4165,22480.0,56.769440466536686,11.87429717654925,60.080021824133865,66.31594016176365,25.20687460216423,98.08889843246723,19.71674092934437,0.5081955479206929,9.47096603323843,14.888888888888893,28.84592465073164,24.87982520029133,33.997219095543926,18.882341256703967,7.472687545520757,14.988888888888894,13.412125696429092,-1.5767631924598025,"Lewis County, WA",Washington
2838,952,1.8263398028248343,1.615985165483248,train,20141,3782,49.55050237969329,50.44949762030672,97.67318878900049,0.39661554732945536,98.96774193548387,79.87096774193549,19.096774193548384,1.032258064516129,22.195290858725762,76.55817174515236,1.2465373961218835,17.799043062200955,56.96969696969697,25.231259968102073,46.08093328472476,33.35763762304047,20.561429092234786,15.430916552667579,37.701974865350095,13.970007892659831,16.861571933641557,6.0,26.06080855329101,74.37641723356009,40.30612244897959,3.5147392290249435,7.086167800453515,40216.0,0.4729,27132.0,66.41274238227147,4.066736183524505,77.63546798029556,73.89277389277389,8.965517241379311,98.25174825174824,16.65024630541872,0.0,1.6129032258064515,6.1111111111111125,26.150185087255416,20.597567424643046,33.50079323109466,25.039661554732948,1.930195663670016,6.211111111111112,5.032843665816926,-1.1782674452941864,"Osborne County, KS",Kansas
2839,1931,1.9909138641722421,1.7063068616049877,train,37095,5693,54.40014052344985,45.59985947655015,63.41120674512559,35.25382048129281,100.0,47.23282442748093,52.76717557251909,0.0,14.347165991902832,83.47672064777329,2.1761133603238867,40.53886010362695,37.6580310880829,21.803108808290162,55.783132530120476,33.92771084337349,10.289156626506024,17.722023098367185,32.65822784810127,18.91083183722322,16.5904117764074,6.0,13.304628632938645,79.46341463414635,34.34146341463415,8.536585365853659,18.73170731707317,42897.0,0.3720000000000001,19333.0,66.59964815280222,12.79245283018868,61.09854604200324,61.19909502262443,16.865912762520193,94.00452488687785,24.297253634895,0.0,5.339891094326365,7.222222222222222,25.680660460214305,28.210082557526786,36.81714386088178,16.564201651150533,1.3349727735815915,7.322222222222222,5.508579916834595,-1.813642305387627,"Hyde County, NC",North Carolina
2840,1531,2.4069451083182885,2.2401370772288756,train,29109,38244,50.00522957849597,49.99477042150403,94.77826587177073,0.15688735487919672,98.7938260247368,74.15925585198815,24.634570172748646,1.2061739752632117,13.286160698250782,83.57099242124924,3.142846880499982,22.604032177972,54.59992716919919,22.796040652828808,54.751539396791784,28.442561870023926,16.805898733184296,18.76330353341848,41.58241758241758,17.775340616695487,16.074036699683987,6.0,37.42197143360959,74.14209763170614,36.843195470551684,6.877028240005523,18.34564662017538,40597.0,0.4149,19508.0,60.32793943525528,6.708695135006543,67.03695203121414,56.26026947091686,16.346109708515037,99.72067039106145,21.152168923571264,0.04929346040092015,6.869051354460829,11.0,33.030017780566894,24.80912038489698,32.467838092249764,16.99613011191298,5.064846773350069,11.1,9.394618987520738,-1.7053810124792612,"Lawrence County, MO",Missouri
2841,2976,2.6461747973841225,2.668168254710481,train,53061,746653,50.20364212023525,49.796357879764756,78.83273756350005,2.5958510847743197,99.08137764628157,72.63895671157327,26.4424209347083,0.9186223537184386,11.927945299047995,81.45109074609023,6.620963954861754,29.198041824684505,49.45688376365682,21.345074411658686,32.699385655560576,37.35620728648423,29.9444070579552,10.164490709107238,15.749488455642519,10.034993102695793,11.642782817737947,2.0,28.410913232443967,82.25180699213148,24.611123647030567,4.4121179476354415,13.31205462102298,70722.0,0.4101,32542.0,69.80228820911017,7.218658238744164,76.65239485712131,62.6946839249219,11.878348882902735,95.85496488054687,14.581334651590495,0.8961920646479833,9.526915448005967,14.0,29.67737355906961,29.68299866202908,35.266583004421065,11.653338297709913,18.57141135172564,14.1,14.413543057616433,0.31354305761643353,"Snohomish County, WA",Washington
2842,410,2.3014733641413554,2.2015506110186136,train,13061,3104,48.64690721649485,51.35309278350515,31.79768041237113,61.05025773195877,100.0,31.375,68.625,0.0,19.634906500445236,80.36509349955477,0.0,34.28335398595622,36.43122676579926,29.285419248244533,65.1492902594224,27.06803720019579,7.7826725403817925,42.18647406434668,150.0,55.86398334489937,19.599474720945505,6.0,27.21354166666667,52.49366018596788,45.139475908706686,16.65257819103973,39.898562975486044,20438.0,0.4698,12790.0,45.32502226179875,19.744597249508843,39.79713603818615,50.17543859649122,27.505966587112173,100.0,37.291169451073976,0.0,4.896907216494847,9.888888888888893,31.25,23.936855670103093,30.637886597938145,19.652061855670105,7.152061855670103,9.98888888888889,9.03901864026617,-0.9498702486227213,"Clay County, GA",Georgia
2843,566,1.9909138641722421,2.091167439275453,train,16043,12945,51.57976052529934,48.42023947470066,93.6886828891464,0.3553495558130553,100.0,88.3901357716819,11.609864228318093,0.0,9.971346704871062,87.97707736389685,2.0515759312320916,19.518096582316765,62.93981248109688,17.542090936586348,45.00244379276637,34.46969696969697,20.527859237536656,10.315326326081644,15.951523092040615,9.793814432989693,13.239345324906823,5.0,26.79093963368375,78.57940585213312,33.906633906633914,3.4844762117489387,7.9070806343533615,47988.0,0.3673,20302.0,63.428047662694766,5.690028901734103,70.83084279737,74.85265225933202,9.429169157202633,98.52652259332024,23.26658696951584,0.7367387033398821,12.344534569331785,7.222222222222222,36.75550405561993,26.203167246040945,29.25453843182696,15.859405175743532,5.955967555040555,7.322222222222222,8.094359323475112,0.7721371012528904,"Fremont County, ID",Idaho
2844,972,2.0354316006833932,2.13566412252934,train,20181,6054,48.447307565246106,51.552692434753894,92.76511397423192,1.4370664023785926,98.63387978142076,63.319672131147534,35.31420765027322,1.3661202185792352,22.965440356744704,76.18729096989965,0.8472686733556299,22.533136966126666,50.5996212918157,26.867241742057647,44.00680768295648,41.891563335764644,14.101628981278873,18.97453196154495,36.74242424242424,19.663820704375667,18.55,6.0,21.96078431372549,78.06891600861451,36.68341708542713,4.737975592246949,15.900933237616654,39029.0,0.4052,21786.0,68.3641975308642,4.030957755562722,73.68724754760531,66.16822429906543,11.569532602423545,100.0,15.89728793998846,0.0,12.058143376280146,7.555555555555554,30.393128510075982,27.45292368681863,29.864552362074658,18.500165180046253,5.797819623389495,7.655555555555553,8.462664887418486,0.8071093318629323,"Sherman County, KS",Kansas
2845,2100,2.158201375540483,2.478043816694977,train,39127,36025,50.06245662734212,49.93754337265788,97.69326856349757,0.26925746009715473,99.10724375635664,65.84924850265567,33.25799525370098,0.8927562436433495,11.595554229449501,85.81232284051917,2.592122930031329,24.33652910935112,54.15103515353621,21.512435737112693,60.548138319927034,28.46836387760179,10.983497802471184,19.27238073883065,35.25146559703796,20.56899641577061,16.29416207446362,2.0,30.012173079051234,71.48040638606676,35.029027576197386,8.809869375907114,22.873730043541364,42017.0,0.4214,20302.0,59.4298898481691,9.254852849092048,63.51499634235553,66.94,25.699524506218,98.26,14.886613021214336,0.22,0.6995142262317835,8.555555555555555,31.51422623178349,25.393476752255374,35.47814018043026,14.487161693268563,2.0374739764052743,8.655555555555555,11.91792794840172,3.2623723928461654,"Perry County, OH",Ohio
2846,194,2.5640942911418034,2.4490711622638974,train,6021,28029,50.5476470798102,49.4523529201898,85.2581255128617,0.9668557565378716,98.98416886543535,68.97097625329816,30.013192612137203,1.0158311345646438,12.96185935637664,83.19427890345649,3.843861740166865,28.91151782028347,47.22719141323793,23.8612907664786,54.54240322219736,30.58290445289774,14.874692324904899,20.752321532211266,37.50695603784085,22.478123480797287,17.19674022789557,6.0,20.6253669994128,71.73844371906918,34.737285458565864,7.012740865536486,10.856059808360536,39349.0,0.5024,21313.0,58.76836046050021,11.981761378029216,53.62980324431013,61.46230007616146,23.99925985320422,94.64331048489464,26.053167211496948,3.9350088855039353,39.58043454993042,12.888888888888893,34.649826964929176,25.844660886938527,32.851689321773875,14.224553141389274,13.775018730600447,12.98888888888889,11.577588022806642,-1.4113008660822484,"Glenn County, CA",California
2847,740,1.9600947840472698,2.0666266101976634,train,18099,46962,49.68911034453388,50.31088965546612,93.33290745709296,0.5898385929049018,98.59096560298384,75.89722337339411,22.693742229589724,1.4090343970161625,13.6066582656859,83.45983647393254,2.933505260381561,25.085457432777968,52.412994912927616,22.501547654294406,55.94339928115792,25.80060227309523,18.25599844574685,12.106128808864264,18.934732169877947,12.107097488681152,13.129531226469894,5.0,23.70187618337254,76.9625952435927,34.84761025167398,4.259986146386516,10.499884553220964,48485.0,0.4175,22895.0,66.61339996513452,8.003663802503597,70.69690872507773,57.16504306084993,12.676056338028168,97.4869405619088,19.853667459301267,0.4235493434985175,9.149951024232358,7.0,33.22260551083855,24.645458029896513,33.85716110898173,15.723350794259186,6.077253950002129,7.1000000000000005,7.89813464098529,0.7981346409852899,"Marshall County, IN",Indiana
2848,1644,1.6072132174119893,1.619428360376178,train,30105,7577,50.17817077999207,49.82182922000793,86.44582288504685,0.15837402665962785,98.7617924528302,69.69339622641509,29.06839622641509,1.2382075471698113,17.497385848727774,81.50923666782852,0.9933774834437088,21.97570850202429,59.481781376518214,18.54251012145749,44.951564828613996,35.674366616989566,19.374068554396427,11.974022459748342,24.042879019908124,10.980769230769232,14.396678719700013,6.0,36.112531969309465,74.71927162367224,39.18057663125949,8.619119878603945,14.567526555386946,49141.0,0.4293,26337.0,65.60388147634724,2.3771790808240887,72.31973434535105,62.443729903536976,15.630929791271347,99.29260450160773,17.4573055028463,0.0,2.0192688399102545,4.888888888888889,28.16418107430381,21.76323083014385,34.419955127359124,21.22211957239013,13.395803088293526,4.988888888888889,5.050202595362735,0.06131370647384582,"Valley County, MT",Montana
2849,2317,2.0640458562018624,2.291739445307245,train,45015,193613,49.85099141070073,50.14900858929927,67.34000299566661,24.502486919783287,99.27362304194037,65.50235809331312,33.77126494862725,0.7263769580596261,11.471685412167279,83.74680952514515,4.7815050626875735,29.74266789112723,47.48887890215389,22.768453206718906,43.25603182038313,34.46176075962432,22.28220741999253,13.868943827801099,24.810072783297034,13.497385859805807,13.180384711519537,3.0,43.952769028686035,80.65189048239895,28.093582500362164,3.5520788063160937,13.502824858757062,52506.0,0.423,24826.0,66.07553319432682,9.729671513193322,69.80064221504885,63.74266405833186,15.508053105592694,97.86590787835677,20.544103567767245,0.586875333451894,6.055378512806475,7.777777777777778,31.09656892873929,31.759231043370022,31.99216994726594,11.694462665213598,8.157510084550108,7.877777777777777,9.892129542998983,2.014351765221206,"Berkeley County, SC",South Carolina
2850,509,1.1314021114911006,1.6954876937139896,train,13261,31429,47.38935378153934,52.61064621846066,42.575328518247474,51.6624773298546,97.48370273794,42.42503259452412,55.05867014341591,2.516297262059974,16.791852910004152,81.33265748122207,1.875489608773789,41.82247667854426,35.937062097129356,22.240461224326378,54.854492635441616,26.14035981856174,19.00514754599664,33.18344404701073,111.52125279642055,35.87105624142661,15.121535740024896,5.0,25.278904665314396,68.83276330790143,33.736735946680696,9.760589318600367,27.255985267034998,32758.0,0.48,17404.0,57.6613256282287,13.901753853162253,57.159047978843965,58.474379782054264,22.71574288952453,97.40319962902849,24.091963948405205,0.8115001159285881,5.253110184861116,3.0,32.81682522511056,30.853670177224856,30.039135829965954,14.413439816729774,5.762194151897929,3.1,5.449302908046857,2.3493029080468566,"Sumter County, GA",Georgia
2851,1950,2.2204104848050292,2.2875425590756295,train,37133,183753,54.162925231152684,45.83707476884732,74.33184764330379,15.50722981393501,99.13837229141785,72.25302849343116,26.885343797986692,0.8616277085821532,11.296675976300795,83.19422695058361,5.509097073115607,29.50039317007414,49.51274994383286,20.98685688609301,38.11666990579258,42.56722891073311,19.31610118347432,14.626615085678058,24.7153202142838,14.531232684422445,15.56547366219916,4.0,66.53548091574511,83.20334485808475,21.13371391814746,3.748492401704592,11.280855511779368,46335.0,0.4062,21862.0,64.24687868080095,11.143703616790356,72.94464281802448,73.59546772779389,16.298275975377337,98.6173871990288,17.4067339919823,0.1618668645039455,11.617769505803983,9.111111111111107,32.32110496155165,44.98429957606135,21.181150783932782,8.27306220850816,10.160922542761206,9.211111111111105,9.850700398232801,0.6395892871216962,"Onslow County, NC",North Carolina
2852,1071,2.2082744135228043,2.3083240684087567,train,21169,9985,49.49424136204306,50.50575863795694,95.13269904857286,1.2819228843264898,98.64391951006122,81.45231846019247,17.191601049868765,1.3560804899387575,14.259308159493004,82.09664642196991,3.6440454185371007,20.76103123450669,55.54040654437284,23.698562221120486,65.12798389416163,23.281564567155595,11.590451538682773,21.859805510534848,46.064516129032256,23.42634652822842,22.576079263977352,5.0,25.53274428274429,69.10569105691057,35.67073170731708,10.416666666666668,25.609756097560968,32294.0,0.4419,17608.0,56.66009204470743,7.1942446043165456,56.769152369628,51.33876600698486,26.78783760828945,97.32246798603028,23.067776456599287,1.2223515715948778,1.5022533800701052,9.0,28.352528793189784,22.694041061592394,36.364546820230345,18.047070605908864,3.585378067100651,9.1,10.057554748823618,0.9575547488236182,"Metcalfe County, KY",Kentucky
2853,1778,1.9756230463738251,2.10985494492932,train,34021,370212,48.93358400051861,51.066415999481364,62.926107203440196,20.14710490205612,99.74407874500154,69.14303291294986,30.60104583205168,0.255921254998462,13.137147387686449,81.51633483257629,5.346517779737249,36.887473124662,44.24373128619102,18.86879558914698,38.17731798658912,22.177285632244335,39.64539638116653,11.465800637020495,19.54839188888064,11.132625408339539,10.145709660010793,3.0,16.152446946730187,79.50301043310405,29.27627043341045,4.104300399859054,10.008732554042252,72804.0,0.4901,37680.0,68.73454150594564,9.140612093176935,75.21429304681085,71.3357355606007,12.33489597591021,94.81368852971194,14.678859841226387,1.1913936389577389,16.239073827968838,7.1111111111111125,29.45825635041544,29.999567815197782,34.56884163668385,13.424470303501776,16.926787894503686,7.211111111111112,8.247044922175451,1.0359338110643392,"Mercer County, NJ",New Jersey
2854,1063,3.1541595101485096,3.2544635164670908,train,21153,12979,50.196471222744435,49.80352877725557,99.84590492333773,0.08475229216426536,100.0,71.1237079026342,28.876292097365788,0.0,14.590747330960856,84.16878495170309,1.2404677173360448,23.33555576721593,51.585865320506706,25.07857891227736,68.86220825852783,22.632405745062837,8.505385996409336,28.649449949286105,66.44029428409735,33.857413933315264,28.373971113526945,6.0,11.215796331562593,55.964771817453965,41.973578863090474,18.594875900720574,34.48759007205764,28500.0,0.4697,16046.0,41.626164439044146,12.235465823400633,46.98675906447222,48.80222841225626,37.81710184383121,99.16434540389973,19.972775646578395,0.2785515320334262,0.3467139224901765,23.33333333333333,29.25495030433777,25.364049618614693,37.152322983280676,14.353956391093304,0.06934278449803527,23.433333333333334,25.90571281697675,2.472379483643415,"Magoffin County, KY",Kentucky
2855,2320,2.4069451083182885,2.5070677863105155,train,45021,55863,48.515117340636905,51.484882659363095,75.64577627409912,20.138553246334784,99.422138836773,58.60412757973733,40.81801125703565,0.5778611632270169,14.820499292548986,82.08110506247151,3.098395644979496,30.477637960707177,44.471513824009286,25.050848215283523,59.234167095742656,25.46543454106935,15.30039836318799,23.782104842518248,53.44968004653867,25.472037403344718,18.869114097344813,5.0,24.44873273245005,66.17453588656629,36.149685718462216,8.629342688690738,21.025191248842766,35389.0,0.4794,19279.0,54.96099954953887,10.490898110603057,59.98653435203888,58.480917934647046,22.31784783817804,98.61561486655027,22.388103392757827,0.0873035669743078,3.993698870450925,11.0,30.6965254282799,27.698118611603388,33.74326477274761,14.65728657608793,4.215670479566081,11.1,12.268902222612152,1.168902222612152,"Cherokee County, SC",South Carolina
2856,2306,2.799311792380535,2.6564349435686,train,44003,164958,48.285018004582994,51.71498199541702,92.54476897149576,1.39914402453958,99.42603221625623,70.77084490526445,28.65518731099179,0.5739677837437511,16.062334409907535,80.6911453680586,3.2465202220338862,29.29612228549159,48.29497477645224,22.40890293805616,37.8604558210024,31.260460817213612,30.879083361783987,8.426859658468189,11.93831520788894,8.555508709274736,14.37131606623132,2.0,29.64977898673921,77.78943686603708,32.668765302553346,5.886382184913138,12.153142124285884,64383.0,0.4401,34824.0,70.70077779472321,7.7493879223874815,80.52376612787185,69.47016174010041,14.596383519593266,96.76519799219187,9.066142261019714,0.27142591559769474,3.9701014803768233,16.333333333333332,25.290073836976685,25.708362128541808,37.6659513330666,16.959468470762253,6.056087003964644,16.433333333333334,14.2454127636688,-2.1879205696645343,"Kent County, RI",Rhode Island
2857,714,2.5726122302071057,2.003547857882194,train,18047,22935,49.90625681273163,50.09374318726837,98.01177240026159,0.2398081534772182,99.89312433202707,78.26861417883862,21.624510153188467,0.10687566797292483,9.772634286048278,87.70822374189024,2.5191419720614885,22.8322440087146,61.16557734204793,16.00217864923747,55.65195038879249,25.094788252682985,19.25326135852452,10.561561693001268,13.3009904992925,11.332084974494734,13.577491905136958,6.0,23.505976095617534,80.60578661844484,31.837703435804702,5.187613019891501,10.115280289330922,51748.0,0.3887,24032.0,66.90835266821345,6.215864759427828,76.59991292990856,61.249277038750726,13.387026556377885,96.87680740312321,12.675954143085187,0.0,1.0420754305646394,13.0,31.436668846740783,23.89361238282101,36.27643339873556,15.352081970787005,1.7484194462611733,13.099999999999998,7.415317979015179,-5.684682020984819,"Franklin County, IN",Indiana
2858,2807,2.132192107065365,2.0538956658810585,train,50017,28929,49.60074665560511,50.3992533443949,96.55017456531507,0.5254243147015106,98.98352611286366,69.155275148966,29.82825096389765,1.0164738871363477,14.095780159188935,82.51145004224287,3.3927697985681893,25.36324346573369,52.59106812101256,22.04568841325376,43.433323718873176,25.752331506585907,30.81434477454091,12.382300884955752,23.96251673360107,11.958559447459304,16.129255946189588,5.0,30.22281716901287,80.95982877839974,36.433980902206116,5.062561738557787,13.697728021073427,53869.0,0.3983,27755.0,68.59196397644614,4.317636662037621,71.1470911086718,66.65299425758818,25.04390779363337,96.65709598031174,9.02854006586169,0.020508613617719443,1.2029451415534584,8.333333333333334,26.551211586988842,23.937916969131322,39.09571710048739,17.031352621936467,2.924401119983408,8.433333333333334,7.798221273889796,-0.6351120594435375,"Orange County, VT",Vermont
2859,881,1.410986973710262,1.6745865845605687,train,19197,12936,49.82993197278912,50.17006802721088,94.67377860235004,0.3787878787878788,97.61904761904762,69.24882629107982,28.370221327967812,2.380952380952381,19.048109611620482,75.94519418975997,5.006696198619553,21.657574887549046,54.04344913388841,24.29897597856254,47.613762486126525,35.38290788013319,17.00332963374029,11.125118184683263,17.965280581348406,10.984891514256503,12.973269577486873,6.0,26.59563775253795,73.08462238398545,37.0154686078253,3.4030937215650594,12.101910828025478,43698.0,0.4548,26316.0,63.961105424769706,5.648903824611938,75.68616578874409,66.47104851330204,16.357083448849462,99.33489827856023,13.737177710008314,0.11737089201877934,9.96444032158318,4.0,28.486394557823125,22.031539888682747,33.944032158317874,20.933828076685213,4.94743351886209,4.1,5.336588464900672,1.236588464900672,"Wright County, IA",Iowa
2860,2333,2.0640458562018624,2.1761524727869794,train,45047,69771,46.67698614037351,53.32301385962649,63.93200613435381,31.12897908873314,98.20854954287122,49.28959723251791,48.918952310353355,1.7914504571287373,15.188957750884672,80.57440028153044,4.236641967584899,33.49117903619177,42.856888540758014,23.65193242305022,48.9847551086604,28.007352146177965,23.007892745161637,23.69721305847054,56.671003903513146,24.83404255319149,15.329362298528382,5.0,25.55769554404533,70.62039013066756,39.761878018645405,4.7062787824328876,18.443221386049647,37060.0,0.4763,21287.0,61.23128119800333,12.028360819590207,61.01941042644852,62.58546813747835,18.5996418026042,98.59604339502232,24.21704825983833,0.6108122891785942,5.7258746470596655,7.777777777777778,30.353585300483,28.07470152355563,32.20249100629201,16.38359776984707,4.9390147769130435,7.877777777777777,8.812335248755767,0.9345574709779898,"Greenwood County, SC",South Carolina
2861,2377,0.7419373447293773,0.8419401802870834,train,46045,4018,49.2284718765555,50.7715281234445,97.21254355400696,0.12444001991040315,100.0,93.62591431556947,6.374085684430512,0.0,15.879509111193752,82.74451468947566,1.375976199330606,23.59447004608295,57.757296466973884,18.648233486943163,44.97105643994213,31.07814761215629,23.950795947901593,12.29150628688735,4.296455424274973,17.65178930438279,11.752630228380804,5.0,27.174269773547763,81.14754098360656,32.597730138713736,3.152585119798234,7.566204287515763,56000.0,0.4276,27487.0,69.48051948051948,1.9183472700442696,86.40776699029125,61.5989515072084,6.102635228848821,98.68938401048493,10.355987055016184,0.1310615989515072,1.2692882030861126,2.0,32.03086112493778,17.745146839223498,36.61025385764062,21.478347436535593,2.663016426082628,2.1,2.320865508897608,0.22086550889760792,"Edmunds County, SD",South Dakota
2862,1226,2.4267673628924595,2.332198859704871,train,26003,9476,55.06542845082315,44.934571549176866,85.74292950612075,7.735331363444492,99.86477349560516,69.84448951994591,30.020283975659233,0.1352265043948614,16.407822835777967,78.35777969513948,5.234397469082543,31.427535355977287,46.02925178290826,22.54321286111447,54.4474761255116,27.10777626193725,18.44474761255116,14.300872435746289,19.15240423797881,16.186693147964252,19.09636427815037,6.0,37.37323150118944,59.7406340057637,47.55043227665707,4.956772334293948,14.149855907780983,39300.0,0.4355,21259.0,50.04273504273504,10.760034158838598,66.4437689969605,67.19424460431654,21.27659574468085,97.55395683453236,18.703140830800407,1.2949640287769784,1.2980160405234276,11.222222222222221,20.050654284508237,24.59898691430984,36.787674124103,22.899957788096238,6.521739130434782,11.32222222222222,10.300566149592505,-1.021656072629714,"Alger County, MI",Michigan
2863,77,2.7718940365571028,2.776425346108577,train,2122,57221,52.382866430156746,47.617133569843254,84.08626203666486,0.6343824819559253,99.65119805884136,73.66545344252351,25.985744616317863,0.34880194115862906,15.128704407294832,79.11759118541033,5.7537044072948325,28.806282496602016,47.7810618972622,23.41265560613579,39.73666009170786,37.4823885032149,22.78095140507724,9.970043231025883,13.333333333333336,10.402233481542755,14.046882543315391,6.0,40.33372085071464,78.51058878287176,29.31347451710496,4.933674656737259,11.277635559692808,63684.0,0.4226,31537.0,64.88662158051154,9.04861511829198,62.46559014672077,62.459978655282825,13.395010926015267,97.62540021344715,27.428555211851183,0.5069370330843116,3.711923944006571,15.888888888888893,29.630729976756786,26.44483668583212,37.08953006763251,13.37096520508205,15.279355481379213,15.988888888888889,16.061503890104003,0.0726150012151141,"Kenai Peninsula Borough, AK",Alaska
2864,143,1.5846897427449065,1.823191816485363,train,5069,73548,49.171969326154354,50.828030673845646,41.500788600641755,55.5841083374123,98.60164512338426,45.73443008225618,52.867215041128084,1.3983548766157463,19.086016205666066,77.45401494391105,3.459968850422885,36.06518817204301,36.927083333333336,27.007728494623656,53.90596151479097,28.572600828785948,17.521437656423092,25.46662916857857,64.76078200216129,26.416925948973237,18.480976102808466,4.0,27.814322948988465,69.78911056580961,35.801415413065904,10.107045058501367,21.750417866922717,36747.0,0.4797,19885.0,59.683537029232596,10.405700346642703,63.87079844461938,57.405426431975094,23.201889358047662,98.12311582223087,18.22562561129798,0.31119323154721384,1.8695273834774568,4.777777777777779,30.476695491379783,28.26045575678469,33.82960787512917,14.625822592048731,2.9151030619459397,4.877777777777779,6.191589361402512,1.3138115836247328,"Jefferson County, AR",Arkansas
2865,2363,2.5810582263605166,2.4813298899018315,train,46017,2038,50.39254170755642,49.60745829244358,18.49852796859666,0.196270853778214,100.0,51.539491298527444,48.460508701472556,0.0,7.847707847707848,88.11188811188812,4.040404040404041,47.62242725337119,32.64726756564939,19.730305180979414,61.465271170313976,29.019980970504278,9.514747859181732,35.04189255791029,69.79405034324942,46.083995459704894,15.652600588812563,6.0,20.681642137877613,81.86813186813188,26.92307692307693,11.72161172161172,43.589743589743605,31163.0,0.4284,11372.0,59.178931061192884,15.44502617801047,21.857923497267766,35.23316062176165,12.477231329690346,92.2279792746114,66.57559198542805,6.217616580310881,1.0304219823356229,13.111111111111107,44.99509322865555,31.45240431795878,22.42394504416094,9.470068694798822,81.30520117762512,13.211111111111109,11.957155549198959,-1.25395556191215,"Buffalo County, SD",South Dakota
2866,2116,2.049841071903545,2.207924950074892,train,39159,53470,47.73330839723209,52.26669160276793,92.21993641294183,2.3321488685244063,99.48033201010466,79.31432695777697,20.16600505232768,0.5196679898953447,10.690147810319248,87.54052420462662,1.7693279850541237,24.83457894987385,54.586566382634366,20.57885466749179,44.57657759448619,29.17349302299305,26.24992938252076,8.701225863312235,12.454212454212456,8.484270734032412,11.46571633351915,2.0,27.2347958022506,83.272747002333,24.296023004720308,3.933590147034887,9.201888123270576,67382.0,0.4054,28549.0,71.3449005966948,3.8965543821783695,81.34459240012991,69.24870001793079,11.126989282234492,97.86623632777479,9.753166612536537,0.0,1.4550215073873198,7.666666666666668,32.69683934916776,27.0656442865158,36.222180662053475,10.76117449036843,5.447914718533758,7.766666666666667,9.096820438226665,1.3301537715599983,"Union County, OH",Ohio
2867,221,2.7788192719904172,2.6108905283242754,train,6075,840763,50.895317705465146,49.104682294534854,48.7272870000226,5.569345939343191,99.38817191833971,72.29917144564452,27.08900047269516,0.6118280816603195,18.841637158837035,64.21647009677251,16.941892744390454,46.479304441236714,34.582429755950194,18.938265802813124,25.69205725614303,20.47707389825576,53.830868845601216,13.244427675876482,14.493083504909315,15.386771526192597,10.476734910609963,1.0,10.884706192778435,80.19881852431594,22.78572378830809,7.212266514193843,6.3506440938953315,81294.0,0.5202,52220.0,70.72914248444047,6.7184139010290185,76.49140796033022,48.87497437299256,14.77263735394192,94.59099296111529,11.00298710204943,1.0464361374974374,15.297890130750284,16.0,17.096375554109777,38.93974877581435,33.48042195006203,14.174862595047596,45.703367060634214,16.099999999999998,13.611166585699143,-2.4888334143008546,"San Francisco County, CA",California
2868,438,2.1054882506179364,2.059546473004504,train,13117,196236,49.6876210277421,50.3123789722579,84.90389123300515,2.9056849915407987,99.52454762360891,84.93181699437469,14.592730629234225,0.4754523763910901,6.9357091677583265,89.29933632001391,3.764954512227779,23.080655596290704,60.34141147293509,16.57793293077421,27.257485220265714,27.12160701798996,45.62090776174433,6.933987132174171,7.990085709420468,7.229532220421648,7.433893401352547,2.0,22.58434256055364,86.0149289670118,23.117425154506783,2.040292158279156,5.629665302191187,88816.0,0.413,35696.0,70.03443984603362,6.093226992850944,81.6701528833563,62.9962146947491,4.640069384215091,94.21042414830632,15.430335186980257,2.3682422595360566,9.57673413644795,8.11111111111111,36.38628997737418,24.07152612160868,36.03671089912147,10.62445219021994,12.190423775454045,8.211111111111109,7.842412257987612,-0.3686988531234965,"Forsyth County, GA",Georgia
2869,514,1.9120085973796321,1.81434578863313,train,13271,16416,57.88255360623782,42.11744639376218,57.8764619883041,40.3630604288499,100.0,48.98380985187737,51.01619014812263,0.0,17.640929457122017,78.40991976659373,3.9491507762842564,41.76877612800923,34.02767767046274,24.203546201528038,75.74648116508014,14.921487267106011,9.332031567813846,28.48809333546428,94.32955303535692,28.87248322147651,16.146290824882218,6.0,22.921298354824373,61.353753072414435,41.576857629041406,5.312913594252222,24.57931556059747,26449.0,0.4382,12155.0,48.515779606291005,4.37956204379562,48.45304620417064,38.29505300353357,24.38326291399755,93.37455830388693,29.09908682022625,0.13250883392226148,13.83406432748538,6.666666666666668,21.996832358674467,31.542397660818715,35.672514619883046,14.985380116959064,1.7604775828460035,6.7666666666666675,6.137059929485618,-0.6296067371810494,"Telfair County, GA",Georgia
2870,916,1.296248080435107,1.1959694424782954,train,20069,6065,49.21681780708986,50.78318219291014,98.35119538334708,0.0,100.0,80.75429839156959,19.245701608430394,0.0,10.512452107279692,86.35057471264368,3.1369731800766285,22.87152549792077,61.5014226307726,15.627051871306634,49.41768131286395,31.49814716781365,19.084171519322396,9.988288439016227,16.04381443298969,9.090909090909092,11.055360428165246,6.0,14.148287189113093,88.65116279069768,25.30232558139535,1.8139534883720927,5.2558139534883725,61000.0,0.3653,26131.0,75.5986590038314,2.8508077288565086,80.30436055019022,67.06192358366272,5.970149253731343,96.70619235836628,15.276558384547851,2.2397891963109355,14.690849134377576,3.5555555555555562,36.9002473206925,25.721352019785662,30.61830173124485,13.93239901071723,1.6488046166529269,3.6555555555555563,3.306761932608381,-0.3487936229471753,"Gray County, KS",Kansas
2871,2270,2.158201375540483,2.2579077657620408,train,42065,44756,49.691661453212966,50.30833854678704,98.02484583072659,0.5273036017517205,99.17955190911958,70.12727463973914,29.05227726938045,0.8204480908804039,15.656917363045498,81.81580779944291,2.5272748375116065,25.626251149705137,53.224584753557316,21.149164096737547,62.576337689459855,22.80479701294181,14.618865297598331,14.615139224354007,30.105584884690188,14.028539340688381,15.663522652733484,6.0,30.747828062006697,71.35667514475892,39.14172844850911,6.5263271822068285,15.347150819849556,42903.0,0.4112,22282.0,59.85243681009885,6.0047190253768,73.11681943344274,59.85829464940143,18.08683188110595,98.26533105301736,13.948926860548456,0.2931834839970682,0.7619090177853249,8.555555555555555,27.43542765215837,24.419072303154888,35.2265618017696,19.096880865135404,1.447850567521673,8.655555555555555,9.563060059602495,0.9075045040469405,"Jefferson County, PA",Pennsylvania
2872,2738,1.789905900578732,1.9336786822229517,train,48445,12687,53.87404429731221,46.12595570268779,86.78174509340269,5.005123354614961,97.5059382422803,57.24465558194775,40.26128266033254,2.494061757719715,13.072054527750733,83.66601752677703,3.261927945472249,31.027082268778745,40.3883495145631,28.58456821665815,60.271583406004744,27.12096673726175,12.607449856733524,15.280194918203964,21.769977595220322,16.619438934542362,17.092913114612934,6.0,15.475550779150991,75.35837864557588,32.22936233316856,8.848245180425113,21.428571428571427,37475.0,0.51,21705.0,60.72166200947638,6.682673069227692,54.07771463676855,51.80232558139535,15.343265243434189,98.48837209302326,35.831669482414384,1.337209302325581,52.25821707259399,5.8888888888888875,34.59446677701585,29.62875384251596,29.4474659099866,14.266572081658392,8.213131551982348,5.988888888888888,6.914901234494912,0.9260123456060239,"Terry County, TX",Texas
2873,2,1.3552622518721622,1.9382293983836723,train,1005,26932,53.82815980989157,46.171840190108426,47.363730877766216,46.76592900638645,99.61659114674104,43.37748344370861,56.23910770303242,0.3834088532589752,16.215478659534984,81.07739329767494,2.7071280427900883,33.342369205746806,36.62690882804736,30.030721966205835,61.202679710761366,26.281369629944702,12.515950659293914,26.72743922743923,82.81500480923373,26.49820491576913,22.96758104738155,6.0,28.90440690761536,64.99674690956408,40.07807417046194,12.242463673823464,26.371719800477123,32964.0,0.4642,16824.0,56.538587490448634,17.33758084757216,56.67605633802818,59.58272683163514,25.380281690140844,97.9864143619602,23.59859154929577,1.4070839398350317,4.6079013812564975,3.7777777777777777,26.84910144066538,30.473043219961387,32.162483291252045,16.058963315015593,5.870340115847318,3.877777777777778,6.946440696432831,3.068662918655053,"Barbour County, AL",Alabama
2874,1719,1.0570183913692728,0.7908905304318117,train,31143,5271,49.933598937583,50.066401062417,96.4712578258395,0.24663251754885224,100.0,80.51738075990298,19.48261924009701,0.0,15.229591836734693,84.20918367346941,0.5612244897959183,20.542817033224143,61.18390266729059,18.273280299485254,38.955386289445045,41.40369967355822,19.640914036996733,7.5578006605789785,8.969804618117227,7.929515418502202,11.404189294026375,6.0,28.22040208488459,81.96420376319412,32.58375401560349,2.340523175768701,3.533731069297843,57312.0,0.4156,30428.0,72.6065866734746,1.5471167369901548,83.58714043993231,77.65072765072766,6.192893401015228,98.75259875259876,12.2165820642978,0.0,3.794346423828496,2.7777777777777777,29.89944981976855,20.280781635363308,36.04629102637071,20.166951242648455,3.2821096566116488,2.877777777777778,2.2053594917819246,-0.6724182859958536,"Polk County, NE",Nebraska
2875,117,2.0918640616783932,1.9921146421317133,train,5017,11353,49.12357967057165,50.87642032942834,42.82568484101119,53.91526468774773,100.0,52.11486224291812,47.88513775708188,0.0,18.50012416190713,81.21430345170101,0.2855723863918549,29.881915591515426,41.20927181281434,28.908812595670234,65.69417786308381,23.250159948816385,11.055662188099806,31.682890303257214,80.01378359751895,38.03009575923393,24.649073554183047,6.0,25.609337452797803,64.05938400177266,41.790383337026356,14.15909594504764,27.2324396188788,28913.0,0.5403,19053.0,52.35381565906838,11.192617132039754,46.318407960199,49.11851126346719,31.19402985074627,99.21645445641528,25.52238805970149,0.0,5.320179688188143,8.0,29.65735928829384,23.209724301946626,34.75733286356029,19.008191667400688,3.259050471241081,8.100000000000001,7.331019866232442,-0.7689801337675597,"Chicot County, AR",Arkansas
2876,625,1.6072132174119893,1.931738359640706,train,17073,49883,49.62011105988012,50.37988894011988,93.90173004831304,1.7841749694284628,99.51477723864136,73.3392148213498,26.17556241729157,0.4852227613586237,14.504504504504506,82.8272390037096,2.6682564917859035,23.33292277374061,55.3688877940633,21.29818943219608,45.56158106893253,33.79636342545602,20.64205550561147,10.728501153273047,16.152412507765582,10.846025178272734,11.794287110369119,3.0,31.204193943819927,73.42588001983144,34.51660882498761,3.019335647000496,10.599900842835895,53480.0,0.4175,27402.0,65.22868196512799,5.776730581735457,78.35964972764256,77.7599633531837,14.938288629938636,98.07604214383876,10.453009722126456,0.0,5.268327887256179,4.888888888888889,29.89595653829962,24.76996171040234,34.04967624240724,18.112382976164227,4.314094982258485,4.988888888888889,6.901497103849697,1.912608214960808,"Henry County, IL",Illinois
2877,343,2.7578980068297776,2.771859013706865,train,12061,142866,48.134615653829464,51.865384346170536,86.17375722705192,9.246426721543264,98.8551439020512,63.793925902369224,35.06121799968198,1.1448560979487994,16.00192918844899,78.99596076168494,5.0021100498660775,22.88005892703687,48.727748905348435,28.39219216761468,41.991880869880255,31.1964104898418,26.81170864027795,14.352772920044462,30.093369702056236,14.263284431578429,15.783709691094591,4.0,39.25841239505836,59.93947254647644,51.17163856463468,3.763078253350627,12.743623000432338,45798.0,0.5303,31882.0,51.663114105958,11.986557753414633,60.01421406924665,64.02068272130991,15.764207364497011,97.87666969885576,28.220291254324565,0.6726672092689232,11.773970013859143,15.666666666666664,23.2623577338205,19.94106365405345,32.66697464757185,29.50807049962903,4.579816051404814,15.766666666666667,15.988328922233737,0.22166225556706998,"Indian River County, FL",Florida
2878,678,2.2789752273549118,2.0532660355557795,train,17179,135697,49.367340471786406,50.63265952821361,96.02275658268051,1.2225767703044284,99.10279660208073,73.16980051541472,25.93299608666604,0.8972033979192517,14.552011477310693,82.91669123282827,2.5312972898610537,23.96630864276393,55.30328609364591,20.73040526359016,40.39021487322268,34.593313638392374,25.016471488384944,8.704393990737604,13.071751350159815,8.5101630556176,10.997885454627257,3.0,28.081514275562053,77.08701738874153,30.83554376657825,3.7098437960506927,9.709328028293546,58194.0,0.4152,29718.0,66.32816256046469,5.241046730077958,79.49384081840671,76.58593386120167,13.263061069746053,98.12296227293899,10.13437084364007,0.1583605030274802,2.1673286808109244,9.666666666666666,29.234986771999374,26.159016043096017,34.12455691724946,16.54494940934582,2.754666647015041,9.766666666666666,7.793312822709532,-1.9733538439571339,"Tazewell County, IL",Illinois
2879,1952,2.538096293116917,2.386400278529746,train,37137,12982,51.494376829456165,48.50562317054384,75.19642582036667,19.03404714219689,98.69524697110904,51.86393289841566,46.83131407269339,1.30475302889096,14.239450441609426,83.07163886162905,2.6889106967615306,23.31886240808009,52.68893417205634,23.992203419863557,45.275192229866455,35.420882233913396,19.303925536220152,13.603120429058995,32.514177693761816,12.802653399668324,21.224390638918127,4.0,42.15242494226328,66.41206797784992,46.34332633186939,5.365667366813061,15.409585640633953,43444.0,0.4309,24176.0,54.41176470588235,9.18918918918919,62.04844878878029,73.70264247055078,20.04533220002833,98.34447628143906,22.75109788921943,0.4457179242279529,3.3816052996456634,12.555555555555555,22.169157294715767,22.75458326914189,35.97288553381605,24.718841472808503,5.7695270374364505,12.655555555555553,10.874279028310522,-1.7812765272450317,"Pamlico County, NC",North Carolina
2880,2772,2.25595925165399,2.355942618623101,train,49005,117449,49.871007841701505,50.1289921582985,90.51758635663136,0.7543699818644689,99.8357559333169,86.72086720867209,13.114888724644821,0.16424406668309108,8.249838187702267,80.96828478964402,10.781877022653722,33.48751478055227,54.28114349307921,12.231341726368505,29.42887271242941,34.42411048370638,36.14701680386421,15.575154318273745,17.485740066385222,18.90831307131205,8.707535449599451,4.0,14.514990526433108,85.338377469525,21.342300686562982,3.233851758441922,8.888888888888891,50497.0,0.4251,20223.0,70.2977460115506,5.122699930798303,81.41260781508916,63.14578540054382,7.388785814437663,96.96716168165658,13.410851615278938,0.04183225266680611,10.323629830820186,9.444444444444443,40.20979318683003,39.31834242948003,21.24070873315226,8.247835230610733,8.728043661504142,9.54444444444444,10.548066981405647,1.0036225369612062,"Cache County, UT",Utah
2881,2511,2.3014733641413554,2.3412819506320455,train,47181,16897,55.00976504704978,44.99023495295023,91.99266141918685,6.172693377522638,99.18433931484505,71.64763458401305,27.536704730831968,0.8156606851549755,13.174982911825015,85.82535885167464,0.9996582365003418,26.937243727847658,46.2228090902773,26.839947181875054,67.11382113821138,24.089430894308943,8.796747967479677,21.78278271487688,50.224215246636774,23.133466344639288,20.981810805328287,6.0,27.775760656451965,63.38193397016928,45.299145299145295,6.217529746941513,19.82570806100217,30701.0,0.4497,16333.0,54.64858410098942,11.924457624473233,60.662385941196355,46.996838777660685,22.18091697645601,98.94625922023182,21.22338627914836,0.035124692658939236,1.810972361957744,9.888888888888893,23.927324377108363,28.3482274960052,35.479670947505475,17.68361247558739,1.8346452032905247,9.98888888888889,10.394553329399848,0.4056644405109573,"Wayne County, TN",Tennessee
2882,2727,2.132192107065365,2.2398022765769374,train,48423,217552,48.33648966683828,51.663510333161724,76.68511436346253,17.93686107229536,98.89306369027884,66.97056765020076,31.92249604007809,1.106936309721148,13.24605873652006,80.72731640096588,6.0266248625140655,28.55092172861892,46.938419694539355,24.510658576841717,41.22066062638225,33.896696868088746,24.882642505529,17.429431689875802,32.89431257286009,17.593845926254673,13.108059135638422,4.0,25.485669376427538,77.43532458300541,31.535454060778388,5.5408870496839215,12.208992358272614,46929.0,0.4701,24964.0,63.43897479900763,6.979525027688749,64.76968761872271,62.1978021978022,10.952340339750496,96.20094191522765,27.30796963799747,1.6985871271585555,18.392844009708025,8.333333333333334,32.148635728469515,29.78919982349048,30.07878576156505,15.064444362727071,5.3780245642421125,8.433333333333334,9.391474189428607,0.9581408560952731,"Smith County, TX",Texas
2883,1218,2.2902875651836396,2.218241958421885,train,25015,160759,46.831592632449805,53.1684073675502,88.78880809161541,2.7127563620077257,98.90254609306407,68.28956820177189,30.612977891292203,1.0974539069359086,15.824082585024396,72.64812981687055,11.527787598105073,43.895425394859544,37.94637455246882,18.158200052671663,30.30911444266656,25.49862921554439,44.192256341789054,14.693396396982779,14.871172516803586,17.746446774126717,10.82574792825911,3.0,21.362242824954752,78.65634220804694,29.264382323344307,5.314594668349508,10.53026555917518,61368.0,0.4606,30244.0,66.7136328733627,6.9874509716278,82.30016821381845,73.99228720962262,16.69232891586639,94.56431916261131,4.001530834749949,0.2800477458451933,5.1455906045695725,9.777777777777779,27.09086271997213,38.11232963628785,32.02246841545419,14.106208672609311,8.498435546376875,9.877777777777778,9.191158215657744,-0.6866195621200344,"Hampshire County, MA",Massachusetts
2884,1447,1.1314021114911006,1.6969538029626825,train,28105,49048,50.138639699885815,49.86136030011417,58.32653726961345,37.116702006198004,99.87464387464388,57.11680911680912,42.75783475783476,0.12535612535612534,16.774046410855806,62.3382176862991,20.88773590284509,54.398671735887184,31.202175273112275,14.399152991000529,33.06254082299151,23.963096015676022,42.97436316133246,33.74429223744293,46.207129582699785,52.1405999740271,11.719215976635606,5.0,16.278317956879615,74.39798661556941,24.30932906251787,5.8628381856660745,15.289138019790654,32485.0,0.5472,20091.0,55.985844794699325,13.202133859326668,76.17949375017795,61.31695955960196,11.793513852111273,98.39085327122594,15.05936619116768,0.0,1.5902789104550643,3.0,29.085793508399934,49.153890066873274,23.01622900016311,9.910699722720604,4.55676072418855,3.1,5.457298040876254,2.357298040876254,"Oktibbeha County, MS",Mississippi
2885,1238,2.158201375540483,2.383321225179662,train,26027,51952,50.352248229134595,49.647751770865405,88.250692947336,4.7332152756390515,98.91082971752412,65.96121491189231,32.949614805631796,1.08917028247587,12.850327966607034,84.08865036772012,3.0610216656728286,25.191356296088863,52.35228227387287,22.45636143003827,48.03937744046637,35.04372215805972,16.91690040147391,14.716108855694337,28.56646595646132,14.485809067453005,15.851940482853115,3.0,32.525406629100125,73.28988607531963,38.610019402019795,5.1589473160539265,14.447042435699716,46570.0,0.4326,24314.0,60.68184062407426,9.438183963223633,67.6334892724633,65.00578156207295,18.51266333279561,98.12887627457165,16.909178899822553,0.3258698622937033,3.3184477979673552,8.555555555555555,28.80351093316908,22.230135509701263,37.54619648906683,18.447797967354482,7.016091777024948,8.655555555555555,10.840848037353071,2.185292481797516,"Cass County, MI",Michigan
2886,283,2.0780516873907815,1.8792209697082078,train,8087,28359,49.67735110546917,50.32264889453084,89.98906872597765,2.6094008956592263,99.07991587802313,65.6677181913775,33.412197686645634,0.9200841219768664,11.516020569620252,83.92009493670884,4.563884493670887,24.53370939859885,51.71958875443546,23.7467018469657,51.91832702124156,33.185136396070035,14.896536582688404,11.607271677968548,19.10705712914066,11.086158733636413,11.556527663236404,5.0,22.24953014312564,80.13626331446119,29.584492850973987,3.905575280683236,14.259667978121099,48450.0,0.4031,22101.0,68.5370543858784,5.8920863309352525,66.6357910337162,58.6004404208466,18.56860565641596,95.96280890628825,18.346301099172532,0.09787129924149744,34.95539334955393,7.8888888888888875,33.78468916393384,27.247082055079517,30.80503543848514,15.120420325117248,7.40153037836313,7.988888888888888,6.548401471492166,-1.4404874173967217,"Morgan County, CO",Colorado
2887,493,2.511404317020102,2.31189883909122,train,13229,18934,49.53522763282983,50.464772367170184,86.42653427696207,7.821907679307066,100.0,58.36776859504133,41.632231404958674,0.0,10.414422179128064,86.26732744379805,3.3182503770739067,27.079174983366602,48.170326014637396,24.750499001996012,59.4412331406551,26.332691072575464,14.22607578676943,23.737212276214837,46.60578386605784,26.514327167210737,20.872804683342203,5.0,27.35594663638944,70.2612481857765,37.924528301886795,8.984034833091437,21.756168359941945,40247.0,0.4833,21619.0,56.415770609319,8.945362134688693,55.735359856951284,61.80831826401446,17.71122038444345,98.77034358047017,29.7094322753688,0.07233273056057866,5.123059047216647,12.222222222222221,32.724199852117884,26.33357980352805,33.13087567339178,14.973064328720815,5.751558043730855,12.322222222222221,10.093572539993048,-2.2286496822291735,"Pierce County, GA",Georgia
2888,2456,3.027984317391179,2.7337582267466445,train,47071,25900,48.722007722007724,51.277992277992276,94.11969111969113,3.1505791505791505,99.03917220990392,70.26977087952697,28.769401330376944,0.9608277900960828,14.069123734477088,82.63428257942249,3.2965936861004437,20.66716362281029,49.56671636228103,29.76612001490869,64.76026660933132,22.516663083207913,12.723070307460759,23.262210695901608,46.36488340192043,26.63057164442206,20.00940881292144,6.0,31.50952613580851,64.94782696788572,43.176983081754635,9.127747948536117,23.847634484854627,35290.0,0.5067,20740.0,53.43351910828026,13.158875023281801,55.675711537185705,55.90284690424049,25.621973064419823,96.814652598049,22.550255423605122,1.9311168624328088,1.9691119691119687,20.555555555555557,26.57142857142857,23.17374517374517,35.30888030888031,20.62162162162162,2.72972972972973,20.65555555555556,15.390619904691688,-5.264935650863871,"Hardin County, TN",Tennessee
2889,1455,2.1835512754360096,2.278670212254779,train,28121,146761,48.24783150837075,51.75216849162925,77.11176675002214,19.689154475644074,99.44404090070962,72.37525842319941,27.068782477510194,0.5559590992903839,11.770026946991555,84.08508774435589,4.1448853086525554,26.57134549932443,51.06039097641485,22.368263524260716,37.186421522129606,33.809965892348984,29.003612585521413,9.994813241155867,12.71532474161031,10.575067136623023,13.518130014458652,3.0,24.193986105080327,81.58364312267658,28.420074349442377,5.392193308550186,9.526022304832713,58801.0,0.4184,27389.0,68.80516050579037,5.181912323092855,77.50352366874075,62.79315327331333,10.811647014335316,97.71034789374235,15.387259788923647,0.2556407691452706,2.601508575166427,8.777777777777779,30.78747078583548,30.236915801881967,32.50045993145318,12.735672283508563,3.1990787743337803,8.877777777777778,9.763688140126247,0.8859103623484685,"Rankin County, MS",Mississippi
2890,2009,0.9339123332239747,1.0063584191919575,train,38051,2759,48.6045668720551,51.3954331279449,96.73794853207684,0.32620514679231605,99.40594059405943,72.87128712871286,26.534653465346537,0.594059405940594,19.44186046511628,79.53488372093022,1.0232558139534882,16.219667943805877,61.217539378458916,22.56279267773521,51.741521539871684,29.51420714940421,18.744271310724105,11.731422104866088,11.58129175946548,13.696456901110524,17.604835663014732,6.0,26.981300089047192,70.51978277734679,46.702870442203256,5.275407292474787,7.6803723816912335,42277.0,0.4754,28735.0,62.74509803921568,1.1160714285714286,84.99624906226556,83.0655129789864,13.953488372093025,99.62917181705808,6.751687921980495,0.0,0.9061254077564336,2.4444444444444446,23.08807538963393,16.708952519028635,31.895614353026453,33.09169989126495,2.9358463211308443,2.5444444444444447,2.7356208698356475,0.19117642539120272,"McIntosh County, ND",North Dakota
2891,2531,2.145281299175379,2.2207360642995697,train,48031,10723,50.34038981628276,49.65961018371725,92.84715098386644,0.6061736454350461,99.76087996174078,73.84026781444284,25.920612147297945,0.2391200382592061,11.884908984145625,85.89547856723429,2.2196124486200826,20.070851322927044,59.304771393778374,20.62437728329459,41.80483483103404,29.78104037463612,28.41412479432983,9.026397956287255,16.733295259851513,8.405391658189219,16.62425784563189,6.0,44.02457401182335,73.27089337175792,42.69932756964457,2.8818443804034577,4.9471661863592695,55504.0,0.434,29148.0,57.91079812206574,6.181597081475476,64.98348277489382,71.33610725843735,10.24067956583294,99.44521497919555,28.472549944942585,0.4160887656033287,18.96857222792129,8.444444444444445,25.822997295532964,19.388230905530172,40.156672572973974,20.95495663526998,6.546675370698498,8.544444444444444,9.214110548261937,0.6696661038174927,"Blanco County, TX",Texas
2892,243,2.5810582263605166,2.4189950028634906,train,8005,608310,49.16950239187257,50.83049760812743,73.06965198665155,10.24050237543358,99.67901448772447,69.89075815309874,29.788256334625732,0.32098551227552696,13.883221328632807,80.0568469758731,6.059931695494107,31.151669801082,47.88054149441191,20.967788704506106,28.43544833473555,31.504202945392557,40.060348719871904,11.225092299884233,18.144145867202194,10.960237991229077,9.121518009452744,2.0,27.506976764578862,84.84240051219291,21.441108705972532,3.20643202773507,8.701617153235395,63265.0,0.4649,34190.0,73.13153285122415,6.962095959215072,73.75658029449653,63.9748054835124,12.221528157569379,94.42015561319008,16.993035450000132,1.3738421637643572,18.65923624467788,13.111111111111107,31.13659154049744,30.43563314757279,33.41388436816755,11.408492380529662,16.689845637914882,13.211111111111109,11.234562935837895,-1.976548175273214,"Arapahoe County, CO",Colorado
2893,2073,2.465270675271141,2.435861314842013,train,39073,28914,50.22134606073183,49.77865393926818,97.42339351179359,0.819672131147541,99.58518518518518,66.35555555555554,33.22962962962963,0.4148148148148148,14.215800512701001,83.36984385924026,2.414355628058728,22.505108991825608,53.09945504087194,24.39543596730245,55.80698336580249,29.132324291922675,15.060692342274839,17.359534619750285,35.55825242718447,17.086193745232652,17.027381247564737,2.0,34.935680433310765,71.03714762448406,35.549310617370686,9.203477649951699,21.34890664793185,42170.0,0.4212,21360.0,61.086541594897824,8.954427678707514,63.52345635411149,63.08993766696349,22.72058390723409,97.08370436331256,17.664371063629407,0.33392698130008897,0.8438818565400843,11.666666666666664,30.016600954554892,23.348550875008645,36.435636715777825,16.87072006640382,1.7569343570588642,11.766666666666662,11.425655563162724,-0.3410111035039378,"Hocking County, OH",Ohio
2894,1697,1.4891517465595983,1.3347455989410701,train,31099,6549,49.2746984272408,50.72530157275919,98.12185066422354,0.15269506794930526,99.54545454545456,81.36363636363636,18.181818181818183,0.4545454545454545,16.25153123723969,80.84932625561454,2.8991425071457737,18.6570011446013,58.603586417397935,22.73941243800077,39.458626760563384,36.42165492957745,24.119718309859167,6.3403263403263415,7.108013937282231,6.6637630662020895,11.53727188369935,5.0,37.70327243525397,79.76147452114203,32.5623418865197,7.083483917600289,6.902782797253343,51934.0,0.4046,27360.0,72.00898325847284,3.8843209526509774,82.12096989075405,68.471615720524,11.617372768451904,97.46724890829692,11.244337863042901,0.0,5.100015269506795,4.333333333333333,29.897694304473962,24.50755840586349,32.966865170255,18.582989769430448,1.7254542678271492,4.433333333333333,3.799029346383821,-0.6343039869495115,"Kearney County, NE",Nebraska
2895,2893,2.589433484697249,2.7135856792645656,train,51169,22570,50.372175454142656,49.627824545857344,98.08152414709794,0.7576428887904297,98.42390025876264,70.4775346977182,27.946365561044463,1.576099741237356,15.022066312096864,82.97499151295689,2.0029421749462486,20.654793085385016,56.39601885804085,22.94918805657413,59.74064957675452,28.53455003902264,11.724800384222851,20.17214540792968,42.38046095631235,21.84596324592195,23.36780718939359,3.0,24.636889811073488,61.4990937200128,47.329139567118034,10.160997974197675,18.34950421153641,37240.0,0.4647,21295.0,52.40140128828116,8.92818632736683,64.66090679715575,65.90171032691059,22.195886535667864,99.04741285992638,18.13594311491704,0.17319766183156526,1.182986264953478,13.222222222222221,24.222419140451933,24.1116526362428,36.056712450155075,20.996898537882146,1.1608329641116528,13.322222222222221,15.083262408450084,1.7610401862278628,"Scott County, VA",Virginia
2896,2932,3.0439931971712446,2.9437613478865137,train,51720,4007,40.578986773146994,59.421013226853006,87.52183678562515,3.4190167207387074,100.0,56.60377358490565,43.39622641509435,0.0,22.09892200380469,74.88902980342422,3.0120481927710845,25.75171181899375,39.982137540934794,34.26615064007145,37.396849212303074,42.98574643660915,19.61740435108777,24.03140035452013,57.11462450592886,26.4635124298316,18.20714104836668,5.0,22.322540473225413,67.63881099270893,38.86707795849691,12.731351654514866,28.15479528883904,27731.0,0.4907,19647.0,62.77742549143946,10.303030303030305,63.09029089535322,75.7396449704142,24.78277295051001,99.01380670611441,16.131469588213072,0.0,2.4207636635887204,20.88888888888889,27.327177439480906,31.64462191165461,34.988769653107056,13.526328924382332,9.059146493636137,20.98888888888889,18.987129366945666,-2.0017595219432245,"Norton city, VA",Virginia
2897,987,2.3867219722002453,2.4865026686325944,train,21001,18852,49.37407171652874,50.625928283471254,95.05622745597285,2.8007638446849143,98.2250065257113,75.22839989558861,22.996606630122685,1.7749934742886977,15.27404718693285,81.58257713248639,3.1433756805807613,26.416421537280986,49.34774267809184,24.235835784627188,61.35823967072977,22.76397023903752,15.877790090232706,21.623009758602986,44.28129829984544,23.71254261618518,18.20926095628268,6.0,24.586541680616,64.57150964812712,40.9477866061294,10.286606129398413,19.0266742338252,33362.0,0.4542,18277.0,55.73023002586089,7.0216143607278045,62.40666037250021,54.71574104502136,22.57316968500557,99.27702924745316,18.908248219036995,0.0,1.8353490345851895,10.777777777777779,28.686611500106093,27.970507107999147,34.659452577975806,16.592403988966687,2.1430086993422446,10.877777777777778,12.01916751792629,1.1413897401485116,"Adair County, KY",Kentucky
2898,1516,2.0059743897979634,2.2037639427599416,train,29079,10256,47.932917316692674,52.067082683307326,95.84633385335415,0.8190327613104524,99.10532736884913,65.02643350955674,34.0788938592924,0.8946726311508743,16.838441975639142,79.78851559362869,3.373042430732164,22.0891875381796,52.083078802687844,25.82773365913256,52.701132733081614,30.060993319779268,17.237873947139125,20.307630441339093,37.6271186440678,21.99122949488387,16.60047656870532,6.0,32.05901218729955,68.40029578506287,40.621148631994096,6.950948977076656,15.011091939857039,37656.0,0.436,19365.0,57.52200762054921,4.408405664687072,64.59638446393413,69.12055335968378,16.2341149096116,98.12252964426878,21.925899409343124,0.592885375494071,0.9165366614664586,7.333333333333332,30.50897035881436,24.541731669266767,30.294461778471142,21.16809672386895,3.334633385335413,7.433333333333334,9.059047143818082,1.6257138104847488,"Grundy County, MO",Missouri
2899,2974,2.661812332608922,2.4848250279323256,train,53057,119343,49.53537283292695,50.46462716707306,85.59027341360616,0.8060799544171002,99.09929945513176,67.35609177508432,31.74320768004744,0.9007005448682308,12.792509976013351,80.97538328893408,6.232106735052563,25.27605209386803,50.85343955749107,23.870508348640897,38.32027066497907,36.882971473079536,24.79675786194139,16.00622724333889,30.46259110516139,16.128252125655518,14.160993124005016,4.0,35.106382978723396,74.44645622913986,35.88708797801095,4.349817848650772,17.368731048624593,54129.0,0.4369,27794.0,60.934392545956,7.798835133526878,66.88846913368249,71.01613895593735,17.00867176096849,97.45373657059021,20.185455482098394,0.8471768659188793,17.516737470986993,14.222222222222221,29.08591203505861,26.068558692172985,33.15066656611615,18.047979353627774,13.60364663197674,14.322222222222218,11.99902057770358,-2.3232016445186368,"Skagit County, WA",Washington
2900,1855,1.9120085973796321,2.342938978476874,train,36067,468304,48.29683282654002,51.70316717345997,80.38026581024292,11.063966995797601,99.29950684506795,61.48547179134412,37.81403505372385,0.7004931549320337,16.873738001080373,76.94185344491402,6.184408554005611,36.75501953598453,42.477668506011966,20.767311958003496,35.97684589001798,29.95499228621336,34.06816182376866,15.445022104961335,29.05695233515961,15.43660681993888,12.078051098200982,3.0,23.03890612558689,75.60888426730791,31.47134168467459,5.831857496439036,15.00100194431356,55092.0,0.4566,29444.0,65.18444361017256,6.91254266211604,76.18009621166566,69.62799109211292,18.9618296616192,97.56976101155334,9.326996665391134,0.30938466827088346,4.5030578427688,6.666666666666668,29.693745942806377,29.08772933820766,33.851942328060396,14.940081656359974,8.555767193959477,6.7666666666666675,10.411791671963696,3.6451250052970288,"Onondaga County, NY",New York
2901,3071,2.132192107065365,1.9400784683787056,train,55063,117048,48.92095550543368,51.079044494566325,91.48469004169228,1.389173672339553,99.15024784437873,74.26167367851043,24.888574165868288,0.8497521556212771,14.935375777884154,73.12794912124734,11.936675100868495,36.77623378897599,45.823504568444264,17.40026164257975,33.348673524634535,35.7634001082837,30.88792636708175,14.845522934796204,15.735121378230223,17.897112636555462,10.900093273914397,4.0,27.297082113961096,80.46175423454525,27.86492609774517,4.2766209947135625,10.693710216851873,50539.0,0.4482,27550.0,70.3502310173481,5.085270837528463,81.34375576705071,62.99509619011694,13.926603569639607,97.736703130894,8.628826026205479,0.02514774299006664,1.7001572004647667,8.333333333333334,28.792461212494025,34.36197115713212,30.844610757979627,14.217244207504613,7.1261362859681485,8.433333333333334,6.959297033967825,-1.4740362993655083,"La Crosse County, WI",Wisconsin
2902,1779,2.0780516873907815,1.9188538907245822,train,34023,830300,49.183909430326395,50.816090569673605,61.04600746718054,9.843068770323981,99.76031538590851,74.74255594900467,25.017759436903837,0.2396846140915032,10.396389547156687,85.1055879522165,4.4980225006268135,33.93586152134063,48.721540173629656,17.34259830502971,37.56268494833429,21.448237543335825,40.98907750832989,8.83176085941149,13.01667539993219,8.739416447858016,8.753836649799013,2.0,13.117307629715393,82.38766494834395,26.824979259584907,3.979677938580009,6.432010437569578,79593.0,0.4292,34674.0,67.76931348013633,7.326289419051044,77.79959337567904,61.124970358074464,8.712463091965308,93.26630305904672,15.460768666939256,2.5743419492530237,19.565096952908586,7.8888888888888875,29.10405877393713,30.793448151270624,33.83451764422498,13.106949295435387,29.110923762495478,7.988888888888888,6.813145383702039,-1.1757435051868494,"Middlesex County, NJ",New Jersey
2903,128,1.2335316065674804,1.642749418441053,train,5039,7868,49.2755465175394,50.7244534824606,55.42704626334518,41.21759023894256,99.62848297213623,70.46439628482972,29.1640866873065,0.37151702786377705,18.975431259801358,79.76999477260847,1.2545739675901726,24.796620775969963,48.576345431789726,26.6270337922403,67.40823136818689,19.521690767519466,13.070077864293658,15.528034839412086,26.49371069182391,16.291793313069903,24.63215258855585,6.0,27.09548408598567,67.30295566502463,41.533251231527096,11.730295566502464,15.825123152709358,34084.0,0.4169,17868.0,57.36244541484717,8.160779537149818,57.63905186575922,54.91803278688525,22.29523586012673,98.77049180327869,22.95235860126731,0.0,2.7834265378749365,3.333333333333333,30.60498220640569,21.51753940010168,35.26944585663447,19.66192170818505,3.355363497712252,3.433333333333333,5.169362732968883,1.7360293996355503,"Dallas County, AR",Arkansas
2904,1572,2.4267673628924595,2.464893135182882,train,29189,1001327,47.35216367879825,52.64783632120177,69.61132577070228,23.346718904014374,99.3733734800643,64.70418431968167,34.66918916038264,0.6266265199356942,15.864103112773654,80.37880048713865,3.757096400087706,32.107485031040156,46.68698860901653,21.20552635994332,29.202075678068915,29.175714624850173,41.622209697080905,10.886604872530484,19.197133844942726,10.321043883413823,11.69705067280074,2.0,24.98783590016275,78.67404607317856,30.34946831940155,4.036442455809416,10.558208635796923,59755.0,0.4877,35570.0,68.55545476084819,7.093934678212388,80.42204216166498,63.96926095487247,9.410355318650996,96.84892086330936,12.632460979757099,0.5428384565075213,2.6747506059459103,11.222222222222221,29.346856721131058,27.16445277117265,34.197420023628645,16.038117418186072,7.041955325283349,11.32222222222222,11.762225116779137,0.4400028945569172,"St. Louis County, MO",Missouri
2905,2971,2.8259978322655077,2.7260114860595,train,53051,12968,51.39574336829118,48.60425663170882,91.787476866132,0.1850709438618137,98.76681614349778,69.73094170403586,29.035874439461885,1.2331838565022422,14.125516427306707,81.32008656305331,4.554397009639977,22.36842105263158,54.13269088213492,23.498888065233498,41.28630705394191,41.61825726141079,17.095435684647306,21.46756082345602,42.24973089343379,23.962011445269688,21.56801742241581,3.0,50.592923794712284,59.17346182357301,44.236471460340994,7.672349888806522,20.83024462564863,40599.0,0.4407,22008.0,45.49651311266086,10.16839378238342,56.88876727322479,58.77437325905292,26.8846627445615,98.7116991643454,20.34478040771652,0.6963788300835655,3.508636644046885,16.77777777777778,26.681061073411477,17.867057371992594,38.84176434299815,22.62492288710672,8.027452190006171,16.877777777777776,15.271853383945594,-1.6059243938321828,"Pend Oreille County, WA",Washington
2906,812,1.561647248597752,1.4705255288345052,train,19059,16967,50.0383096599281,49.9616903400719,97.73678316732479,0.3064772794247657,99.93872549019608,73.28431372549021,26.654411764705877,0.06127450980392156,17.03472377128411,81.62688675737974,1.3383894713361588,19.2472438733235,61.52657818973387,19.22617793694263,34.78295247884874,37.77180358978413,27.44524393136713,6.597888675623801,6.526104417670683,7.191671964399237,14.613915741735287,5.0,33.43565007673755,75.93541773449512,38.031778575089696,5.369041517170682,8.36750384418247,57265.0,0.444,34218.0,67.03720171928265,3.5706389564448373,80.83229555832295,71.1767755313634,14.892071398920715,98.60031104199068,8.779576587795766,0.0,1.591324335474745,4.666666666666667,24.093829197854664,21.907231685035658,35.22720575234277,23.598750515706957,1.9567395532504277,4.766666666666667,4.351521390229724,-0.41514527643694255,"Dickinson County, IA",Iowa
2907,1946,2.312535423847214,2.4195642489270828,train,37125,91743,48.02764243593517,51.97235756406483,82.80413764537893,12.349716054630873,99.50207894871927,67.10641137518608,32.39566757353319,0.4979210512807351,15.605602083186712,80.61651066225632,3.7778872545569713,21.854637919160886,53.427451395878585,24.717910684960533,36.57101365967295,30.877214213320823,32.551772127006224,15.21358292658741,34.98538215230405,14.031667918257785,14.447652298464705,5.0,38.31681908773517,67.6466628974504,40.481382763912464,3.5484478905850363,9.390733112564954,50998.0,0.4734,29643.0,56.1667358298871,7.867315482408091,69.67348520384232,66.20143884892087,13.678543022046375,99.05035971223022,20.30877164358697,0.2302158273381295,6.223908091080518,10.0,26.89360496168645,22.790839628091522,32.358872066533685,23.58436065966886,4.84614629999019,10.1,11.240959987140693,1.1409599871406932,"Moore County, NC",North Carolina
2908,10,2.4267673628924595,2.4902258431446294,train,1021,43819,49.33704557383784,50.66295442616217,84.0457335858874,10.333417010885688,98.19055696918294,69.2394684761097,28.951088493073225,1.8094430308170768,12.617306520414381,85.27422303473493,2.108470444850701,24.477441462021694,51.907481439177616,23.615077098800693,60.823832790445174,25.091612377850165,14.084554831704668,19.148837854073285,44.02384914032169,18.40400259160608,16.878548932159358,2.0,29.61043656412883,71.65116708751617,35.720884399827554,6.146455626039293,18.06984048777484,41627.0,0.4462,21399.0,59.06395401879391,8.629389352280919,65.48662535892399,60.14029618082619,15.0823636088862,98.9867498051442,23.37161855825903,0.0,7.645085465209156,11.222222222222221,30.48449302813848,27.81441840297588,33.02905132476779,14.92959675026815,5.620849403226909,11.32222222222222,12.064000384588613,0.7417781623663942,"Chilton County, AL",Alabama
2909,2496,2.7718940365571028,2.9094401196107755,train,47151,22043,48.945243387923604,51.05475661207639,98.26248695731071,0.2222927913623373,97.73813902169915,63.93894814269953,33.79919087899963,2.2618609783008456,14.431468961278426,83.93976644130302,1.6287645974185618,22.38100660441813,48.605101343657466,29.01389205192439,70.25174730270747,20.79799145009161,8.950261247200924,27.346428240526265,60.12715712988192,31.639741518578358,23.675009201324983,6.0,22.666747002470327,64.84534841737874,39.7400409194849,12.167529185220845,35.732338428210376,30246.0,0.5362,18709.0,54.45173958397251,13.57899481631733,49.96945632254123,54.51421430802875,28.375076359193645,95.90752889721962,23.49572388515577,0.0,0.7303906001905367,15.888888888888893,31.211722542303683,27.21045229778161,32.94469899741415,15.138592750533052,1.515220251326952,15.988888888888889,18.346523832071004,2.3576349431821146,"Scott County, TN",Tennessee
2910,2091,2.465270675271141,2.3473596756498365,train,39109,103517,49.172599669619466,50.8274003303805,94.37966710781805,2.1745220591786856,98.97018073534883,66.93825220232435,32.031928533024534,1.0298192646511437,13.985424935867169,83.12381146861001,2.8907635955228264,24.58790880164597,52.233307016914274,23.17878418143975,48.26355851569935,31.149605417809372,20.586836066491294,12.78251349026355,23.9907969044133,12.109107509700982,13.104012306613832,3.0,30.75340737001515,76.04229974474292,33.56995259511365,4.791540051051416,9.974474291965482,51569.0,0.4159,26320.0,66.55161873710486,6.902688737919817,76.0322011111651,65.54436565162982,13.967312956573856,97.65210654907335,12.613181722467887,0.059591204338239674,1.473187978786093,11.666666666666664,29.82505288986351,24.747625993798124,35.15557831080885,16.7083667416946,3.445810833003274,11.766666666666662,10.457920936604665,-1.3087457300619967,"Miami County, OH",Ohio
2911,911,2.158201375540483,1.8944633330600549,train,20059,25753,49.21756688541141,50.78243311458858,92.9056808915466,1.1765619539471128,99.5276334435522,76.27145331443867,23.25618012911353,0.4723665564478034,12.991161750612287,84.20296028112023,2.8058779682674904,22.99950908198331,57.37358861070201,19.62690230731468,43.57933145009416,35.21068738229755,21.20998116760829,13.092134290642171,24.403669724770648,12.331464025772581,14.055722715017,5.0,26.73605716948889,81.05798575788404,30.081383519837235,3.479145473041709,13.68260427263479,51081.0,0.4098,24567.0,69.92747952209527,6.782063717078265,81.05160026126714,77.91029297381385,10.352710646636186,96.9147005444646,12.547354670150227,0.0,3.9024579660622063,8.555555555555555,32.019570535471594,26.059099910690016,33.68539587620859,15.299188444064768,5.917757154506272,8.655555555555555,6.6489791596712715,-2.0065763958842835,"Franklin County, KS",Kansas
2912,2891,1.561647248597752,1.9789782573328203,train,51165,77785,49.03387542585331,50.96612457414669,94.25467635148165,1.8242591759336635,98.94338343315628,77.95796135156516,20.985422081591143,1.056616566843711,11.530236934393976,86.04225472585749,2.4275083397485244,25.17942394637832,55.12346264504095,19.697113408580734,54.21155266097427,22.009125504079968,23.77932183494576,11.14766610956849,19.822668224620248,10.547678831014368,12.918060740721605,4.0,24.55594213514009,78.64978902953588,34.926582278481014,3.7535864978902964,7.412658227848103,53744.0,0.4298,26472.0,66.33228945120828,5.130147188770229,76.56431928931822,64.76190476190476,8.797274569839148,96.2054743157105,16.734227435421968,1.9047619047619049,5.8957382528765185,4.666666666666667,29.842514623642092,25.173233913993702,34.62878447001349,17.44552291572925,3.921064472584688,4.766666666666667,7.235346544898422,2.4686798782317556,"Rockingham County, VA",Virginia
2913,2128,1.9600947840472698,1.5433026675265602,train,40007,5530,49.421338155515365,50.57866184448464,80.83182640144666,0.6148282097649186,99.00497512437813,77.96730632551528,21.03766879886283,0.9950248756218906,11.786508524833211,85.64368668149245,2.5698047936743267,20.53162236480293,57.2410632447296,22.227314390467463,54.960800216274656,24.89862124898621,20.14057853473912,9.039132831159288,13.311688311688313,8.819575154611455,9.447807741698773,6.0,22.208737864077676,79.87109568666338,32.87059990084284,3.5200793257312832,4.610808130887457,52090.0,0.4407,26258.0,64.26805143422354,2.9242016160061564,76.40127388535029,68.14159292035397,8.05732484076433,94.57964601769913,18.280254777070066,0.6637168141592921,21.66365280289331,7.0,32.92947558770344,22.24231464737794,35.497287522603976,16.817359855334544,18.55334538878843,7.1000000000000005,4.680021329602589,-2.4199786703974118,"Beaver County, OK",Oklahoma
2914,1234,2.1959892467282267,2.1994257010148788,train,26019,17437,49.93978321959053,50.06021678040947,96.01422263003955,0.3326260251189998,99.20377469772929,65.29047478619876,33.913299911530515,0.7962253022707166,15.331391114348142,80.18936635105608,4.479242534595776,23.131478450627387,51.936715766503006,24.93180578286961,42.827314206171216,33.021421390457036,24.15126440337174,11.55253528489284,17.713083128726762,11.989981417144707,17.653197286799234,5.0,40.06144612746499,68.40138408304497,45.28719723183391,4.2076124567474045,12.955017301038065,47388.0,0.4048,25023.0,59.037101198209896,8.472918449688226,68.36135304840997,77.03517587939699,19.171561677131862,99.09547738693468,18.61454324488556,0.0,2.0989849171302404,8.888888888888891,25.00430119860068,20.26151287492114,36.84119974766302,23.35264093594082,3.653151344841429,8.988888888888889,9.019831931367747,0.030943042478858374,"Benzie County, MI",Michigan
2915,1813,2.5203810379816605,2.293636077080932,train,35045,125133,49.566461285192545,50.43353871480746,53.09790383032453,0.5522124459575012,99.59373355936168,59.63932892967792,39.95440462968375,0.4062664406383352,10.675083250176591,85.90857616970703,3.4163405801163824,35.175216162287995,43.106709344862004,21.71807449285002,49.90425464460085,34.908376133409426,15.187369221989725,20.06159082620852,35.16452760785255,21.6762416982439,13.623841723015275,4.0,25.76595674207545,78.55227222399921,29.58689073149128,7.189429914130355,15.36549959402603,48671.0,0.4635,22460.0,62.74413407821229,9.153073580739367,53.378523778782,50.6337470293108,19.466860340004306,94.40850277264326,30.47127178825049,2.5151835225772383,19.58236436431637,12.333333333333336,34.37782199739477,29.61089400877466,30.504343378645125,12.407598315392425,46.349883723717966,12.433333333333337,9.910909073497287,-2.5224242598360505,"San Juan County, NM",New Mexico
2916,1549,2.0059743897979634,2.2607336064796932,train,29145,58777,49.52787655035132,50.47212344964868,90.95564591591948,0.9765724688228388,99.65431415929207,76.10619469026548,23.548119469026556,0.3456858407079646,12.265109192483495,83.72731889745603,4.0075719100604825,22.982227816773698,55.56527490345843,21.452497279767872,47.27491796554554,33.91355619360132,18.81152584085316,14.503869660820337,22.807317490169268,15.150469720290856,15.146249139710946,4.0,30.511348223166646,74.29851556842868,35.75307748008689,4.589065894279508,12.337074583635047,43290.0,0.4587,22735.0,62.469073581966455,5.922476071729803,69.217662093481,63.91345053573286,13.002732160169215,97.31613440133154,22.25388524927289,0.6449599500676167,4.872654269527196,7.333333333333332,31.702876975687776,25.76347891181925,32.553549857937625,17.01856168229069,8.067781615257669,7.433333333333334,9.590121962409414,2.1567886290760807,"Newton County, MO",Missouri
2917,1737,0.6300890445928083,1.1781265936570644,train,31179,9425,51.34217506631301,48.657824933687,95.2572944297082,3.3421750663129974,100.0,82.79510022271714,17.20489977728285,0.0,13.685700802265215,75.33427717476798,10.980022022966807,36.635655016343975,51.65954236861957,11.704802615036463,26.035047178894658,36.20258039668785,37.76237242441749,13.624144672531767,13.834491471888821,16.332482683193582,9.973361747469363,6.0,24.44561081222936,85.17142857142858,26.6,3.085714285714286,3.171428571428572,54159.0,0.4344,26031.0,69.70855861796123,3.064699205448353,86.88860839381508,75.5823293172691,6.3742505522246775,98.55421686746989,9.466708740927738,0.0,5.347480106100796,1.7777777777777777,32.49867374005305,39.67108753315649,27.596816976127318,13.612732095490715,1.4005305039787797,1.8777777777777778,3.2482831449104754,1.3705053671326977,"Wayne County, NE",Nebraska
2918,404,2.0208114572284313,1.970532260457192,train,13049,13130,53.495811119573496,46.504188880426504,71.83549124143185,25.354150799695354,97.32178022843641,70.65773926742813,26.66404096100827,2.678219771563608,8.938303902332681,87.11576193590582,3.9459341617615,28.635041802980727,35.75063613231552,35.61432206470375,67.20246966148605,22.84436874600809,9.953161592505854,17.220699108978753,26.168224299065407,19.46742502585316,12.418300653594773,6.0,27.87272212255689,67.45175936435871,35.64131668558456,5.10783200908059,18.18955732122588,42778.0,0.4181,18036.0,58.342350140662184,14.002225519287832,56.72092412706748,59.05172413793104,19.913363087424518,97.41379310344827,28.01260173273825,0.4310344827586207,11.34044173648134,7.444444444444445,24.775323686214772,28.78141660319878,39.10129474485911,12.77989337395278,2.8103579588728103,7.544444444444446,7.174494171803518,-0.36995027264092784,"Charlton County, GA",Georgia
2919,130,2.232401036136941,1.904713213773993,train,5043,18740,49.17289220917823,50.82710779082177,68.09498399146212,28.78868729989328,95.74834111575323,56.96731383632342,38.78102727942984,4.251658884246743,12.87691187181355,80.71376547705755,6.409322651128916,33.49501835343472,49.20031463030938,17.304667016255898,52.91237113402062,26.606529209622003,20.481099656357387,28.585249260186664,61.06677866442672,35.10031471282455,20.759755831698282,6.0,19.592595141421786,71.24692370795735,31.555920153130984,7.629204265791633,20.65901011758272,32819.0,0.4786,17481.0,59.74217053177328,14.389586020874868,61.78847657947336,49.42154736080983,19.144868341009825,98.59002169197396,21.85626140610064,0.0,2.88153681963714,9.222222222222221,30.9871931696905,30.32550693703309,31.45677694770545,15.757737459978655,3.1163287086446108,9.32222222222222,6.717480870377343,-2.6047413518448765,"Drew County, AR",Arkansas
2920,2782,2.8259978322655077,2.112307185461244,train,49025,7202,48.62538183837823,51.37461816162178,93.7795056928631,0.18050541516245489,100.0,82.30529595015577,17.694704049844233,0.0,16.42143505903724,79.30971843778384,4.268846503178929,24.010914051841752,53.06957708049114,22.919508867667126,33.521400778210115,41.63424124513619,24.84435797665369,7.90436005625879,11.149584487534629,7.856583072100314,16.80731364275668,6.0,37.8698224852071,71.10075295804948,41.59196844747221,4.589458587307279,9.250627465041234,50194.0,0.4175,24729.0,61.63487738419619,6.896551724137932,66.12863173578346,61.8403247631935,15.743729823690092,97.09066305818676,25.62701763099081,0.0,4.262704804221049,16.77777777777778,29.86670369341849,25.006942515967783,31.838378228269924,20.591502360455426,6.039988891974453,16.877777777777776,8.26729347701863,-8.610484300759147,"Kane County, UT",Utah
2921,2946,1.513905485712537,1.613807212653214,train,53001,19081,50.825428436664744,49.174571563335256,67.56983386614958,0.20439180336460352,99.8210557709514,68.05845511482255,31.76260065612885,0.17894422904861318,8.767870423931907,88.38112552681595,2.851004049252128,29.11791179117912,54.07290729072908,16.80918091809181,59.348116994838456,27.01204358631237,13.639839418849167,21.376522525397586,38.205980066445186,21.864338751755966,9.767614601018675,5.0,15.099692008429244,81.97173388486728,23.44019303688384,4.94657014822475,21.165115477421576,46564.0,0.4047,17564.0,69.38556701030927,9.390229406870318,53.238592420726995,57.27119595732734,15.583913379737046,93.09376754632228,34.53209590100542,0.617630544637844,61.464283842565905,4.4444444444444455,43.37822965253393,27.93878727530004,26.717677270583305,10.109533043341543,32.225774330485834,4.544444444444445,5.0218942976437155,0.47744985319927036,"Adams County, WA",Washington
2922,1450,2.0918640616783932,2.2982620319745797,train,28111,12187,48.60917370969066,51.39082629030934,77.46779355050464,21.31779765323705,99.62055881338394,57.91652293894446,41.70403587443946,0.3794411866160745,13.28747679877716,85.50060050223824,1.2119226989846053,27.078021417644052,45.5481896991331,27.373788883222844,59.36365835954515,32.32518751512219,8.311154125332688,18.908639933856968,29.010695187165776,21.628767847699628,27.203509062318957,4.0,26.36579572446556,65.4143897996357,38.638433515482696,9.35792349726776,22.19945355191257,34045.0,0.45,17928.0,50.2723311546841,12.00433369447454,50.76816608996539,49.104859335038356,22.103806228373703,100.0,30.35294117647059,0.0,0.30360219906457697,8.0,30.540740132928534,26.07696726019529,33.56035119389513,16.525806186920487,1.214408796258308,8.100000000000001,9.956862699578522,1.856862699578521,"Perry County, MS",Mississippi
2923,2576,1.9120085973796321,2.1264105200683163,train,48121,731851,49.20564431831069,50.79435568168931,77.14247845531399,8.935835299808295,99.57283167905213,76.36751026347244,23.20532141557969,0.4271683209478771,10.802893967488368,82.5825398811623,6.614566151349343,30.46436946109149,51.74938746446242,17.786243074446087,27.404193471629434,31.308267968882298,41.28753855948826,8.791251578309165,11.184229665962631,9.089800986288237,7.895833018288197,2.0,22.77281826241629,89.61228257700905,17.194441745214267,2.5536876882713053,6.398212029929064,75050.0,0.4302,34914.0,75.88381736529745,5.546380876792552,78.44235672273504,62.83385918439657,5.56658785119864,94.3140596264489,18.11150004627955,1.9403060621910275,18.84960189984027,6.666666666666668,33.52745299248071,32.51604493264339,32.782765890871225,8.264387149843342,13.921686244877716,6.7666666666666675,8.384715961201477,1.61804929453481,"Denton County, TX",Texas
2924,7,2.132192107065365,2.3527199801968273,train,1015,116648,48.24257595500994,51.757424044990046,75.1105891228311,20.484706124408483,99.72596395075071,60.23003589486279,39.49592805588792,0.2740360492492956,14.292052513025867,81.22909603877045,4.478851448203682,27.475138237705774,46.30595210562832,26.218909656665893,50.93138500635325,31.510800508259212,17.557814485387553,20.532208939983448,46.20380481636875,20.97477976892889,20.001736186466427,4.0,36.116988866116436,72.09106612924658,39.0818089205829,7.4567037250298975,20.740133764450547,41703.0,0.4464,21374.0,59.85634566683849,11.829567366194286,68.50949115136955,72.93897671256163,20.58720824661629,97.99422063573007,17.89839788806168,0.2436398662813757,3.4934160894314514,8.333333333333334,29.02835882312598,28.439407448048836,33.713394143062885,15.488478156505044,4.404704752760441,8.433333333333334,10.514129089577155,2.0807957562438215,"Calhoun County, AL",Alabama
2925,983,0.6875761355104899,0.8135536261348,train,20203,2204,52.17785843920145,47.82214156079855,94.32849364791288,0.0,100.0,76.66151468315302,23.338485316846985,0.0,13.176777560339206,86.69275929549902,0.1304631441617743,23.290203327171913,57.4245224892175,19.2852741836106,51.753758052970646,32.14030064423765,16.105941302791695,9.944237918215613,8.787346221441123,11.97954711468225,12.155963302752294,6.0,17.533718689788053,87.58002560819462,29.705505761843792,3.201024327784891,11.26760563380282,57171.0,0.3893,23367.0,71.23287671232877,2.2893772893772892,70.54329371816637,84.50704225352112,10.780984719864176,96.61971830985917,24.448217317487263,0.0,29.310344827586203,1.8888888888888888,35.61705989110707,22.822141560798546,30.626134301270422,17.19600725952813,5.671506352087114,1.988888888888889,2.2559104216561936,0.26702153276730467,"Wichita County, KS",Kansas
2926,454,2.4267673628924595,2.5269912445524536,train,13149,11617,49.522251872256184,50.477748127743816,87.07928036498234,9.830420934836877,99.4610132950054,67.87639238232124,31.58462091268415,0.5389867049946101,13.16304222759176,84.25957887469797,2.577378897710275,22.83733333333333,51.15733333333333,26.005333333333336,66.68377823408625,23.203285420944557,10.1129363449692,20.50274941084053,40.906775343861426,21.63750874737579,21.152170123758054,2.0,29.748698211455736,70.2260147601476,37.77675276752768,9.732472324723249,25.115313653136536,41525.0,0.4158,19222.0,59.17615924519618,12.016332879642231,59.88603988603989,50.209455415918605,18.504273504273502,99.46140035906643,24.52991452991453,0.0,2.332788155289661,11.222222222222221,30.92020315055522,25.961952311267968,35.250064560557796,14.831712145992944,3.09029870018077,11.32222222222222,12.515792470743209,1.1935702485209898,"Heard County, GA",Georgia
2927,2567,1.8263398028248343,1.7267044200114772,train,48103,4730,50.06342494714588,49.93657505285414,56.15221987315011,3.488372093023256,100.0,73.05218012866334,26.94781987133667,0.0,11.05962310781588,85.17145505097312,3.7689218412109984,23.85758340342024,49.172974488365575,26.969442108214178,58.157985512245595,29.078992756122798,12.763021731631596,13.114044579095435,19.413287316652287,13.340336134453786,8.671268334771355,6.0,18.48512173128945,82.55512321660181,24.31906614785992,3.5667963683527883,8.300907911802852,58333.0,0.4159,23808.0,63.54649366697559,4.326689353427322,66.70337738619679,43.85964912280701,10.352422907488986,100.0,24.339207048458142,0.0,60.0,6.1111111111111125,38.77378435517971,26.976744186046513,31.564482029598306,11.797040169133195,40.35940803382664,6.211111111111112,5.622095279804941,-0.5890158313061713,"Crane County, TX",Texas
2928,2081,2.334299068483573,2.430161619329377,train,39089,168693,48.94216120408078,51.05783879591922,92.74599420248616,3.3771407230886874,99.26811720048627,70.72716897809313,28.54094822239313,0.7318827995137321,12.709140030624432,84.5410744205809,2.749785548794664,26.23944544817669,52.948637587109616,20.81191696471369,47.34777191633752,29.820887345474468,22.83134073818802,12.70652814126191,25.21460239600038,11.528430304221224,13.709475042720745,2.0,32.716342967635285,78.0927915304375,31.988167522964343,4.924490113654056,14.31418340339405,56549.0,0.4277,27389.0,67.94435784799963,6.86271101996362,74.39234932397044,68.8471827453603,15.735873212934766,97.9100484868751,12.815464297491806,0.15047650894499248,1.6301802682980326,10.222222222222221,30.978167440261306,26.367424848689637,35.10756225806643,14.611750339373893,3.8768650744251394,10.32222222222222,11.36071804326528,1.0384958210430604,"Licking County, OH",Ohio
2929,2274,2.6848194823870495,2.4783868380309455,train,42073,89162,48.27392835512887,51.72607164487113,93.19889639083915,3.7987034835468014,99.33567585373888,60.70605029098496,38.62962556275393,0.6643241462611178,15.662228962218757,81.66639933507341,2.6713717027078263,28.37694222102644,49.23521894127936,22.387838837694225,55.80823988912688,24.524379488471716,19.667380622401414,15.203761755485893,32.131268436578175,14.72107438016529,15.905402798424893,5.0,29.67930275850398,69.4716618635927,40.16193220804172,8.15973651708522,18.93783449979416,44571.0,0.4487,24450.0,59.7330128342705,6.630257736897574,72.28917931528002,68.35427958782536,19.92580317125532,97.90338912383108,11.922338141689579,0.3990708201798797,1.1742670644444941,14.555555555555555,26.740091070186853,24.42183889997981,35.483726251093515,19.633924766155985,3.0024001256140505,14.655555555555555,11.92201675320211,-2.7335388023534453,"Lawrence County, PA",Pennsylvania
2930,2072,2.5640942911418034,2.5776908006135146,train,39071,43170,49.35835070650915,50.64164929349085,96.22886263608987,1.3805883715543201,97.90422000948317,63.00616405879563,34.898055950687535,2.0957799905168324,13.924642378533365,82.76248948172156,3.3128681397450683,23.83298078873403,49.03364144765437,27.13337776361161,58.65098629106698,29.222932549314557,12.126081159618476,20.209517545920047,41.69514695830485,20.836616019508536,18.56200589418534,6.0,30.896551724137932,68.55534259702924,38.50622903689506,8.397220891231433,21.951365596550072,39858.0,0.4282,20240.0,58.402930857834775,11.301897825740257,58.601790150230684,60.71845794392523,27.12432475060132,98.26226635514018,18.709830054019953,0.1314252336448598,0.8153810516562428,12.888888888888893,30.92656937688209,25.4435950891823,33.59277275886032,16.536946953903175,2.3905489923558023,12.98888888888889,13.16669849547002,0.1778096065811301,"Highland County, OH",Ohio
2931,2745,2.2082744135228043,2.209854193319601,train,48459,40096,49.753092577813256,50.246907422186744,84.69173982442139,8.696628092577813,99.2315573770492,76.79303278688525,22.438524590163933,0.7684426229508197,10.702037522695178,84.84970748436555,4.448254992939279,22.27360789950628,53.01856133991626,24.707830760577465,49.8423064079255,35.68698749582576,14.470706096248747,13.492204335150205,23.41926381941772,13.279647496771252,19.001565577496084,4.0,29.959393879370108,74.71106616584801,38.05258595781566,7.938457093325628,14.59115862467495,46673.0,0.4305,22692.0,60.7925970629652,7.803882638429298,63.48894768285397,55.67897371714643,14.649654348382692,96.88673341677095,26.23538448408296,1.6739674593241554,7.506983240223464,9.0,31.4146049481245,24.977553870710288,34.06075418994413,16.56274940143655,6.611632083000798,9.1,9.114387357587058,0.014387357587057892,"Upshur County, TX",Texas
2932,2652,1.5846897427449065,1.7475635581808737,train,48273,32029,51.831153017577826,48.16884698242218,85.75665802866152,4.0525773517749535,100.0,56.3155898343659,43.68441016563408,0.0,12.287487631555276,73.89583520734011,13.816677161104614,41.95875480279149,37.881282835411284,20.159962361797227,47.48691394157708,27.06703438959869,25.446051668824225,26.079877724614573,44.92078285181733,32.21774671247483,15.445443530387092,5.0,23.472222222222214,79.80927929580048,25.738125802310662,5.42820465798643,19.35631762332661,38247.0,0.4712,18722.0,63.69883477741261,10.607075850978287,60.24592246328947,58.964781216648866,12.595904679640265,96.02454642475989,30.37955388445709,2.054429028815368,71.32910799587873,4.777777777777779,34.41880795529052,38.49011833026321,24.515283024758805,12.226419807049863,10.19076461956352,4.877777777777779,5.740598987906555,0.862821210128776,"Kleberg County, TX",Texas
2933,1106,2.6222502112988773,2.074740841897019,train,21239,25317,48.40225935142394,51.59774064857605,89.69862147963819,4.684599281115457,98.83521754025352,71.61699212058925,27.218225419664265,1.1647824597464886,13.026939711323015,83.06497837528008,3.908081913396905,24.1402758888673,53.60889838741014,22.250825723722556,39.78543973380758,27.29619643164477,32.91836383454764,13.060030456039113,27.42363877822045,11.75991150957676,12.917179253144967,3.0,29.40934560222074,79.67761681289532,29.90206080391757,4.193021832279126,11.497653540093856,58750.0,0.4506,30490.0,68.03367594649036,4.266626176738536,77.88863855809463,72.1118661787768,12.153202446089475,97.28175640355462,12.97071129707113,0.0,6.576608602915036,13.666666666666664,30.03515424418375,25.085910652920962,36.74211004463404,15.112375083935694,5.616779239246356,13.766666666666666,7.962482649721348,-5.804184016945317,"Woodford County, KY",Kentucky
2934,2256,2.118929313186954,2.2191005480252377,train,42037,66912,48.094512195121965,51.905487804878035,95.443268770923,1.877092300334768,98.45707175445874,69.5810866860224,28.87598506843633,1.5429282455412692,14.156222905336172,78.05430755891858,7.789469535745251,33.365479029316866,46.55105905456586,20.08346191611727,57.2114066355909,21.707339365688693,21.08125399872041,16.074023216082008,22.082474226804123,18.489571181932714,12.433854434398718,4.0,25.05884284854125,72.63350905340363,35.10581404232562,6.005042402016961,11.387424554969824,45374.0,0.4576,23580.0,58.39237813338266,5.528450133062984,80.73574579128466,71.63318452380952,13.33163984019583,98.17708333333334,9.165646721936124,0.027901785714285712,2.456958393113343,8.222222222222221,26.86812529890005,31.84780009564801,33.27355332376853,16.814622190339552,2.6796389287422286,8.322222222222221,9.199053037265365,0.8768308150431441,"Columbia County, PA",Pennsylvania
2935,2380,1.6072132174119893,1.3808170820144163,train,46051,7227,52.29002352290023,47.70997647709977,97.55085097550852,0.3597620035976201,100.0,85.8974358974359,14.102564102564099,0.0,15.462794918330307,84.1016333938294,0.4355716878402904,22.68611670020121,60.8148893360161,16.498993963782695,52.70485282418457,30.21081941129674,17.084327764518694,8.113759933082394,7.681755829903978,9.156438729787649,12.103064066852367,6.0,28.703047484053855,76.2854471798068,33.219071361794946,4.300405110626363,6.232471174820818,51272.0,0.4163,26741.0,70.19642857142857,4.350038158229458,83.37309160305344,63.92045454545454,6.488549618320612,98.01136363636364,12.714694656488547,0.0,2.7950740279507404,4.888888888888889,28.5042202850422,22.097689220976893,36.46049536460496,19.579355195793553,2.0893870208938705,4.988888888888889,3.97815077535302,-1.010738113535869,"Grant County, SD",South Dakota
2936,1241,2.1054882506179364,2.2302511762384576,train,26033,38586,54.82817602239154,45.17182397760846,71.56481625460012,6.6941377701757085,98.62644415917843,61.88703465982029,36.739409499358146,1.373555840821566,16.222514564931405,78.23717346363465,5.54031197143394,34.94883720930233,42.65736434108527,22.393798449612408,48.77297112201804,32.112011566411745,19.115017311570217,18.90505203626505,40.06262663473936,19.250524811291253,17.958049171872315,5.0,34.68774496995035,69.25055369007644,37.61520325784097,6.365649782096164,17.36800743016361,41993.0,0.4365,20396.0,60.54301313265457,11.345357055812821,67.16058704166863,73.17897583234749,21.11745552357133,98.6648639513267,16.950592232551557,0.16900456312320433,1.6223500751567927,8.11111111111111,26.91131498470948,30.920541128906862,33.084538433628786,15.806250971855075,21.74104597522417,8.211111111111109,9.302202278250116,1.0910911671390071,"Chippewa County, MI",Michigan
2937,1651,0.09531017980432493,0.7084055783254091,train,31007,820,48.65853658536585,51.34146341463415,97.3170731707317,1.2195121951219512,100.0,84.89208633093527,15.107913669064748,0.0,10.13215859030837,86.78414096916298,3.0837004405286343,20.258620689655174,65.37356321839081,14.367816091954026,34.768740031897934,47.84688995215311,17.384370015948967,11.707317073170733,20.869565217391305,11.822660098522167,19.26829268292683,5.0,31.71806167400881,84.07079646017701,37.168141592920364,2.0648967551622417,10.324483775811213,48897.0,0.5159,31735.0,70.04405286343612,5.450733752620544,79.44444444444444,63.829787234042556,9.629629629629632,97.16312056737587,14.814814814814813,0.0,3.7804878048780486,1.0,20.609756097560968,18.780487804878046,47.07317073170732,17.195121951219512,1.4634146341463414,1.1,2.0307508029109513,0.9307508029109512,"Banner County, NE",Nebraska
2938,859,2.0640458562018624,2.201168960770368,train,19153,452369,49.180425714405715,50.81957428559429,85.3840559366358,6.242912312735842,99.50834757460234,68.59646816528637,30.911879409315986,0.49165242539766,15.152270302960314,79.31336289290783,5.534366804131856,30.40592419260939,49.053743541859426,20.540332265531177,33.48545274033688,30.731822235684113,35.782725023979,12.885629691766846,22.009006187704507,12.516129471566167,10.457398020757903,3.0,23.24984438450366,83.59550181023333,23.62340369050376,4.25531914893617,15.116154284971962,60061.0,0.4474,31291.0,74.66654260811103,5.589879849339352,78.39211768402251,70.50832515177623,15.320527982433536,97.53150734336492,9.733219895010713,0.18433549059287904,7.94395725613382,7.777777777777778,31.71127995065975,31.331501495460568,31.91841173908911,11.43093359624554,8.373031750628359,7.877777777777777,9.035569554772248,1.157791776994471,"Polk County, IA",Iowa
2939,2062,1.9443215863701753,1.844342973453055,train,39051,42485,49.35624338001648,50.64375661998353,94.22148993762505,0.5672590325997411,99.4095800399962,75.70707551661745,23.702504523378725,0.5904199600038091,11.888977002379065,87.08326724821569,1.0277557494052338,23.193222931435127,58.47868929611436,18.328087772450512,50.5750350631136,32.2054698457223,17.219495091164095,10.780722203720444,17.265379434216435,10.469263584866077,12.863691423414009,3.0,24.976543441546248,79.02520179924825,29.354858586480994,3.758703555363855,10.370324727339947,55120.0,0.418,26470.0,69.48278045074703,6.2411735228463385,81.44325820482405,71.99301808949541,12.744167655199686,96.8422722945097,8.469750889679716,0.4443033957473818,8.177003648346476,6.8888888888888875,32.14310933270566,25.543132870424856,34.02848064022596,15.687889843474169,5.211251029775215,6.988888888888887,6.3239434264183165,-0.6649454624705706,"Fulton County, OH",Ohio
2940,161,2.1959892467282267,2.306724504579539,train,5105,10300,49.83495145631069,50.165048543689316,93.67961165048544,2.0776699029126213,99.95573262505532,78.6631252766711,21.292607348384237,0.04426737494466578,12.437810945273633,83.72241357315984,3.839775481566527,22.092198581560286,52.83687943262412,25.070921985815602,60.81439129828475,27.666992051317806,11.518616650397432,15.96696490020647,34.48275862068966,15.207574654042244,21.575948123403414,3.0,31.676082862523536,69.92461658435144,38.10761632440863,6.342604626982063,15.362620223550818,42346.0,0.444,22328.0,56.23970606866844,6.713223699031314,68.3047493403694,51.39420448332422,21.190633245382585,99.50792782941498,15.402374670184695,0.0,2.737864077669903,8.888888888888891,29.44660194174757,23.174757281553397,35.98058252427185,18.330097087378643,4.242718446601942,8.988888888888889,10.04147990783156,1.052591018942671,"Perry County, AR",Arkansas
2941,1151,2.5810582263605166,2.2348963716986976,train,22089,52639,48.82121620851461,51.17878379148541,70.57884838237808,26.343585554436828,99.46551852126792,57.95412367307551,41.511394848192396,0.5344814787320912,10.198837088568164,87.42342435884125,2.3777385525905927,32.43178266618584,46.21709340064912,21.351123933165052,49.33538425818435,30.354655212444854,20.30996052937079,11.8492266800208,17.610891523935003,12.0615438310744,12.23716357900002,2.0,24.012905208173297,81.12930424849046,27.063047380732197,4.971984986128488,12.098134145678072,59990.0,0.4192,27247.0,68.76982270056673,7.258155974747665,71.79471494984095,53.29289428076257,11.649743087839491,97.33102253032928,19.479447027159285,0.10398613518197572,5.6441041813104365,13.111111111111107,33.15032580406163,28.495982066528622,34.713805353445174,11.10203461311955,3.077566063185091,13.211111111111109,9.34551334234252,-3.8655977687685894,"St. Charles Parish, LA",Louisiana
2942,2559,2.049841071903545,1.9113159594540472,train,48087,3058,48.7246566383257,51.2753433616743,83.78024852844996,3.4663178548070634,99.63459196102316,70.28014616321559,29.35444579780755,0.3654080389768575,12.367816091954026,83.17241379310343,4.459770114942528,22.01203783319002,55.20206362854686,22.785898538263112,53.94736842105264,30.89668615984405,15.155945419103315,22.60549229738781,66.87242798353911,19.17808219178082,17.25634178905207,6.0,25.21233795261511,79.35076645626691,37.51127141568981,2.9756537421100093,10.820559062218214,39743.0,0.4026,20269.0,63.63218390804598,3.9739884393063587,57.5776397515528,44.955752212389385,10.248447204968944,98.93805309734512,35.52795031055901,1.0619469026548671,31.393067364290385,7.666666666666668,31.131458469587965,26.586003924133426,26.81491170699804,19.751471550032694,12.753433616742965,7.766666666666667,6.7619814394738755,-1.004685227192791,"Collingsworth County, TX",Texas
2943,1140,2.145281299175379,1.9310138548926916,train,22067,27012,47.771360876647435,52.228639123352565,50.40722641788835,47.29009329187028,97.64741366309755,47.80576082038908,49.84165284270849,2.3525863369024282,17.587939698492466,80.76607527433084,1.6459850271767,35.361980382998595,41.2330686595049,23.4049509574965,64.3894060283688,22.877881205673766,12.732712765957446,28.50895699873413,72.28275312250864,31.67944063466452,16.07721948800122,5.0,28.20008844774213,65.63606777065185,33.88532593088925,12.482052263807793,22.05417823298555,28003.0,0.5249,18209.0,54.66067048242028,7.7786088257292425,51.16446421562214,51.37786081270436,23.132277901347642,97.66464269033165,29.23590213267041,0.8407286314806165,1.1920627869095215,8.444444444444445,30.697467792092404,26.23278542869836,32.733599881534126,16.44084110765586,2.3026802902413745,8.544444444444444,6.89649874731471,-1.6479456971297344,"Morehouse Parish, LA",Louisiana
2944,409,2.0208114572284313,2.1208379646320576,train,13059,120905,47.514991108721716,52.485008891278284,64.70700136470782,26.55804143749225,99.42980354575948,56.99568758984188,42.43411595591759,0.5701964542405367,16.708665982783995,58.85553721957094,24.435796797645068,56.55803905923108,27.68690338338182,15.755057557387097,35.53886026349079,24.25719663077351,40.2039431057357,36.62939816487248,64.9085123309467,56.2509765794545,9.77334511916476,4.0,15.108996748163314,77.23037180551712,21.844727373373928,5.411015776363133,15.797121505673955,32162.0,0.5397,19276.0,59.835792070698396,9.103198877942443,72.26537657854092,68.20990500783914,9.839193240665027,96.88278151803007,20.14740619605705,0.7101355713363461,10.562011496629584,7.444444444444445,29.227079111699265,50.804350523138005,22.55241718704768,9.251891981307637,8.734957197799925,7.544444444444446,8.33812161206311,0.7936771676186645,"Clarke County, GA",Georgia
2945,946,1.62924053973028,1.729433820956135,train,20129,3106,53.05859626529298,46.94140373470702,85.83386992916934,0.9336767546683838,100.0,63.53887399463808,36.461126005361926,0.0,13.668430335097005,84.52380952380952,1.8077601410934745,22.738190552441953,51.080864691753405,26.18094475580464,46.88279301745636,39.20199501246883,13.915211970074813,10.783012607830127,14.769230769230768,11.230995586071604,12.441937624419374,6.0,19.067796610169488,77.71236333052984,34.90328006728343,2.9436501261564336,6.223717409587889,46028.0,0.3827,22297.0,63.580246913580254,5.547850208044382,73.17477876106193,64.34782608695652,13.384955752212393,96.95652173913044,16.261061946902654,1.0869565217391304,20.54088860270444,5.0,33.06503541532518,23.599484867997425,35.318737926593684,17.063747585318733,13.232453316162267,5.1,5.637461192301443,0.5374611923014436,"Morton County, KS",Kansas
2946,28,2.3968846612924475,2.5600975897614804,train,1057,16896,50.17163825757576,49.82836174242424,85.546875,12.387547348484848,99.61779961779962,64.20966420966421,35.40813540813541,0.38220038220038216,15.336378416040876,84.09847487806766,0.5651467058914609,21.784531182485967,52.65735272936772,25.558116088146328,61.237373737373744,24.646464646464647,14.116161616161616,18.32413627639156,34.411764705882355,19.445719005230806,25.92769930572181,6.0,27.901701323251416,62.782435697029975,43.299701577376716,8.654256075031974,22.7795935768083,34680.0,0.45899999999999996,19545.0,50.91605979302415,9.093646492020477,67.82188192625428,65.59794806027574,23.55430183356841,98.68547611413916,15.948015313318558,0.0,0.7457386363636364,10.888888888888893,27.870501893939398,24.745501893939398,34.5703125,19.00449810606061,2.0655776515151514,10.988888888888894,12.937079780470278,1.9481908915813833,"Fayette County, AL",Alabama
2947,1666,1.094901709271574,1.3744274930278182,train,31037,10522,51.74871697395932,48.25128302604067,91.21839954381296,2.128872837863524,99.03598971722364,68.95886889460155,30.077120822622103,0.9640102827763496,12.571819425444597,80.46511627906978,6.963064295485637,26.23013350286077,52.16783216783218,21.602034329307056,61.24519600307456,25.380476556494997,13.374327440430438,13.301064859632135,22.557003257328983,12.615384615384615,7.112730061349692,6.0,23.40080971659919,82.80132085855806,26.774903687396804,2.2839845899834894,12.190423775454045,51367.0,0.4181,22857.0,74.672131147541,5.799487742407613,75.80296222333169,63.920671243325714,7.022799134631388,95.4233409610984,19.221168247628555,2.440884820747521,43.071659380345935,2.888888888888889,36.856111005512254,26.90553126781981,30.20338338718875,13.314959133244633,6.652727618323513,2.988888888888889,3.95281306196386,0.9639241730749712,"Colfax County, NE",Nebraska
2948,2503,2.2902875651836396,2.4488845171560634,train,47165,169623,48.8206198451861,51.17938015481391,88.66663129410514,6.919462572882215,99.22712060289408,69.37856644114319,29.84855416175089,0.7728793971059158,10.85630410593518,85.02986923823578,4.1138266558290395,24.046206957599363,53.880086158567174,22.073706883833466,43.55796135038309,31.810534940683212,24.631503708933693,9.325893602308225,14.494941025211025,8.990251534480684,12.600022607340248,2.0,28.41954562523469,81.6323588305967,31.20704845814977,4.281938325991189,13.073287945534645,57382.0,0.4392,28883.0,68.28017323133338,5.7720575469623485,74.87171030294799,56.43311015395113,13.816485104814381,97.57345729028955,14.88354496687264,0.4520448633203975,4.207566190905714,9.777777777777779,31.093660647435783,26.38734133932309,34.936889454849876,14.179680821586693,4.413906133012622,9.877777777777778,11.575427324289842,1.6976495465120642,"Sumner County, TN",Tennessee
2949,1362,1.67189092708065,1.7225232860245392,train,27109,148736,48.92763016351119,51.07236983648882,85.58855959552496,5.106362951807228,99.56908233508592,73.54599165266409,26.02309068242181,0.4309176649140875,14.594981683972788,80.21042774120694,5.194590574820283,29.23125350938388,53.41580030967654,17.35294618093958,26.80182200560157,31.898055397741427,41.300122596657,9.045930117336725,12.155018747310836,9.230677433469909,8.93757666621235,4.0,24.51800492059941,82.76136029983245,25.02288467849186,3.3644795246895454,8.248847130347674,68023.0,0.4442,35267.0,74.55197785386464,3.9562721387565656,81.42529293642563,78.81347096236054,13.031533420129314,97.12230215827336,7.94845201579981,0.3336461265769993,4.585305507745266,5.222222222222221,30.918540232357998,29.269309380378658,32.340522805507746,13.554889199655767,9.305077452667811,5.322222222222221,5.598637620135452,0.27641539791323133,"Olmsted County, MN",Minnesota
2950,2015,1.296248080435107,1.0834605282259588,train,38063,3048,51.574803149606296,48.425196850393704,96.2926509186352,1.3779527559055118,99.42857142857143,70.0952380952381,29.33333333333333,0.5714285714285714,23.97708674304419,75.6546644844517,0.3682487725040917,19.694656488549626,56.450381679389324,23.854961832061072,39.99148211243612,40.84327086882453,19.165247018739354,8.400809716599191,7.216494845360824,9.596412556053812,12.4409979770735,6.0,35.23809523809524,72.60183968462549,42.50985545335085,2.2339027595269383,4.204993429697766,51085.0,0.4370000000000001,32259.0,62.843097091356,0.7170795306388527,76.9700671960904,69.77611940298507,9.224190592547345,98.6318407960199,16.249236408063528,0.0,1.9356955380577436,3.5555555555555562,21.030183727034125,19.586614173228348,34.744094488188985,28.444881889763785,2.3293963254593173,3.6555555555555563,2.954887349769412,-0.7006682057861444,"Nelson County, ND",North Dakota
2951,621,1.3835127181580138,1.6398982163546443,train,17065,8322,49.110790675318434,50.889209324681566,99.31506849315069,0.5046863734679163,98.07897545357523,83.56456776947704,14.514407684098186,1.92102454642476,15.27514231499051,83.04870335230865,1.6761543327008224,20.493498817966906,60.03250591016549,19.473995271867608,47.51797329681616,38.44573776104074,14.036288942143102,14.768292682926829,19.025974025974023,16.8471279133786,15.956801359058367,6.0,27.374301675977648,68.61503023322776,40.85804779729341,5.5859487474805665,13.101065361359055,44159.0,0.4367,24110.0,58.67755614889273,4.122055674518202,71.03882476390345,67.22846441947566,18.25813221406086,97.19101123595509,14.417628541448055,1.5605493133583022,0.19226147560682527,3.888888888888889,28.178322518625325,23.708243210766643,33.64575823119442,20.07930785868781,0.1802451333813987,3.988888888888889,5.15464482699194,1.1657559381030511,"Hamilton County, IL",Illinois
2952,707,2.158201375540483,2.3248193323706348,train,18033,42449,49.78209145091757,50.21790854908242,96.90452071898042,0.2591344908007256,99.16900093370684,70.46685340802988,28.702147525676928,0.830999066293184,14.055144586415606,83.37976750888654,2.5650879046978576,25.64643016179308,50.96333679679383,23.390233041413087,52.4728888888889,30.481777777777786,17.045333333333335,14.565098142097357,27.27163316885305,13.960673136335547,16.938397186044302,5.0,26.96321049147253,76.79571613220901,34.197082538314774,4.936295931556597,11.534437126854188,48341.0,0.4219,24016.0,65.91184537858007,7.321203909803541,71.83991236649581,61.056447436561356,13.657525135949298,98.68807181080616,18.26610852470561,0.1208354911099603,2.6078352846945747,8.555555555555555,32.47661900162548,26.5966218285472,33.84532026667295,14.28537774741454,2.8363447902188508,8.655555555555555,10.224832622637042,1.5692770670814866,"De Kalb County, IN",Indiana
2953,2937,2.7718940365571028,2.871732852261725,train,51760,213735,47.5832222144244,52.4167777855756,44.02741712868739,48.620020118370896,98.62185562784978,37.04595522311593,61.57590040473385,1.378144372150213,22.208321636499008,63.09516544409321,14.696512919407795,52.019261244529936,23.55332150820437,24.427417247265677,39.84501535883832,24.10499860374197,36.04998603741972,25.51218311592419,66.57820317598434,28.46022581173005,15.438787591759413,1.0,21.092310077341335,76.48697606163441,24.67669448775566,6.9854627166834815,17.905622305787393,40758.0,0.5401,28023.0,67.24608182373296,9.850129288351944,64.1401655742895,61.18628201855161,16.445609047981517,96.19606841970895,22.459633688776922,0.4212407454684708,6.353662245303763,15.888888888888893,24.942569069174446,40.50389501017615,29.75366692399467,11.372026107095234,7.352562752941727,15.988888888888889,17.667607042032895,1.6787181531440059,"Richmond city, VA",Virginia
2954,2379,0.5690945318899665,0.6727759944724145,train,46049,2359,52.47986434930056,47.52013565069944,97.15981348028826,0.0,94.8875255623722,77.30061349693251,17.586912065439673,5.112474437627811,21.58872517616912,76.80973734785394,1.6015374759769383,28.288100208768267,50.73068893528184,20.98121085594989,43.51909830933,33.249843456480896,23.231058234189106,16.36682755594559,3.260869565217391,24.75795297372061,16.015625,6.0,28.079612694997312,74.97371188222924,38.90641430073607,3.995793901156677,4.837013669821242,43679.0,0.4755,26958.0,62.97117516629712,0.7042253521126761,83.56374807987713,64.5418326693227,10.906298003072195,100.0,10.599078341013826,0.0,4.027130139889784,1.6666666666666667,25.13777024162781,24.586689275116576,30.860534124629076,23.35735481136075,2.8401865197117417,1.7666666666666668,1.9596698094266096,0.1930031427599428,"Faulk County, SD",South Dakota
2955,1919,2.9669898046883367,2.700478363258852,train,37071,209807,48.43832665259025,51.56167334740977,76.632810154094,15.219701916523281,99.28417598195057,61.390626602399756,37.89354937955082,0.7158240180494309,13.890769221036384,82.7303266295099,3.3789041494537195,28.41893336009872,45.641276944967615,25.939789694933676,47.223312677004174,33.74996494966772,19.026722373328106,17.43315042243707,34.52796958430012,17.555983983390185,16.113344728796015,2.0,27.135847155624386,74.28694136371675,33.52449283783442,6.0518404365510445,18.44731324053255,42429.0,0.4606,22828.0,64.11754337370634,11.091583866787104,64.61992825333994,58.939948488545475,16.966384215734784,97.85820794360849,22.151781296387924,0.3626135285346347,6.269094930102428,19.33333333333333,29.71349859632901,27.006248599903717,35.082242251211824,14.607710896204605,8.147487929382718,19.433333333333326,14.88685134457806,-4.546481988755266,"Gaston County, NC",North Carolina
2956,1654,2.1054882506179364,1.666451331329306,train,31013,11310,50.716180371352785,49.28381962864722,92.72325375773652,0.11494252873563215,99.93021632937892,74.91277041172366,25.01744591765527,0.06978367062107467,17.20456199951468,81.61853918951711,1.1768988109682117,22.06609712230216,59.77967625899282,18.154226618705035,43.19329965434725,40.94655676681735,15.860143578835418,16.9864000720526,40.37792143212332,14.904246461282264,10.335546384353131,6.0,27.392231170061574,82.41415192507804,30.946930280957336,2.5390218522372527,9.073881373569199,51691.0,0.4078,25897.0,69.15458937198068,3.981837233670975,80.44068819800785,63.48246674727932,9.658919408391187,98.00483675937124,12.843344400845153,0.5441354292623942,11.618037135278517,8.11111111111111,32.38726790450929,23.77541998231654,35.09283819628647,15.79133510167993,7.161803713527851,8.211111111111109,5.293350082410966,-2.9177610287001423,"Box Butte County, NE",Nebraska
2957,534,2.538096293116917,2.5826505770314814,train,13311,27791,48.674031161167285,51.32596883883272,94.2859199021266,2.727501709186427,99.76549413735344,67.10217755443885,32.663316582914575,0.2345058626465661,13.40037418147802,83.98035547240411,2.6192703461178675,18.730670383760945,60.360674304133816,20.90865531210524,45.91789310611929,33.379808933643176,20.702297960237534,18.995210062525143,52.48717948717949,17.245535225156132,15.515366772977671,6.0,26.734449760765553,67.08200777659951,39.55461293743372,6.1859314245316375,15.69459172852598,40888.0,0.4424,21718.0,53.97648365892047,6.329331046312177,66.87654320987653,70.04813032210292,12.382716049382715,99.46316179192893,24.60493827160493,0.09255831173639394,2.8570400489367063,12.555555555555555,28.04145226872009,23.845849375697174,34.83142024396388,19.67183620596596,2.986578388686985,12.655555555555553,13.232164590565578,0.5766090350100246,"White County, GA",Georgia
2958,91,2.714694743820879,2.4382960586488585,train,2280,5608,52.33594864479315,47.66405135520685,71.14835948644793,1.818830242510699,98.71904355251921,62.08368915456874,36.635354397950465,1.2809564474807855,17.49587361471351,79.20301815609527,3.3011082291912284,27.56919116069513,47.693627976829006,24.737180862475864,40.97744360902256,36.19047619047619,22.832080200501252,10.8855757140291,15.4,11.41125978288311,17.28284278535535,6.0,36.34510869565217,76.89755288262133,31.024471173786807,4.8942347573620895,14.102032351721276,58269.0,0.42265,32486.5,66.65908574027746,7.915387239849879,60.3201829616924,64.40489432703004,14.150943396226413,98.44271412680756,29.473985134362486,0.11123470522803114,6.0271041369472185,15.0,27.799572039942948,23.34165477888731,39.461483594864475,16.244650499286735,27.03281027104137,15.100000000000003,11.453508000299646,-3.6464919997003573,"Wrangell-Petersburg Census Area, AK",Alaska
2959,620,2.4462043207689623,2.1284645086831286,train,17063,50277,49.889611552001895,50.110388447998105,94.30355828708952,1.4539451439027786,99.91605616605615,75.50366300366302,24.41239316239316,0.08394383394383395,11.631751537982053,85.39255806390415,2.9756903981137697,28.35434688855628,53.85727694766484,17.788376163778892,45.13255567338282,34.04938645659749,20.81805787001969,9.072524127988467,11.771792444712155,9.360757620597813,10.896449763250954,2.0,27.282266526757606,79.488427428077,27.628163530175208,5.234696084793424,10.842526497945055,65887.0,0.4053,29622.0,68.82645880697196,7.388910735351946,78.60427461139895,76.13711272247858,13.996113989637307,97.54449571522741,10.61204663212435,0.0,8.960359607772938,11.444444444444445,32.94548202955626,27.5334646060823,34.03146568013207,12.369473118921178,4.242496569007698,11.544444444444444,8.401955771450165,-3.142488672994279,"Grundy County, IL",Illinois
2960,362,2.312535423847214,2.2384252512844593,train,12097,300870,49.200651444145315,50.799348555854685,75.69548309901286,11.320836241566123,99.51822096198278,62.77699012812434,36.74123083385844,0.4817790380172233,8.218592320191567,85.43032943686507,6.351078242943371,33.03988027115063,42.70832023275021,24.25179949609917,49.069793663321676,32.951854775059196,17.97835156161912,19.506778358902448,41.06786147671054,19.395825508397273,13.88391587330801,2.0,21.582156968430805,80.42842600012996,30.39268773419394,6.535770755268687,22.208624834845885,44254.0,0.4299,19165.0,65.03148495818473,9.696111609917812,57.32766933081918,43.78092855157074,16.721485354303713,93.6252432582708,29.43549251108873,2.9469001946066165,48.98527603283811,10.0,32.7686376175757,30.275866653371892,32.119852427958925,12.238175956393125,12.983680659421012,10.1,9.37855079190085,-0.7214492080991501,"Osceola County, FL",Florida
2961,2464,3.12040510024419,3.1120336649939615,train,47087,11496,50.59151009046625,49.40848990953375,96.72929714683369,0.7132915796798887,100.0,62.061403508771924,37.93859649122807,0.0,14.124168514412416,84.1019955654102,1.7738359201773837,22.751213466900754,49.29257461530518,27.95621191779407,73.20402298850574,18.65421455938697,8.141762452107281,26.844806228986016,79.82525814138205,28.948494792409765,22.371443717971374,5.0,23.177083333333336,56.83072169499008,48.09092915471199,8.320459059810197,20.988744206576914,31534.0,0.4779,17788.0,49.26974994467802,14.462160341342914,51.510263929618766,50.090171325518476,32.90322580645161,99.27862939585212,21.862170087976537,0.40577096483318303,1.7745302713987474,22.555555555555557,25.6089074460682,22.120737647877522,38.16109951287404,19.88517745302714,2.55741127348643,22.655555555555555,22.466687689720764,-0.18886786583479065,"Jackson County, TN",Tennessee
2962,1847,1.67189092708065,1.9584677228008023,train,36051,64801,50.10570824524313,49.89429175475687,93.28714063054585,2.449036280304316,99.26100373558552,65.06415462075687,34.196849114828645,0.7389962644144875,14.335709656513286,78.6454957874271,7.018794556059624,34.81862637763667,44.70841544412816,20.472958178235164,45.12527617167302,31.269684576693464,23.605039251633524,14.75507359689975,23.09478146764913,15.884808428166776,12.724385196592712,2.0,27.08651205370766,73.84628085527946,33.819037397837036,5.440435895319079,13.671262280194831,51734.0,0.4059,24142.0,62.892125480153645,5.229672986385036,79.2770071458596,75.42186353631696,17.24649506713152,97.52646473116026,7.778849244615879,1.0795514097054817,3.3286523356121047,5.222222222222221,27.976420116973504,30.74026635391429,34.900695976913944,15.283714757488312,4.2638230891498585,5.322222222222221,7.0884572580705685,1.7662350358483474,"Livingston County, NY",New York
2963,3132,2.4932054526026954,2.392852010370965,train,56041,20930,50.81700907787864,49.18299092212136,94.23315814620165,0.1958910654562828,99.54641179329336,77.8227766078082,21.72363518548517,0.4535882067066256,12.593971998068831,83.68163321608388,3.7243947858473,21.16388641283585,55.87036801222462,22.96574557493952,46.48806325324325,34.20588009518692,19.30605665156982,13.743961352657006,22.448165869218503,13.388893215982552,13.594103762223616,5.0,25.955857385398986,83.73766995467875,22.84724073580379,4.558784324180219,7.371367635297254,56569.0,0.4289,25772.0,70.91633466135458,4.397520340953119,74.08238499759577,59.615384615384606,10.001602820964898,91.58653846153842,18.993428434043924,0.0,8.877209746774962,12.0,36.39273769708552,27.95031055900621,32.164357381748694,10.238891543239367,5.570950788342093,12.1,10.944663768155387,-1.155336231844613,"Uinta County, WY",Wyoming
2964,2664,1.437726534752161,1.9576147272226254,train,48297,11873,54.0806872736461,45.9193127263539,88.44436957803421,3.3352985766023755,100.0,75.12295081967213,24.877049180327862,0.0,12.855866207072639,84.55253415038938,2.5915996425379806,26.180863948324586,43.469923294307634,30.349212757367788,55.458464406384714,31.7954095304672,12.746126063148086,15.280351048269136,31.032608695652176,14.544392523364484,16.23881758070789,6.0,42.49761070404588,69.55934036226007,41.03811841038119,3.2711543660448767,4.622871046228711,50400.0,0.4222,21231.0,54.41101478837328,4.264292408622305,64.29330499468651,54.8680618744313,11.052072263549416,94.22202001819835,27.594757350336533,2.6387625113739763,36.940958477217215,4.111111111111111,27.364608776214943,27.356186305061907,32.00539038153794,19.952834161542995,8.220331845363429,4.21111111111111,7.082413413426177,2.8713023023150663,"Live Oak County, TX",Texas
2965,2021,0.9339123332239747,0.69659117461634,train,38075,2562,50.507416081186584,49.492583918813416,98.3216237314598,0.156128024980484,99.37304075235107,84.1692789968652,15.203761755485893,0.6269592476489028,16.684491978609625,80.10695187165776,3.2085561497326207,25.356967011324468,59.03495814869522,15.608074839980304,37.03488372093023,47.034883720930225,15.930232558139535,7.42218675179569,9.844559585492227,7.409534750143595,9.351068117694476,5.0,33.05218766473379,83.13725490196079,27.25490196078432,2.156862745098039,4.901960784313727,65125.0,0.3924,31281.0,70.97124253933805,1.6055045871559634,89.25900747790621,85.21505376344086,6.322229775662817,100.0,7.613868116927263,0.0,2.459016393442623,2.4444444444444446,31.06947697111632,25.214676034348173,33.372365339578465,16.510538641686182,1.5222482435597189,2.5444444444444447,2.0068998628360952,-0.5375445816083495,"Renville County, ND",North Dakota
2966,1272,2.3234764520254214,2.3718441175336675,train,26095,6477,58.48386598733983,41.51613401266018,80.4384746024394,8.537903350316505,98.62132352941177,64.61397058823529,34.007352941176464,1.3786764705882353,17.306350314026517,80.41404977901837,2.279599906955106,31.92513368983957,41.58645276292335,26.488413547237077,56.63789560213728,31.0110974106042,12.351006987258527,19.542350987267024,56.41399416909621,18.29069134458356,25.266838424733162,6.0,33.26523031203566,62.05300799326882,47.11821623895667,6.983592763988223,20.908708456037022,37088.0,0.4115,18427.0,53.91164289001381,11.224925309432347,60.06977481763401,69.74015088013411,31.24008880431336,99.83235540653814,16.016492229622582,0.0,2.593793422880964,10.111111111111107,22.41778601204261,26.972363748649073,36.37486490659256,19.777674849467346,11.023622047244096,10.211111111111105,10.717137733655749,0.5060266225446437,"Luce County, MI",Michigan
2967,1248,2.0640458562018624,2.1128273486656637,train,26047,33018,49.37609788600157,50.623902113998426,92.47380216851414,0.7480768065903446,96.82471264367815,72.2557471264368,24.568965517241374,3.175287356321839,14.838178826110804,82.30938014262205,2.8524410312671424,24.32530999270605,56.035740335521524,19.63894967177243,32.510112837981694,34.24739195230998,33.242495209708316,10.833359082903316,16.272240456037313,11.114964452921797,13.476956974111026,6.0,32.420599869426624,75.17206767995411,36.64324634356181,4.760539145397192,12.41755090335532,51018.0,0.4824,31109.0,65.93286919995333,8.288107597923549,72.61802139850921,79.29883138564274,15.744637695857207,98.56427378964943,15.572232645403378,0.0333889816360601,1.5324974256466168,7.777777777777778,27.5728390574838,23.472045550911627,36.62547701253862,18.80186564903992,6.778121024895512,7.877777777777777,8.271594937519264,0.393817159741487,"Emmet County, MI",Michigan
2968,2249,2.1835512754360096,2.121516400454504,train,42023,4869,49.825426165537074,50.174573834462926,97.9872663791333,0.6161429451632778,96.88221709006928,52.65588914549654,44.226327944572745,3.117782909930716,18.644501278772374,78.41432225063939,2.9411764705882346,24.64805535671677,47.8167501789549,27.535194464328324,59.18977705274607,25.09516041326808,15.715062533985865,13.036234902124116,29.64669738863287,12.28368794326241,19.817578772802655,6.0,41.668748438670995,65.89861751152074,45.806451612903224,5.207373271889401,17.004608294930875,39897.0,0.4406,25240.0,58.76705406771097,4.3852106620808255,72.89491997216423,72.60147601476017,22.929714683368125,98.61623616236164,9.464161447459986,0.0,0.6982953378517149,8.777777777777779,23.41343191620456,19.593345656192238,39.55637707948244,23.0642842472787,1.39659067570343,8.877777777777778,8.343780411805827,-0.5339973659719508,"Cameron County, PA",Pennsylvania
2969,2719,2.4169053500233435,2.311765823500288,train,48407,27023,49.6391962402398,50.36080375976021,85.72697331902454,11.360692743218742,97.55784061696659,57.61568123393315,39.94215938303342,2.442159383033419,10.282228784431425,84.44595052524569,5.271820690322893,23.051561498305702,51.84540708856122,25.103031413133067,63.5164835164835,25.12999195926025,11.353524524256231,20.23827308037048,30.136112292641428,24.02882017412189,19.474624200029766,6.0,29.84995671828412,72.48839172646686,41.51540734487125,7.883073026593499,20.325031658927816,43029.0,0.4627,22363.0,54.52740654658145,12.032679158156474,53.212605529419356,61.032132424537494,18.27028420442096,95.77409931840313,32.70606431655603,0.2336903602726388,12.004588683713873,11.111111111111107,30.007771157902532,22.869407541723717,34.82958960885172,19.268771046885984,2.9123339377567263,11.211111111111107,10.092230026766599,-1.1188810843445083,"San Jacinto County, TX",Texas
2970,1653,0.6875761355104899,0.7877935507756002,train,31011,5373,49.692908989391405,50.307091010608595,99.2741485203797,0.13028103480364786,100.0,83.72093023255816,16.27906976744186,0.0,15.734526472781509,82.69947800149144,1.5659955257270697,22.168729940394314,58.94085281980743,18.890417239798253,48.92646269457864,34.4873859366613,16.586151368760063,10.11001517450683,13.296903460837884,10.628948091183739,12.720379146919427,6.0,31.047018904508,78.71576111360574,34.75527615626403,4.086214638527166,5.8374494836102375,50306.0,0.4529,27799.0,67.6266137040715,0.7709251101321586,82.20053835800806,74.52651515151516,9.623149394347239,98.39015151515152,11.742934051144008,0.3787878787878788,1.6936534524474225,1.8888888888888888,30.113530616043178,20.73329611018053,34.69197841057137,21.366089707798256,0.595570444816676,1.988888888888889,2.19854010350518,0.209651214616291,"Boone County, NE",Nebraska
2971,278,2.47466924069478,2.4483267886650895,train,8077,147834,49.60969736325879,50.39030263674121,92.79800316571293,0.7467835545273753,99.408195594345,64.79660459694533,34.61159099739965,0.5918044056550198,14.596567958576946,77.30948916982189,8.093942871601168,27.15830793001211,49.79830458930139,23.043387480686523,39.21303808823085,34.51727022586855,26.269691685900607,15.624675135663345,26.47216479056589,16.345630986740282,13.774751293003455,4.0,34.822367038049194,76.39787216077008,32.387064088491094,4.252300937262518,12.066199442708776,49322.0,0.4526,26569.0,64.9491651402936,8.333673928148118,65.91648499077645,67.06975560081466,19.020627201073285,97.33112695179905,19.169321929677448,0.3649015614392397,13.881109893529224,11.777777777777779,29.56153523546681,29.046768672971037,31.916203309116984,16.291245586265678,6.4552132797597315,11.877777777777776,11.56897317867364,-0.30880459910413727,"Mesa County, CO",Colorado
2972,1518,2.0354316006833932,2.3560854838789105,train,29083,22034,49.00608151039303,50.99391848960697,96.14232549695923,1.7200689842969956,94.5528455284553,65.28455284552845,29.268292682926827,5.447154471544716,16.80975783054059,80.15868316655812,3.0315590029012967,20.568599087570934,53.905641482140865,25.5257594302882,53.5490070467649,31.024983984625244,15.426008968609867,19.33898225738496,44.20266320233842,19.574588368313197,20.716711021382032,6.0,40.54815423440343,67.57722210548435,40.93296911115781,8.646774532464804,17.293549064929607,42181.0,0.4508,23961.0,59.18572952471257,7.1893461499949955,64.7913029677829,64.09176029962546,21.12363116965561,98.45505617977527,19.51277574988097,0.0,2.0105291821730047,7.555555555555554,28.274484886992827,22.737587364981394,34.83253154216212,19.973677044567488,2.13760551874376,7.655555555555553,10.549574041343929,2.8940184857883757,"Henry County, MO",Missouri
2973,263,2.158201375540483,2.214226466437699,train,8045,57076,51.13532833415096,48.86467166584904,88.093068890602,0.8725208493937908,99.45978391356545,80.4655195411498,18.994264372415635,0.5402160864345739,11.121670687428416,82.46704193776348,6.411287374808098,25.90708562168002,55.597821193841725,18.495093184478254,40.207176420333184,30.120674925245623,29.672148654421196,12.11439588688946,17.304189435336973,12.570007922847855,9.986689147218033,5.0,21.416333523700747,88.21161865968384,20.67694694985937,2.172437202987101,8.156337891572107,56590.0,0.4185,27574.0,74.21929803342928,6.189094938565329,60.08324719948599,59.32539682539682,10.210352822862252,94.8953823953824,31.30150571276923,1.1544011544011543,28.109888569626463,8.555555555555555,32.833415095661934,29.76907982339337,33.861868386011636,10.081295115284883,11.034410260004208,8.655555555555555,9.154325194360103,0.49876963880454817,"Garfield County, CO",Colorado
2974,2992,2.661812332608922,2.7621775410098115,train,54015,9141,50.08204791598293,49.91795208401707,98.04178973854064,0.0,94.92017416545721,70.44025157232706,24.47992259313014,5.079825834542817,10.732196589769305,84.79724888952572,4.470554520704972,23.784582326081114,54.391619661563254,21.823798012355628,75.42003733665214,14.732420659614188,9.847542003733663,28.22085889570552,42.83636363636364,38.359683794466406,23.18872495045144,4.0,27.91784702549575,59.04624277456647,45.17341040462428,13.179190751445086,25.05780346820809,31325.0,0.4438,16827.0,46.807598914440796,12.29783338419286,50.6008504344611,50.0,34.553521907931234,99.62311557788944,19.800332778702163,0.0,0.14221638770375233,14.222222222222221,29.438792254676727,22.218575648178536,37.02001969149984,17.995842905590195,1.9582102614593588,14.322222222222218,15.834285240371047,1.5120630181488295,"Clay County, WV",West Virginia
2975,2428,2.743703304335216,2.699346651055416,train,47015,13787,49.198520345252774,50.80147965474722,95.24914774787844,1.610212519039675,99.42392409352762,65.40155879362928,34.02236529989834,0.5760759064723823,13.477240732050678,82.74049741905209,3.7822618488972317,20.509430636347613,49.46236559139785,30.028203772254553,61.21634073922392,24.84898126343811,13.934677997337975,18.372896303373267,36.10208816705337,19.235924932975873,20.97804537778104,2.0,31.191135734072024,74.4060876020787,39.662212323682255,7.423904974016333,24.4988864142539,41533.0,0.4598,21897.0,60.66741657292838,12.45364647713226,64.84863046612206,60.324232081911276,20.48294089380105,98.93344709897612,18.464680442095148,0.5972696245733788,1.820555595851164,15.444444444444445,27.12700369913687,25.357220570102267,35.59875244795822,17.63980561398419,3.1406397330818887,15.544444444444444,14.870013242980347,-0.6744312014640972,"Cannon County, TN",Tennessee
2976,1716,1.3261904370501851,1.2259577600769191,train,31137,9216,49.90234375,50.09765625,97.08116319444444,0.15190972222222224,98.44582593250445,79.70692717584369,18.738898756660745,1.5541740674955595,16.68404588112617,81.58796365261432,1.7279904662594965,19.99455930359085,58.555495103373225,21.449945593035906,40.359734932155256,36.967497633322814,22.672767434521926,7.931693068194585,10.229007633587788,8.105939004815406,12.23149693934335,6.0,28.569376615914965,77.95064377682405,33.74463519313305,3.7285407725321886,8.503218884120171,50404.0,0.4267,26697.0,68.89945046784493,1.724509592584609,82.71193092621664,65.7299938912645,9.674254317111462,98.4728161270617,10.989010989010987,0.0,5.0672743055555545,3.6666666666666665,30.620659722222218,22.78645833333333,33.203125,19.574652777777782,2.766927083333333,3.7666666666666666,3.4074280189869004,-0.3592386476797662,"Phelps County, NE",Nebraska
2977,500,0.5690945318899665,1.5479807181473715,train,13243,7315,51.018455228981544,48.981544771018456,34.76418318523581,61.88653451811346,100.0,46.16279069767442,53.83720930232558,0.0,14.142538975501115,84.33556050482555,1.5219005196733482,37.22222222222222,39.045138888888886,23.73263888888889,62.411203572153426,22.93484879236858,14.653947635477975,30.17726505346089,109.24574209245743,30.11349915479353,19.119077393358342,6.0,19.678284182305628,59.09090909090909,43.414459556191844,14.996420901932714,25.411596277738013,28377.0,0.6237,26031.0,50.75771407704948,10.071942446043163,47.2808251289264,50.78447563996696,21.51898734177216,100.0,34.060009376465075,0.0,1.2303485987696514,1.6666666666666667,29.30963773069036,27.73752563226248,31.40123034859877,17.347915242652086,3.3492822966507183,1.7666666666666668,4.701965995397639,2.9352993287309728,"Randolph County, GA",Georgia
2978,2495,2.2442495159810822,2.3156312666329537,train,47149,282558,49.35482272666143,50.64517727333857,79.74433567621514,13.484665095307864,99.49237868829536,72.28079988812753,27.211578800167807,0.5076213117046567,11.012649008230353,81.1697297822234,7.817621209546237,31.669397741812396,48.94161485106287,19.388987407124734,39.31732928923892,30.57427289595073,30.108397814810342,12.449398926047502,17.402485358286462,13.166605369621186,9.58099860808737,2.0,26.60462024264584,84.99220154776923,22.671143739879398,3.1352758267849516,11.901332194196362,56219.0,0.4088,25663.0,71.9487415415876,6.501525304061705,76.10251988955703,61.446115090923406,11.057393240278943,97.07549397780052,16.21885606399581,0.6966858222467134,7.109690753756751,9.333333333333334,32.707974999823044,34.71676611527544,30.700599522929807,9.248366707012368,6.7709992284769855,9.433333333333334,10.131316462546254,0.6979831292129202,"Rutherford County, TN",Tennessee
2979,120,2.2204104848050292,2.4853879724074304,train,5023,25711,49.94749329080938,50.05250670919062,97.20353156236631,0.5172883201742444,100.0,72.89334119033589,27.10665880966411,0.0,14.106490170897956,82.78672330336856,3.106786525733478,18.31510356062369,55.00581801256691,26.679078426809397,54.22434367541765,28.98435428268364,16.7913020418987,14.534240075913331,28.382165605095548,14.481939969476006,18.456865606879415,6.0,42.33735991849804,63.84759279314758,49.19759771586098,4.883331692428867,10.08171704243379,42905.0,0.4717,24912.0,52.377425566582716,9.945324283559577,60.65223583024779,63.021420518602035,19.552833950441467,98.0834272829763,24.473084591284533,0.6603317764535351,2.3841935358406907,9.111111111111107,24.98152541713664,22.63622573995566,32.383026720080906,25.152658395239392,2.279180117459453,9.211111111111105,12.005777261684988,2.7946661505738835,"Cleburne County, AR",Arkansas
2980,265,2.1054882506179364,2.0051619980703954,train,8049,14411,53.35507598362362,46.64492401637638,91.7216015543682,1.4086461730622442,100.0,74.86950037285607,25.130499627143926,0.0,12.434371718585927,75.35001750087504,12.215610780539027,28.58323007021892,50.351094589012796,21.065675340768284,31.036130758937112,32.536799847065566,36.42706939399732,10.764615599274457,16.710182767624026,11.045458877346805,5.811846689895472,6.0,33.501237940749604,83.58095238095238,24.095238095238088,0.5142857142857142,4.3047619047619055,63628.0,0.401,31432.0,74.87984895296945,5.673352435530084,65.44132705304115,53.65853658536586,9.154208478394427,92.73594909862145,26.827769813639158,0.0,6.1688987578932775,8.11111111111111,23.780445493026168,28.40191520366387,39.77517174380681,13.101103323849838,6.869752272569566,8.211111111111109,7.4272970070878195,-0.7838141040232891,"Grand County, CO",Colorado
2981,1064,2.345005808877998,2.263707491993702,train,21155,19717,50.687224222751944,49.312775777248056,88.51752294973879,8.779226048587512,99.30628547403826,64.7046457851587,34.60163968887955,0.6937145259617407,15.797856935997686,82.16768027801912,2.034462785983203,29.034307496823374,47.78907242693774,23.176620076238883,63.19558406683575,23.355214083246302,13.449201849917946,20.33315421816228,36.901983663944,22.10036848569925,16.124022705365743,6.0,24.72593582887701,70.31778228532792,37.07910750507099,7.410412440838404,21.730899256254226,38826.0,0.4489,19347.0,60.83207587842208,8.669974013701866,68.35306781485468,65.69158540989528,21.15177610333692,96.89418562658001,15.150699677072122,0.0,2.5409545062636303,10.333333333333334,30.024851650859667,27.37739006948319,33.66637926662271,14.829842268093527,2.7032510016736824,10.433333333333334,9.618684336756202,-0.814648996577132,"Marion County, KY",Kentucky
2982,2136,2.7718940365571028,2.7369341900828914,train,40023,15120,48.43915343915343,51.56084656084657,63.04894179894181,11.435185185185185,99.64635473340587,52.013057671381944,47.633297062023935,0.35364526659412404,17.706112295664532,78.37597725657427,3.9179104477611935,27.07274393800517,43.18806766102824,29.73918840096659,59.935521688159426,26.856193825713174,13.208284486127395,28.806060199772073,66.3023679417122,33.725071225071225,21.57676348547718,6.0,28.078301144804684,60.29709655638082,42.72451046590143,10.432140445644837,26.991897366644157,30617.0,0.48,18269.0,51.12294718153573,8.907796492446606,45.87015435371745,47.04823614110871,23.223753976670203,99.0280777537797,33.922469659479205,0.10799136069114472,3.564814814814815,15.888888888888893,29.755291005291003,23.551587301587304,32.989417989417994,19.140211640211643,25.515873015873012,15.988888888888889,15.439577652084461,-0.549311236804428,"Choctaw County, OK",Oklahoma
2983,1963,2.819392788437584,2.5738998947955496,train,37159,138361,49.40626332564813,50.59373667435187,78.11738857047868,16.141109127572072,98.84977344022309,59.570962324534996,39.27881111568808,1.1502265597769257,13.484056047773313,82.25186370555404,4.264080246672651,27.753115473070544,46.39692642313384,25.84995810379562,50.3121842259214,32.102324097218535,17.585491676860077,18.062098261278546,38.57709624214327,17.796202560637642,16.195741798692502,2.0,29.006752954417557,71.94644656281484,37.03983569712471,5.756413237231651,16.362473843292257,43069.0,0.4403,21706.0,60.23403030884328,11.132165605095539,63.58764224516036,61.384915165628996,18.623150963121397,98.57421225226938,22.511686033237602,0.2471365429399744,8.022491887164735,16.666666666666668,29.358706571938626,26.76404478140516,34.51406104321304,15.844060103641924,5.7415023019492475,16.766666666666666,13.116879271196247,-3.649787395470419,"Rowan County, NC",North Carolina
2984,2093,3.1588898879380345,2.6997232283208827,train,39113,533763,48.08875849393832,51.91124150606168,73.67239767462337,20.65092559806505,99.3548172259638,55.933600286377896,43.42121693958593,0.6451827740361802,19.26571458144519,76.20855664923897,4.525728769315827,32.73623104240556,41.99811489898117,25.265654058613272,39.66524379644218,34.617135698774604,25.717620504783216,18.64510748308271,40.002595043466975,18.603119935170177,15.360575550522444,3.0,31.574459194184755,72.73482511327558,31.88017261896743,6.660469627773511,17.361139177410447,43829.0,0.46799999999999997,25734.0,63.54678343807546,9.041259778901656,68.4780854233921,62.57684240977797,19.962130618326302,97.3276921964273,15.20424633722374,0.33509317518864057,2.5228425349827543,23.44444444444445,29.019995765911087,28.084936572973398,33.13605476587924,16.221993656360596,5.67667672731156,23.544444444444455,14.87561400639874,-8.668830438045715,"Montgomery County, OH",Ohio
2985,2747,1.6072132174119893,1.8641833696299648,train,48463,26952,48.93514395963194,51.06485604036806,92.3753339269813,0.3376372810923123,98.5064763415279,60.481099656357394,38.0253766851705,1.493523658472112,11.682119205298012,83.59205298013245,4.725827814569537,32.116929629271134,43.12264059626368,24.760429774465198,52.687976752633496,32.01961496549219,15.292408281874321,19.934665349844266,41.08910891089109,19.52483255402502,13.171648806166573,5.0,19.715258433921388,73.38470657972732,38.553645524599894,6.959098992294012,17.688203912270303,38568.0,0.4433,18135.0,60.77040306899995,8.033552404012452,53.74472926845593,47.08904109589041,12.629676728465295,98.21428571428572,35.144903286259286,1.3209393346379648,70.22484416740872,4.888888888888889,36.082665479370725,28.38008311071534,27.675126150192927,15.872662511130898,7.287028791926389,4.988888888888889,6.450665924777783,1.4617770358888942,"Uvalde County, TX",Texas
2986,1123,2.0780516873907815,2.2550913229151828,train,22033,444690,47.958353009961996,52.041646990038004,48.64130068137354,45.53374260720952,99.34976279110883,51.75573868714947,47.59402410395938,0.6502372088911589,15.784460716120675,75.21430438584103,9.001234898038287,40.88637204373451,36.977690504070566,22.13593745219493,37.29734015142506,28.642832174762248,34.05982767381269,19.598845963746708,36.87478814995593,21.03621198176719,13.038861898315215,3.0,20.14908364112394,80.77164143803219,24.584318826868497,5.417455061494796,15.734981078524125,49285.0,0.4908,27944.0,67.94679335476201,7.164362732144327,71.55321891842117,59.09257156056902,12.529579579057831,95.1240639858323,18.546613246786638,0.6236886176827273,3.854820211832962,7.8888888888888875,30.390159436911112,35.47122714700128,29.55317187254042,11.985203175245678,5.824956711416942,7.988888888888888,9.536164140691753,1.5472752518028647,"East Baton Rouge Parish, LA",Louisiana
2987,1505,2.2082744135228043,2.2084957873658624,train,29057,7618,50.94512995536886,49.05487004463114,95.55001312680493,0.4856917826201103,95.63345633456335,64.63714637146371,30.99630996309964,4.366543665436654,15.100154083204927,81.45865434001026,3.4411915767847976,19.2374624268312,52.58661604176554,28.17592153140325,55.517115804807,29.1332847778587,15.349599417334304,19.881225536509646,39.19282511210761,21.48931756896909,18.93372528059861,6.0,37.64430316212147,70.39123630672927,42.065727699530505,6.322378716744916,14.898278560250391,37035.0,0.4309,20828.0,59.65152032798087,6.7010309278350535,60.21455223880597,56.38569604086845,17.957089552238806,98.7228607918263,25.606343283582092,0.0,1.7852454712522972,9.0,27.85508007351011,21.816749803097924,34.90417432396954,21.777369388290893,3.9642950905749537,9.1,9.102014724967304,0.002014724967304815,"Dade County, MO",Missouri
2988,248,2.4932054526026954,2.3929333655211975,train,8015,18309,53.51466491889236,46.48533508110766,93.85548091102736,2.0044786716915177,100.0,67.64091858037578,32.35908141962422,0.0,15.079697986577182,80.66974272930649,4.250559284116331,25.209448818897638,51.80472440944882,22.985826771653546,35.59748427672957,30.349406009783372,34.053109713487075,8.7203901532745,14.06935033878039,8.695981230606222,15.7461127871896,6.0,38.63945578231293,73.3754512635379,37.9706034038164,4.8349664775657555,8.109850438370295,51092.0,0.4132,28064.0,60.08216125887761,5.736470042878665,68.94910644910645,61.38711264141664,14.724164724164725,98.0816527299557,21.367521367521366,0.0,10.14801463760992,12.0,19.85908569555956,23.50756458572287,38.03047681468129,22.764760500300397,4.140040417281119,12.1,10.94555420914098,-1.15444579085902,"Chaffee County, CO",Colorado
2989,1157,2.4069451083182885,2.3436238810738823,train,22101,53441,49.29735596265039,50.70264403734961,59.90531614303625,31.12965700492132,99.44575203097715,52.12967883987548,47.31607319110167,0.5542479690228532,14.457953909548767,82.29892659103626,3.243119499414967,34.12603203725919,40.57111942229435,25.302848540446448,68.20629073391896,20.731085293284217,11.062623972796825,22.434868973947587,44.102850754611524,24.636033475446077,18.48469280971136,5.0,22.188177266273073,73.17913385826772,34.37992125984252,8.56791338582677,22.268700787401578,40781.0,0.4749,21847.0,60.32608695652174,11.66961353877242,55.50194552529182,58.99875879189077,18.667704280155643,97.46241897669287,28.936964980544747,0.2206592194180113,6.158193147583318,11.0,31.314908029415612,27.97851836604854,33.25536573043169,14.05100952452237,8.965026852042438,11.1,10.418925177718787,-0.6810748222812126,"St. Mary Parish, LA",Louisiana
2990,2889,2.25595925165399,2.2198764706647225,train,51161,93633,47.800454967799816,52.199545032200184,88.97717685004218,5.8109854431664045,99.53013278855975,73.58018386108273,25.949948927477017,0.4698672114402451,14.601087122739214,83.2232772162985,2.1756356609622842,23.07623064657168,53.34602129520086,23.57774805822745,34.46326838823512,31.38597724180212,34.15075436996277,8.322848171205374,11.201196020930366,8.522462011114289,11.438160510052244,3.0,33.20249583801416,76.87349334451316,36.70998847081019,3.64741641337386,7.486112566816895,60519.0,0.4121,31370.0,64.81184947958367,4.907243722178441,83.56671117687394,70.3359962406015,9.911941968313542,97.69149436090224,9.96246706846151,0.2408364661654135,2.6294148430574693,9.444444444444443,27.29272799119968,24.367477278309998,35.676524302329305,18.983691647175675,5.2118377067914095,9.54444444444444,9.206193560667433,-0.3382508837770075,"Roanoke County, VA",Virginia
2991,2275,1.9909138641722421,2.13587845852034,train,42075,135776,48.88934716002829,51.11065283997171,88.13192316757011,1.9885694084374264,99.4453223257764,67.8383695056274,31.606952820148987,0.5546776742236125,13.605515882787492,83.14306820980055,3.2514159074119675,27.296726504751852,50.759203291701574,21.94407020354659,58.2655243950941,22.101235072180238,19.633240532725647,11.25840306018515,20.884056258125515,10.430851294505398,12.589952199494405,4.0,30.461706322620163,77.32986396770427,35.88497522337229,4.664511068169208,12.244819867220235,55499.0,0.4042,26526.0,66.30570838063633,6.6731056282377725,75.3299010296911,73.36661601910137,13.958312506248125,98.00738007380077,14.764320703788865,0.4992402865205123,11.01151897242517,7.222222222222222,29.189252887108175,25.785116662738627,33.47130567994344,17.854407259014852,9.879507423992457,7.322222222222222,8.464478935484582,1.14225671326236,"Lebanon County, PA",Pennsylvania
2992,268,3.257669096253914,3.1579017729600976,train,8055,6502,50.59981544140265,49.40018455859735,86.25038449707783,0.6767148569670871,100.0,64.33430515063168,35.665694849368315,0.0,21.58615443134272,75.96044123240777,2.4534043362495246,24.401999285969296,45.465905033916464,30.13209568011425,38.590342679127716,34.345794392523366,27.063862928348907,18.53141319829087,23.536439665471924,22.59336580839713,23.627156195600573,6.0,46.03145574250184,60.44973544973546,50.46296296296296,11.507936507936508,18.287037037037038,31715.0,0.4857,23467.0,48.85525070955535,14.601084430673895,53.4712383111363,58.48519362186789,26.324737886086712,98.4624145785877,24.93624256163219,0.0,34.635496770224535,25.88888888888889,19.40941248846509,17.317748385112274,38.04983082128576,28.729621654875427,13.072900645955087,25.98888888888889,23.521191316515665,-2.4676975723732255,"Huerfano County, CO",Colorado
2993,704,2.158201375540483,2.016577813121436,train,18027,32411,50.08176236462928,49.91823763537072,96.16488229304865,1.536515380580667,99.25690021231422,81.74097664543525,17.515923566878982,0.743099787685775,13.008347841614215,85.5051113789563,1.4865407794294898,22.3517340447363,57.672891442643134,19.975374512620558,62.32828986661357,23.934899462472625,13.736810670913794,13.157977337643995,21.186989762861213,12.81704260651629,13.536352539826613,5.0,25.14477293508077,76.0827803003842,32.43101641634649,6.182326231225988,10.565840027942716,47342.0,0.4079,21101.0,65.33522903985427,5.379122747364842,63.64840989399293,58.839590443686006,14.045936395759716,94.47098976109214,24.77363074204947,4.254835039817976,4.476875134985036,8.555555555555555,35.78414735737867,26.04054179136713,30.51124618185184,14.309956496251276,2.2986023263706765,8.655555555555555,7.512571468706525,-1.1429840868490304,"Daviess County, IN",Indiana
2994,2325,2.158201375540483,2.0580017761770026,train,45031,67922,47.24684196578429,52.753158034215716,56.63260799151968,40.62306763640647,98.74564459930313,50.30725372188787,48.43839087741527,1.254355400696864,14.36124213836478,83.30188679245283,2.3368710691823904,32.857272975680836,43.21158575462246,23.931141269696692,55.75667590995437,27.373960130133838,16.869363959911787,23.87202501766572,51.19533527696794,26.298178212913623,18.314325700503236,4.0,28.61995509240601,69.89817163190372,39.156603702161476,8.267403565885607,23.416739220956202,35409.0,0.4802,19810.0,59.111258175023366,14.995554677467155,59.53044073096844,53.59057832248181,21.13261018274211,98.43929528916124,23.94947718166716,0.4212945231711988,1.8874591443125937,8.555555555555555,30.074202761991696,25.686817231530284,35.16680898677895,15.874090868937902,2.7443243720738497,8.655555555555555,7.830307460181051,-0.825248095374504,"Darlington County, SC",South Carolina
2995,2295,2.48398029492787,2.3595927464611597,train,42115,42369,50.31036842974817,49.689631570251855,97.8640043427978,0.5452099412306167,99.1998117204048,70.69898799717579,28.500823723228997,0.8001882795951989,13.81837683232034,83.34227148134906,2.8393516863305925,24.386261261261268,53.83445945945946,21.77927927927928,57.61393229166667,25.27669270833333,17.109375,13.005125759923713,24.17892703224848,12.862471019118981,16.95511601369342,6.0,32.93537043056828,73.23154343226396,39.269171384457024,5.621318693886888,9.023846285812317,50477.0,0.4218,25958.0,60.561282249895726,7.482290436835891,73.37426191686545,74.00225197047416,14.753841942673914,98.73639434505192,15.962147577523167,0.15013136494432627,1.6568717694540815,11.888888888888893,26.151195449503174,22.507021643182515,38.06320658972361,19.351412589393192,1.590785715971583,11.988888888888894,10.586639128139357,-1.4022497607495374,"Susquehanna County, PA",Pennsylvania
2996,1043,2.743703304335216,2.380731081583546,train,21113,50328,48.95485614369735,51.04514385630265,92.25083452551264,3.5983945318709267,97.6592356687898,63.12101910828025,34.538216560509554,2.340764331210191,9.7663421418637,85.38525730180807,4.848400556328233,26.38499298737728,53.47124824684432,20.143758765778397,43.77231867996552,27.27496613717523,28.95271518285925,19.071138042666224,39.45952135577694,18.97901866842888,15.764824120603015,3.0,27.18814610613369,80.4172127566623,29.13390126692879,6.493010048055919,18.987549148099607,50558.0,0.4866,26230.0,66.79134599860073,8.512952741630071,71.31612903225808,71.95715676728335,17.306451612903224,94.85556637455372,15.487096774193544,1.0548523206751057,2.8711651565728817,15.444444444444445,32.39945954538229,28.63415991098395,33.37903353997773,12.947067238912732,4.150770942616436,15.544444444444444,10.812805017634643,-4.731639426809801,"Jessamine County, KY",Kentucky
2997,700,2.589433484697249,2.502827948579811,train,18019,113181,49.079792544685056,50.920207455314944,88.27188308991792,7.006476352037888,98.65636419001218,67.1018574908648,31.554506699147378,1.3436358099878196,14.410152260427553,81.42352347299344,4.166324266579012,27.94645986680687,46.37004907115318,25.683491062039966,46.799737123564825,33.087638364496215,20.112624511938968,10.780458903371755,16.999054607662178,10.668100655661233,15.246311376279936,2.0,31.14045701247969,76.8208684320752,32.5150090752548,4.59347512449388,10.331828547493831,51699.0,0.4157,25470.0,67.97000410100182,6.754124360013101,73.50361637906488,69.86564299424185,13.511589498263,97.98795419948375,16.898741386183726,0.5294857369779602,5.049434092294644,13.222222222222221,29.48021310997429,28.662054585133546,34.29285834194785,13.77439676270752,4.721640558044196,13.322222222222221,12.216994186638304,-1.1052280355839166,"Clark County, IN",Indiana
2998,284,2.47466924069478,2.5744759800556603,train,8089,18572,49.11156579797545,50.88843420202456,90.65259530475988,0.33383588197286235,99.6351197263398,54.298745724059295,45.3363740022805,0.3648802736602053,16.270566727605118,82.2815356489945,1.4478976234003655,28.232614230202326,49.69181294385636,22.07557282594131,44.099629211671775,40.30307915524746,15.597291633080768,24.331654397520342,63.24466092169352,24.613706598800217,20.810884353741496,6.0,31.915795422435718,67.35980681513281,36.94660584920848,10.544674000536624,20.525892138449155,32311.0,0.4692,19228.0,57.566659518192864,10.095616540419721,50.18754688672168,51.18796992481202,31.59227306826707,97.74436090225565,22.1867966991748,1.2330827067669172,41.1748869265561,11.777777777777779,31.1275037691148,26.631488261899644,30.89058798190825,18.70019384018953,9.013568813267284,11.877777777777776,13.124437888998143,1.2466601112203666,"Otero County, CO",Colorado
2999,1456,1.6507930981160142,1.7843063916752888,train,28123,28293,48.4430777930937,51.5569222069063,59.80277807231471,37.330788534266425,100.0,45.38307794803465,54.61692205196535,0.0,12.62239976616164,81.29293126126566,6.084668972572709,33.324208413176386,38.00072999361256,28.67506159321106,63.42089454426301,25.33995958713341,11.239145868603575,27.66542804058882,74.39024390243901,28.602715724923343,20.00784901352171,6.0,15.209107134243405,72.18886740612598,36.13513788541773,7.316576778263968,19.97557749058716,32935.0,0.4735,17256.0,60.20467836257309,12.724623603691112,53.47185224649265,53.48773090708576,19.73598531936305,99.80700303280949,30.243296039779786,0.0,10.76591383027604,5.111111111111111,33.2414378114728,28.639592832149297,31.62619729261655,13.151662955501363,2.866433393418867,5.21111111111111,5.95544776654241,0.7443366554313,"Scott County, MS",Mississippi
3000,742,2.0059743897979634,2.283111642970664,train,18103,36211,53.80133108723869,46.19866891276131,91.38659523349259,5.142083897158322,97.98919190649742,66.36923463616941,31.619957270328012,2.0108080935025763,13.563262195121947,83.14786585365853,3.2888719512195124,27.332076995557948,47.97752052766186,24.690402476780186,57.957053983544036,30.13044350792695,11.912502508528998,15.24050782055436,28.588156574105053,15.199368337939205,16.92816579825537,5.0,33.84402596020853,74.179580674567,35.55150410209664,5.560619872379216,16.924946824673352,45184.0,0.4194,21745.0,61.3966800228964,9.217477779849586,67.36074461449887,71.5964192465498,19.44537734491196,98.06042521447222,18.250731660509523,0.07459903021260722,2.6566512938057496,7.333333333333332,28.599044489243607,27.87550744248985,34.867857833255094,15.282648918836815,3.4713208693490927,7.433333333333334,9.807149328015509,2.3738159946821753,"Miami County, IN",Indiana
3001,1159,2.6222502112988773,2.2910320014150987,train,22105,125486,48.52334124922302,51.47665875077698,67.0911496103151,29.715665492564913,99.4519311367593,56.63163324521246,42.82029789154684,0.5480688632406989,13.076635267189017,81.36719781670921,5.556166916101768,34.0475400106628,42.46813732886703,23.48432266047017,53.8703650294055,26.849912849386183,19.27972212120832,22.167775247272395,45.70018684424856,23.61096053772767,20.337488476492048,4.0,23.26631887008525,75.9030846689972,31.007189499373393,9.073719851373044,21.726799023811093,41302.0,0.4671,21671.0,63.319952169456776,10.0964456734336,60.73826786101093,59.276822762299936,19.36774505931372,97.28643878021471,24.9257782138352,0.06586313640255549,3.813174378018265,13.666666666666664,32.36297276190173,31.86809683948807,30.868782174903973,12.443619208517285,3.193184897119997,13.766666666666666,9.885133891180807,-3.8815327754858586,"Tangipahoa Parish, LA",Louisiana
3002,2797,2.5292778938193967,1.5961019887861865,train,49055,2722,51.68993387215282,48.31006612784718,96.36296840558413,0.6612784717119765,100.0,82.07171314741035,17.928286852589647,0.0,12.872841444270016,82.26059654631082,4.8665620094191535,20.343839541547283,61.70009551098377,17.95606494746896,32.58300506471581,40.574001125492394,26.842993809791786,15.430488259411106,14.831804281345565,19.628482972136226,9.282544378698224,6.0,22.58064516129032,73.4567901234568,39.40329218106996,1.2345679012345678,5.246913580246913,40645.0,0.4352,20121.0,63.23076923076921,2.18978102189781,66.75786593707251,62.90983606557376,7.181942544459645,99.38524590163937,29.82216142270862,0.6147540983606558,4.775900073475387,12.444444444444445,36.88464364437914,21.418074944893466,32.36590742101396,17.964731814842033,2.9757531227038942,12.54444444444444,4.933763029021115,-7.6106814154233255,"Wayne County, UT",Utah
3003,2178,2.661812332608922,2.501264314939366,train,40107,12248,53.763879817113,46.236120182887,63.65120836054866,7.797191378184192,99.20662297343912,66.57468092445671,32.63194204898241,0.7933770265608829,12.9914951312708,83.38469123628744,3.62381363244176,28.294612965405296,42.27452571776403,29.43086131683068,57.279207442310025,30.578712093753772,12.142080463936207,24.787309464728818,43.043696634856865,29.864532019704427,22.72647162495594,6.0,31.88343689736448,69.31818181818183,40.01976284584981,9.041501976284586,20.232213438735176,36216.0,0.4462,16818.0,50.847658565500886,8.883189554674749,47.90044281569706,49.73488865323436,24.370132844709115,98.14422057264048,31.012368300503894,0.6892895015906679,3.8945133899412148,14.222222222222221,30.543762246897455,26.80437622468975,32.74820378837361,16.66394513389941,28.551600261267144,14.322222222222218,12.197906210732679,-2.1243160114895385,"Okfuskee County, OK",Oklahoma
3004,2689,2.158201375540483,2.032178873877645,train,48347,65531,47.92998733423874,52.070012665761254,76.16090094764309,18.336359890738734,99.66636137642288,63.11003532644249,36.55632604998039,0.3336386235771294,16.3075962353361,75.93336009634685,7.759043668317053,38.21519011443042,41.34917461586794,20.435635269701642,46.0792761740629,28.802240413614825,25.118483412322274,24.564149529597863,46.69369630273192,28.373969780219774,14.219892697558635,5.0,20.811463468178093,76.7623911587408,28.76758204956464,5.274614869390488,15.689886135298062,39538.0,0.4963,21113.0,60.97012202537804,8.477675454636124,62.20046193821578,61.48005148005148,11.671157732653258,97.51608751608751,28.74843614666539,1.9562419562419564,18.452335535853265,8.555555555555555,33.605469167264346,36.738337580686995,27.37177824235858,12.436861943202455,5.502739161618165,8.655555555555555,7.630694579687983,-1.024860975867572,"Nacogdoches County, TX",Texas
3005,1825,1.789905900578732,2.384156795354179,train,36007,198093,49.15014664829146,50.84985335170854,86.90110200764288,5.433811391619088,98.68702762658964,59.421673072458546,39.26535455413109,1.3129723734103749,17.36859419793618,75.86255513706219,6.768850665001645,36.117847407344996,41.919352994626344,21.962799598028656,42.36415299880398,30.43902216060152,27.196824840594505,17.870148373000468,32.078554049356974,19.396764289464056,14.417424727738625,4.0,25.39967158037787,71.64484658545216,35.18298539149775,7.1109033008138285,16.655714502350502,46261.0,0.4523,25105.0,60.731230990875616,7.615422733454933,71.71589129135918,72.09244763466477,22.26573223311318,98.1281519754958,9.645227445217756,0.29702051297917764,3.765403118737159,5.8888888888888875,27.74605866941285,30.349886164579267,32.65234006249589,17.264113320511076,7.665086600738037,5.988888888888888,10.849910112112001,4.861021223223113,"Broome County, NY",New York
3006,847,1.7127964254212538,1.707865854251348,train,19129,14862,50.51137128246536,49.488628717534645,97.537343560759,0.7199569371551608,99.97219905476786,73.97831526271894,25.99388379204893,0.02780094523213789,12.039660056657224,86.51558073654391,1.4447592067988668,24.571524120056853,57.445029679792654,17.98344620015049,42.809463041130854,33.346421910277805,23.84411504859134,8.899842541247347,9.911015648972077,9.723328025477707,17.008617152236354,3.0,33.623677895298194,80.51491016854973,32.33932209668457,6.001111316910539,8.538618262641233,63979.0,0.3862,28280.0,65.27891156462586,3.1540919827705984,77.62393925859759,73.36877718704689,19.640464493077268,98.45335911068148,9.289861545332736,0.2899951667472209,2.6510563854124607,5.4444444444444455,31.7723052079128,22.937693446373306,37.639617817252045,15.1258242497645,1.7426995020858564,5.544444444444445,5.517174450083175,-0.0272699943612702,"Mills County, IA",Iowa
3007,354,2.743703304335216,2.88941511326978,train,12083,336811,48.007933232584456,51.99206676741557,81.68230847567331,12.914661338257954,98.47994927880804,58.123315897923604,40.35663338088445,1.5200507211919485,14.54294308347832,80.20583695328098,5.251219963240707,24.987702902115107,46.842105263157904,28.17019183472701,50.58800368029635,31.603138698155433,17.808857621548214,18.38915105145004,45.651252589941606,18.163452382011872,18.09838617959112,3.0,41.143126893745325,58.00569972862035,50.84021861558581,5.6407659104825125,17.189897722376347,39459.0,0.433,21675.0,48.849244434407865,11.685029663302258,55.32333865695821,59.29430122414893,20.866892205182808,98.3956396562713,28.064662007063824,0.3824091778202677,11.672124722767368,15.444444444444445,24.07848912297995,22.19612779867641,31.64534412474652,27.325710858612105,5.403030186068745,15.544444444444444,17.982788630619698,2.4383441861752537,"Marion County, FL",Florida
3008,1769,1.928295602354331,1.910392109129228,train,34003,926330,48.36818412444809,51.63181587555192,70.42738548897263,5.833882093854243,99.75300469785064,80.03586371787209,19.717140979978566,0.24699530214935314,11.270724745071952,85.6591921454374,3.070083109490649,30.266382623268623,51.68258938304618,18.0510279936852,32.68021681049987,20.399771260618397,46.92001192888173,7.422378428914063,9.833044350661382,7.5161652126130045,8.301022187409352,2.0,13.882945196390658,81.54284011324691,29.372671732975718,3.4286991506481894,5.8971837282074215,85806.0,0.4832,44002.0,67.93573943661971,6.364378180446381,78.47328482924279,58.50850604460136,7.763317638109,94.04119752730443,15.470709098772225,1.6716716012743245,17.937560048794705,6.777777777777778,28.322412099359838,26.069975062882556,36.282534302030605,15.766843349562256,23.738732417173143,6.877777777777777,6.755737265509785,-0.12204051226799262,"Bergen County, NJ",New Jersey
3009,2437,2.0640458562018624,2.295823100523485,train,47033,14600,47.301369863013704,52.698630136986296,80.46575342465755,13.143835616438356,95.88926174496643,61.77293064876957,34.11633109619686,4.1107382550335565,14.318728045849511,81.55851358846368,4.122758365686819,22.870418172431588,47.427293064876956,29.70228876269145,64.14616864055066,22.86668691163073,12.987144447818606,19.885089686098656,34.75371383893667,21.958089229382605,20.435115034406067,4.0,23.215258855585827,71.22684760682193,35.61342380341097,7.078672290482303,20.667522464698333,35464.0,0.444,19178.0,57.13625011562298,7.139388052452648,56.58576814326107,57.29659922513991,21.618755890669174,98.96685320705984,25.56550424128181,0.0,9.5,7.777777777777778,30.83561643835617,25.794520547945215,32.650684931506845,17.061643835616437,6.390410958904107,7.877777777777777,9.932608183560198,2.054830405782421,"Crockett County, TN",Tennessee
3010,1645,1.7127964254212538,1.5964901459925953,train,30107,2115,51.39479905437352,48.60520094562648,96.02836879432623,0.0,99.11699779249449,85.43046357615893,13.68653421633554,0.8830022075055187,20.591861898890254,77.74352651048089,1.6646115906288532,24.67836257309941,55.84795321637427,19.473684210526315,59.15775401069519,22.794117647058826,18.048128342245988,19.6926032660903,44.728434504792325,19.867549668874172,15.369836695485112,6.0,37.90613718411552,67.11864406779661,44.97175141242938,1.2429378531073447,6.214689265536723,32723.0,0.4226,19385.0,58.0110497237569,2.9629629629629632,69.41489361702128,55.089820359281426,8.95390070921986,94.41117764471058,24.379432624113477,0.0,2.127659574468085,5.4444444444444455,27.706855791962177,23.26241134751773,30.591016548463358,24.728132387706857,3.9716312056737593,5.544444444444445,4.9356784764188495,-0.6087659680255957,"Wheatland County, MT",Montana
3011,78,2.3014733641413554,2.344242865829398,train,2130,13699,51.37601284765312,48.623987152346885,67.74217096138403,0.4233885685086503,99.65034965034964,70.27972027972028,29.370629370629374,0.34965034965034963,14.949357226334245,75.49668874172184,9.553954031943904,30.76923076923077,45.28812336549734,23.942645865271892,40.94420600858369,35.26824034334764,23.78755364806867,12.13556311972769,18.474511307014183,12.498650836481385,13.613935406698566,5.0,37.2131306284497,84.37440668312131,24.03645338902601,3.9491171444845263,15.16992595405354,64222.0,0.41100000000000003,32021.0,69.76539589442815,7.874457054784924,65.05829389357035,69.11295469049138,14.429181576820962,95.27760051052971,24.91053907422371,0.9572431397574984,4.839769326228192,9.888888888888893,29.45470472297248,28.49113073947003,36.92970289802175,11.540988393313382,31.834440470107303,9.98888888888889,10.425376329949119,0.43648744106022797,"Ketchikan Gateway Borough, AK",Alaska
3012,1599,2.1835512754360096,2.083779811617114,train,30015,5855,49.820666097352685,50.17933390264732,76.10589239965842,0.06831767719897522,99.93215739484395,65.5359565807327,34.39620081411126,0.06784260515603799,16.024436090225567,81.48496240601504,2.4906015037593985,28.09278350515464,51.99742268041238,19.909793814432987,42.09573091849935,34.592496765847336,23.311772315653297,23.21675900277009,55.84415584415584,23.49757903731131,11.170395869191044,6.0,32.59529787719699,75.0,38.680069930069926,4.851398601398602,16.04020979020979,38521.0,0.452,22032.0,60.12453874538746,4.2961258151131565,56.9882777276826,56.98711595639247,17.1926660655245,99.70267591674929,29.305680793507662,0.1982160555004956,2.0836891545687446,8.777777777777779,31.921434671221174,23.808710503842875,33.20239111870196,17.813834329632797,23.825789923142622,8.877777777777778,8.034781550825635,-0.8429962269521436,"Chouteau County, MT",Montana
3013,100,3.090537275272301,2.9621298459682004,train,4012,20335,51.03516105237276,48.96483894762724,73.92672731743299,0.19670518809933613,99.1744947338457,49.64417876458867,49.530315969257046,0.825505266154284,18.86153287762386,78.56753977375837,2.5709273486177486,20.481581518303546,50.594793402678,28.92362507901845,60.646118132576724,29.41062677327831,9.943255094144957,19.05046579983062,51.15067303517153,18.97318227448731,19.126715735030828,6.0,45.626969498781136,50.24025627335826,57.54404698344901,5.371062466631074,16.18793379604912,34466.0,0.4147,20439.0,42.98457087753135,11.020751542344362,44.120762711864394,70.67953020134227,35.2542372881356,95.46979865771813,24.290254237288128,0.3635346756152125,25.47332185886403,21.88888888888889,22.33095647897713,18.667322350627,28.871403983280054,35.170887632161296,25.876567494467665,21.98888888888889,19.339117264084607,-2.649771624804284,"La Paz County, AZ",Arizona
3014,1026,2.589433484697249,2.6071674850238065,train,21079,16976,49.08105560791706,50.91894439208294,95.90009425070689,1.2723845428840717,99.81520591341078,68.10982048574446,31.705385427666315,0.1847940865892292,10.453255617762098,87.58340363524809,1.9633407469898,18.868333574215924,56.973551091198146,24.15811533458593,59.2133891213389,25.67364016736401,15.112970711297073,21.701419830095645,48.970704671417245,22.676928853012953,20.24536241332305,6.0,25.552265998633565,74.34030937215651,38.474370639975746,8.689717925386715,21.91386108583561,44243.0,0.4346,22567.0,60.57383320581485,10.963748894783377,64.16124090386826,64.54683929931457,20.79662964381463,98.4006092916984,19.379548065875145,1.2947448591012949,2.3209236569274267,13.222222222222221,28.463713477851076,24.85273327049953,36.704759660697455,16.04029217719133,2.8275212064090485,13.322222222222221,13.560585838711473,0.2383636164892522,"Garrard County, KY",Kentucky
3015,3002,2.47466924069478,2.4345454123121195,train,54035,29256,49.582991523106365,50.41700847689364,97.40224227508888,0.663111840306262,96.8886123210952,71.01742377100186,25.87118855009335,3.111387678904792,13.049620342574608,84.29277767967507,2.6576019777503093,21.95457961092093,52.78867830007514,25.256742089003925,54.71853502567581,27.681426218389692,17.600038755934502,16.383419689119172,33.488766426451896,16.229668017856227,17.537826685006877,6.0,35.16733835640441,65.25454218384604,41.725130419140136,7.303471847454578,15.59633027522936,41314.0,0.4552,23090.0,51.56719053505208,6.531975002140228,67.84331850482407,70.67190716825753,21.87301403893928,98.8583192962755,14.703333525911374,0.2433090024330901,0.04443532950505879,11.777777777777779,27.854115395132627,24.524883784522835,34.73817336614712,18.765381460213288,1.9346458846048675,11.877777777777776,11.410630402093329,-0.46714737568444775,"Jackson County, WV",West Virginia
3016,966,2.049841071903545,2.0261376935232143,train,20169,55735,49.42316318291917,50.57683681708083,87.64151789719206,3.209832241858797,99.45463925123444,61.080403861743676,38.37423538949075,0.5453607487655686,16.426179454348468,79.00128040973111,4.572540135920418,28.58204920248716,47.23573938902407,24.18221140848878,43.709369024856606,32.8926522807976,23.39797869434581,16.077764636309873,34.738225186982014,14.817838842277155,12.571678226202831,5.0,28.422484134179516,79.87047789191605,29.97320232246539,4.752121482804824,10.86199196069674,47801.0,0.4428,25641.0,70.1277028007546,4.755992412484911,73.77986090111884,67.9917834702755,10.644088297550649,96.83421942967615,18.379195645600237,0.1570807153214113,10.537364313268144,7.666666666666668,31.269399838521576,28.15107203731946,31.93504978918095,15.433748990759845,9.148649860949137,7.766666666666667,7.584735141906175,-0.18193152476049157,"Saline County, KS",Kansas
3017,2189,1.2006339030604214,1.6608819721414358,train,40129,3780,49.94708994708994,50.05291005291005,90.97883597883595,0.10582010582010584,100.0,72.10953346855985,27.890466531440158,0.0,14.543486106098886,82.85817394442441,2.598339949476723,23.048200950441274,49.592668024439924,27.35913102511881,49.083820662768034,30.487329434697862,20.428849902534115,14.498933901918974,26.417525773195877,13.939144736842106,13.601277615118446,6.0,26.62848962061561,75.0,35.97014925373134,4.328358208955224,4.850746268656716,50739.0,0.45899999999999996,26257.0,61.16925297726452,0.8259587020648967,75.51509343555341,57.748538011695906,9.008145663632007,97.07602339181284,18.064206995687584,1.023391812865497,6.507936507936509,3.2222222222222223,32.67195767195767,23.042328042328037,32.777777777777764,18.095238095238102,8.915343915343918,3.3222222222222224,5.2639514562391945,1.941729234016972,"Roger Mills County, OK",Oklahoma
3018,2423,3.1541595101485096,2.677336492100012,train,47005,16261,49.25896316339709,50.74103683660292,95.21554639936045,3.46227169300781,100.0,66.52281134401973,33.47718865598027,0.0,17.162899454403743,79.8207326578332,3.016367887763056,21.358159912376774,49.54362906170135,29.09821102592187,66.80400235432607,22.408139241570677,10.787858404103252,22.835969610163158,45.19799726900319,26.23111634294683,23.13664596273292,6.0,36.107052218718756,64.1615089890952,45.46124373710581,5.806071323312702,25.16946654877689,33240.0,0.4533,19285.0,52.364654635967646,14.022578728461086,55.02300203273778,59.58962667426618,24.938482935701288,97.5491593046452,24.1895795442388,2.0518666286691367,2.084742635754259,23.33333333333333,26.34524321997417,21.382448803886604,36.68286083266712,21.972818399852404,1.3221819076317571,23.433333333333334,14.54629747408974,-8.887035859243593,"Benton County, TN",Tennessee
3019,111,2.8127438277723327,2.7129164444719045,train,5005,41040,48.2724171539961,51.7275828460039,96.7519493177388,0.3289473684210526,99.30776685587706,63.57469195625086,35.7330748996262,0.6922331441229406,16.352937644480473,80.92407457443935,2.722987781080189,17.402567825319554,55.4473766618271,27.15005551285336,48.13246298360134,33.99458684922783,17.872950167170828,15.916716005525956,34.634146341463406,16.01864088474647,22.01764763876565,5.0,46.59245662857482,56.815679365778465,53.82074432944285,7.327681127504955,13.708434265580273,35396.0,0.4574,22475.0,48.6936436991931,7.429310663463316,63.87315442473769,64.31053479108401,24.333735722908354,98.76260700059328,18.135388615470333,0.3729129587253157,1.9444444444444444,16.555555555555557,22.653508771929822,19.68079922027291,33.1140350877193,29.56627680311891,2.9191033138401563,16.655555555555555,15.073171541415785,-1.5823840141397696,"Baxter County, AR",Arkansas
3020,498,2.132192107065365,1.966910365798609,train,13239,2326,47.54944110060189,52.4505588993981,49.61306964746346,49.22613929492691,100.0,57.02127659574469,42.97872340425533,0.0,19.28879310344828,76.99353448275863,3.7176724137931036,27.96352583586626,39.361702127659576,32.674772036474174,67.6056338028169,25.70422535211268,6.690140845070423,23.98968185726569,79.38931297709924,23.240371845949532,27.25709372312984,6.0,35.398706896551715,55.07389162561578,54.18719211822661,9.556650246305418,24.532019704433498,31487.0,0.4109,17334.0,45.68965517241379,11.202830188679245,52.24719101123596,59.34426229508196,26.565008025682182,99.18032786885244,31.13964686998395,0.0,0.0,8.333333333333334,26.741186586414447,19.34651762682717,34.22184006878762,26.22527944969905,1.1607910576096299,8.433333333333334,7.1485559108641,-1.2847774224692339,"Quitman County, GA",Georgia
3021,1163,2.049841071903545,2.5422974454586234,train,22113,59110,48.254102520724075,51.74589747927593,81.09964473016409,14.139739468787008,98.42358218519706,57.12271707785966,41.30086510733739,1.5764178148029475,12.985230840795445,82.87940458192813,4.1353645772764285,28.48512506247691,46.63493926157725,24.87993567594585,64.74503991470993,22.869698624437685,12.38526146085238,17.8094649782079,29.288383152173914,19.18445311851175,15.146452074879804,3.0,23.12466953263293,75.61937970269773,29.84492567443568,8.391447972104974,18.058359331987518,45374.0,0.4589,23261.0,62.89955398624792,8.291169627359013,63.27451090939843,61.367837338262476,18.579804927552573,98.09875891206758,21.954107233466765,0.3828888302086084,2.997800710539672,7.666666666666668,32.81001522585011,27.21705295212316,32.80832346472678,13.572999492471665,4.760615801048892,7.766666666666667,12.708835312236442,4.942168645569775,"Vermilion Parish, LA",Louisiana
3022,369,2.8259978322655077,2.623844336863863,train,12111,288006,48.76565071561009,51.23434928438993,73.16305910293536,19.299945140031806,99.28076498954887,62.505966194308655,36.77479879524021,0.7192350104511266,13.262935397705233,81.05186645202431,5.685198150270457,27.504507041069754,46.43786166640753,26.057631292522725,47.9444026607019,32.16675294738179,19.888844391916308,18.303424287687854,39.114476326785024,18.58781724817849,15.982465224327575,3.0,32.707139490734825,65.17544347439248,43.57170661180003,5.5839774601938865,14.155035311127177,43459.0,0.4613,23657.0,56.28731334989976,11.882798925920074,56.745335033605,57.92003321304251,18.43624289243317,97.7724906588318,28.49803175072539,0.8431003097754927,17.333319444733792,16.77777777777778,26.993187641924127,24.21477330333396,32.679527509843545,21.9443344930314,7.536995757032839,16.877777777777776,13.788629963419899,-3.0891478143578777,"St. Lucie County, FL",Florida
3023,2832,1.9909138641722421,1.9057790893495345,train,51037,12313,49.77665881588565,50.22334118411435,67.00235523430521,31.478924713717213,100.0,54.34373824746145,45.65626175253855,0.0,14.645719105862506,82.44411640657951,2.910164487557992,31.12029113799548,42.69696075538507,26.18274810661945,59.55082465785472,26.44753772371037,14.001637618434904,21.329708353929806,45.27885146327996,22.861204445593177,21.39630390143737,6.0,30.45511221945137,65.91149692991742,44.80203260639424,8.850307008257463,19.944950243489302,35079.0,0.4453,18719.0,57.3080967402734,4.825688073394495,60.585173723449145,49.60433152852978,16.79561119707413,98.95876718034151,25.812350541567024,0.12494793835901707,0.7390562819783968,7.222222222222222,28.77446601153252,22.33411841143507,35.93762689840007,19.913912125395925,1.518720051977585,7.322222222222222,6.724644686356257,-0.5975775358659652,"Charlotte County, VA",Virginia
3024,124,2.376454941560501,2.4539420038598845,train,5031,101409,48.67615300417122,51.323846995828774,81.33203167371731,13.66742596810934,98.09105431309904,55.379392971246006,42.71166134185304,1.9089456869009584,13.731474607495393,80.05581676702687,6.212708625477742,29.97769831678357,45.53281088421814,24.48949079899829,45.310748536555,29.27045709303773,25.418794370407273,20.21512212128048,41.999536876230174,20.582453705997985,15.798382921097698,4.0,22.73859791759553,77.99039355438487,30.00206590228282,7.708397892779671,16.183762008057016,42475.0,0.4733,23091.0,64.45152722443561,7.174647655155362,63.04395986960789,68.08194283826202,18.25806247428553,98.38922848174458,22.030572522707853,0.1156451346439782,4.686960723407194,10.666666666666666,31.985326746146796,33.25345876598724,29.447090494926485,12.51072390024554,5.0005423581733375,10.766666666666664,11.634118183092149,0.8674515164254846,"Craighead County, AR",Arkansas
3025,551,1.7711787615280343,1.8364577564658269,train,16013,21309,50.85175278051528,49.14824721948472,89.80243089774271,0.08916420291895444,99.57797427652731,66.86093247588424,32.71704180064309,0.4220257234726689,17.210292368371626,79.40274212733989,3.386965504288487,22.023600887954196,55.35109241733848,22.625306694707326,27.70144076840981,29.43569903948773,42.86286019210245,10.438138265330132,25.55021502656211,8.011672635628067,6.756566273551661,5.0,25.196174595389905,84.08785298072613,26.06454504706409,0.8852532496638279,5.995069475571492,60088.0,0.4642,34208.0,74.38904580621394,3.8382170862567073,76.06589886354969,47.46456692913385,4.141560521699336,94.70866141732284,21.63831896880482,0.8503937007874015,20.47022384907785,5.777777777777778,29.715143835937862,22.760336008259426,38.791121122530384,14.99835750152518,10.108404899338305,5.877777777777778,6.274273845355293,0.3964960675775151,"Blaine County, ID",Idaho
3026,1019,3.095577608523707,3.0707617114330805,train,21065,14476,49.171041724233206,50.828958275766794,97.90688035368885,0.13815971262779772,99.22045525413161,63.64203305269722,35.57842220143437,0.7795447458684128,13.74573532052433,82.40258574250316,3.851678936972527,21.662148424262966,49.94069806845138,28.397153507285662,74.32908912830558,17.855044074436826,7.81586679725759,29.28785659482457,64.81195260175167,35.878980114676104,27.02439024390244,6.0,22.388854379270573,62.4695652173913,41.30434782608695,15.234782608695653,32.608695652173914,29770.0,0.4426,16446.0,48.909629363726104,11.926605504587155,52.22146274777854,53.86892177589851,34.25609478241057,97.42071881606763,19.7425381635908,0.9725158562367864,0.06217187068250898,22.0,27.790826195081515,23.66675877314175,37.28930643824262,16.890024868748277,1.9549599336833383,22.099999999999998,21.55831763949967,-0.541682360500328,"Estill County, KY",Kentucky
3027,1976,1.513905485712537,2.0132869446345616,train,37185,20468,50.400625366425636,49.59937463357437,39.27105726011335,50.8843072112566,99.74574116450546,47.495550470378845,52.250190694126616,0.25425883549453343,17.09335402120507,79.36384794414275,3.542798034652185,33.207349691824625,39.29526689149901,27.49738341667636,56.95584345112936,27.619887404191818,15.424269144678831,24.14201183431953,54.9800796812749,27.074307201831108,23.940982932346287,6.0,30.895196506550217,61.51976461558143,46.87220161187157,7.829090443904311,21.248560828962518,34254.0,0.4746,19354.0,49.793681495809146,10.138547196685225,54.97418846793245,58.98064199950993,24.315338174818443,96.88801764273462,25.58404059847756,0.6861063464837049,3.771741254641391,4.4444444444444455,24.78503029118624,23.846980652726213,35.958569474301356,20.920461207738914,9.844635528630056,4.544444444444445,7.487889219298496,2.9434447748540506,"Warren County, NC",North Carolina
3028,307,2.589433484697249,2.489494305497762,train,9011,273185,49.991763823050306,50.00823617694968,81.46860186320626,5.617072679685927,99.15175707463112,65.65507163732268,33.49668543730843,0.8482429253688787,14.962860749831188,81.04234559564702,3.9947936545217897,31.887250375920008,46.185401113250855,21.927348510829134,39.906814210832856,27.945147455922065,32.14803833324509,9.873052001548054,17.416027226414695,9.327833954230973,12.79459217380986,3.0,34.87883837181624,79.01685525142025,30.348842668669892,4.378609324381427,13.309545049063336,66233.0,0.4336,34208.0,69.68292682926828,8.015400770038504,76.47166373116045,72.7888163843879,18.137162289816736,96.51733998093702,8.849789435834303,0.3617078475939096,9.578490766330509,13.222222222222221,27.338616688324766,28.238007211230478,35.571499167231,15.574427585701995,12.91432545710782,13.322222222222221,12.05517834135726,-1.2670438808649607,"New London County, CT",Connecticut
3029,63,2.902031908413565,2.8405064125179535,train,1127,65923,48.56120018809823,51.43879981190176,91.11690912124752,5.76581769640338,99.43885581331688,62.5402039280093,36.8986518853076,0.5611441866830904,13.299994046555932,82.4294020757675,4.270603877676568,23.00400682644505,49.41196111894339,27.58403205461156,58.1618835451885,31.01821517494431,10.819901279867208,22.49583924058436,47.38733189610923,24.614701748329345,25.029515938606853,2.0,28.5215593735983,65.15897195531599,45.15272244355909,8.323568471213187,19.912506835403484,35843.0,0.4594,20166.0,52.91269809903964,11.106546663181089,64.07917866150358,65.90328547520478,20.90795607979008,99.13679203734695,20.872290016049725,0.2290143574385625,2.2647634361300306,18.11111111111111,28.295132199687508,24.65452118380535,35.45803437343567,17.685784930904234,3.1172731823491038,18.211111111111116,17.12443537013894,-1.0866757409721757,"Walker County, AL",Alabama
3030,1301,2.871050496206451,2.700509841183167,train,26153,8288,49.49324324324325,50.50675675675675,86.92084942084942,0.4946911196911197,99.4201030927835,58.76288659793815,40.657216494845365,0.5798969072164949,17.104264683563517,78.8131734709364,4.082561845500076,24.177071509648126,50.66685584562997,25.15607264472191,59.49223803363519,27.280077619663647,13.227684346701164,21.377525874815177,53.18930041152264,22.51802551303383,20.99278640420589,6.0,37.945368171021386,58.057911670078965,44.457443696987426,7.780052646972798,16.96402456858731,34118.0,0.4419,20580.0,49.04179870227857,15.046153846153846,59.578023814497605,69.18478260869566,29.80990181742219,99.18478260869566,16.941717150616252,0.0,0.9049227799227798,17.555555555555557,24.52944015444015,19.32915057915058,38.827220077220076,23.117760617760617,12.58445945945946,17.655555555555555,14.887319959133444,-2.7682355964221106,"Schoolcraft County, MI",Michigan
3031,1054,2.6222502112988773,2.947907449769377,train,21135,13790,50.02900652646846,49.97099347353154,98.22335025380713,0.2610587382160986,99.93700787401579,64.7244094488189,35.21259842519685,0.06299212598425198,12.677940192987485,86.11827648800993,1.2037833190025795,20.70106411517482,53.420370204775104,25.878565680050077,68.52183061546555,20.557601262493428,10.920568122041033,30.818917514292078,74.63641652123326,37.74180813264904,22.262131652250403,6.0,26.62270372114932,64.06104597059371,40.87102177554439,13.176996091568954,28.38265401079472,28630.0,0.4687,16662.0,48.28508646221457,8.310249307479225,51.76230001202935,55.3853296193129,30.93949236136172,98.42154131847721,20.558161915072773,0.7428040854224698,0.6671501087744742,13.666666666666664,29.238578680203037,25.98984771573604,34.807831762146485,16.178390137781,1.515591007976795,13.766666666666666,19.06601536144408,5.299348694777414,"Lewis County, KY",Kentucky
3032,2309,2.48398029492787,2.3108006422674734,train,44009,126405,48.483841620189075,51.51615837981093,93.4148174518413,1.4675052410901468,99.47101324617235,73.63237570961637,25.838637536556,0.5289867538276277,13.497307373653689,80.8285004142502,5.674192212096107,31.86083602240273,49.56047624346278,18.578687734134487,29.76383694399361,26.099075576882363,44.137087479124034,9.914877714570444,13.612282939272045,10.402996934952887,10.56699797386768,2.0,26.025623551860434,78.58324590428538,33.05826809781293,3.50859494794609,8.255992252441287,72807.0,0.4343,36851.0,66.93960402835934,6.132165301847267,84.27928150823891,71.98334988884159,10.87634222376169,96.78350125348848,7.953139690237022,0.2317771155574476,2.84482417625885,11.888888888888893,27.661089355642577,27.494956686839924,36.750919662988025,17.230331078675682,5.117677307068549,11.988888888888894,10.082493895069144,-1.9063949938197506,"Washington County, RI",Rhode Island
3033,370,2.6302888397953126,2.3923860822444922,train,12113,161021,51.04241061724868,48.95758938275132,85.85898733705541,5.729687432074077,98.65890964711024,74.07407407407408,24.58483557303617,1.3410903528897629,10.165755153554901,85.8132099284813,4.02103491796382,25.493596992573124,52.736941838075744,21.769461169351143,37.57394302304482,35.822899655234984,26.603157321720193,12.299423837513144,20.489768534048977,12.208107955295048,14.801422682716773,3.0,54.8934160708516,78.14812289016947,31.813687046066764,3.520646503222287,12.733999386231115,58923.0,0.4301,27892.0,62.53225275771902,7.4133562260284425,72.22595902330696,71.82446979066465,14.50199118114944,97.83335623654436,18.378655392203967,0.1053547707388576,5.025431465461027,13.777777777777779,29.125393582203564,27.869656752845906,35.49350705808559,13.834841418200108,8.411325230870508,13.877777777777778,10.939565529269693,-2.9382122485080853,"Santa Rosa County, FL",Florida
3034,218,1.8786165133213217,1.9785365886675266,train,6069,57557,49.99044425526,50.00955574474,84.53185537814689,0.7800962524106537,98.80657652510632,69.89144924776232,28.915127277344,1.1934234748936707,6.5269244669316935,89.03746536561859,4.435610167449705,32.05987138407762,48.17047211454435,19.76965650137803,46.4011277572005,34.601138813643644,18.99773342915584,10.84076210452718,17.379477104427988,10.329856515063273,8.554752156111157,2.0,17.965793129880712,84.03884172578206,28.49168507966043,4.331899058030003,10.972206070473314,71077.0,0.4061,27239.0,70.6782266199145,11.821672499915055,67.42625077556545,60.242718446601934,16.771955553048674,94.98381877022652,18.10592814033505,1.2135922330097086,57.86785273728652,6.4444444444444455,35.18946435707211,28.78711538127422,32.92735896589468,10.881387146654621,14.688048369442466,6.544444444444445,7.232151624647017,0.6877071802025716,"San Benito County, CA",California
3035,1539,2.3234764520254214,2.4344584449174915,train,29125,9057,50.23738544772,49.762614552280006,96.41161532516287,0.4195649773655736,97.38271604938272,69.03703703703704,28.34567901234568,2.617283950617284,14.762110104930287,81.9318671841311,3.3060227109386227,20.551276854479124,53.290095932982034,26.158627212538853,59.548447789275635,25.44684854186265,15.004703668861715,19.23334823424229,43.66401158580739,19.124187478617856,20.026866674129632,6.0,34.53268348623853,69.2078133478025,42.29517091698317,6.022788931090614,13.619099294628324,39700.0,0.4132,20731.0,56.23914302258253,9.420849420849422,62.22820858187416,61.30917592051431,20.14623821435444,99.18176504967856,20.62728497209929,0.0,0.5520591807441757,10.111111111111107,28.961024621839467,23.120238489566088,35.0336756100254,19.487689080269405,3.168819697471569,10.211111111111105,11.409638092446112,1.1985269813350072,"Maries County, MO",Missouri
3036,1192,2.638263363714082,2.19933843571385,train,24013,167444,49.421896275769825,50.5781037242302,92.69248226272663,3.2530278779771145,99.5038128068526,76.6792019220725,22.82461088478011,0.4961871931473937,10.14173102954057,86.3269368580301,3.5313321124293333,26.54382797710844,55.01575073637434,18.44042128651722,38.5415844103428,28.389179893483554,33.069235696173656,5.6159895550525585,7.41337858860133,5.516686636446664,9.924439339902074,2.0,28.26238660153524,81.74621691887208,29.936337577494825,3.3281114592360512,7.192853809746016,85385.0,0.3984,36936.0,71.21504149785626,4.3402375034520855,86.75251298820659,77.86291680700572,9.507270493309985,96.89289323004377,6.55747220959144,0.2484001347254968,2.9048517713384774,13.888888888888893,30.3122237882516,24.10178925491508,38.19426196220826,14.779269487112106,4.0544898592962415,13.98888888888889,9.019044847362087,-4.9698440415268035,"Carroll County, MD",Maryland
3037,939,1.6507930981160142,1.7541581824487429,train,20115,12290,49.528071602929224,50.471928397070776,95.76891781936534,0.8136696501220505,99.2449981124953,79.87919969799925,19.365798414496037,0.7550018875047187,15.606350636189616,81.69125098524941,2.7023983785609733,23.2894345974849,55.55005446083771,21.160510941677394,47.75625885687293,29.65281058101086,22.590930562116203,11.39715507461384,16.43835616438356,11.879944744443051,15.893873451623705,6.0,26.05985037406484,73.31530782029951,39.93344425956739,4.201331114808652,7.341930116472546,45927.0,0.4247,23642.0,64.29263044647661,4.601740294511379,78.88937858087262,67.12218649517685,11.400029381519024,98.03054662379421,12.898486851770235,0.3617363344051447,2.9129373474369404,5.111111111111111,28.641171684296175,22.67697314890155,33.64524003254678,22.09113100081367,3.4174125305126117,5.21111111111111,5.778581182805664,0.5674700716945535,"Marion County, KS",Kansas
3038,2601,1.5846897427449065,2.0703391666887354,train,48171,25398,48.7636821796992,51.236317820300805,94.77124183006536,0.3386093393180565,100.0,76.37969094922737,23.62030905077263,0.0,15.46144626448262,81.91170595285658,2.626847782660807,19.271004362715203,56.743444199465216,23.985551437819577,39.860102520290475,26.778086287911147,33.361811191798374,11.158643850951544,23.219584569732927,10.188700005501458,16.056788642271545,5.0,36.50039200313602,66.25697267656236,46.26075446724024,2.391982603762882,6.996312754089061,54859.0,0.4546,30859.0,58.53561082808911,6.697952218430034,65.28489599035275,68.62599940775837,8.901115465782333,97.36452472608823,28.610189930660233,0.4441812259401836,21.363886920229934,4.777777777777779,25.06496574533428,18.89125127962832,33.57744704307426,27.911646586345377,4.8901488306165835,4.877777777777779,7.92751140972894,3.0497336319511605,"Gillespie County, TX",Texas
3039,1992,1.410986973710262,1.6740006479637863,train,38017,162500,50.403076923076924,49.596923076923076,90.12553846153843,3.179076923076924,99.16030105594248,71.7142215232532,27.446079532689282,0.8396989440575151,18.605090002133146,71.93853272730256,9.456377270564298,38.59351318581388,45.164443770839654,16.24204304334647,25.7003860081977,37.513430697600384,36.78618329420192,12.095051563381446,12.763574696829105,14.048886737657304,9.398901684662015,4.0,22.923296823052805,86.52436896591836,20.59003140630452,2.5692101896010238,9.129638245899732,53289.0,0.4628,31795.0,76.82382607727247,3.1560636182902586,83.31641471645312,78.03104375458321,9.341820077368377,96.44952334392569,10.666959313012704,0.5744316792960156,2.3415384615384616,4.0,28.90215384615385,39.70399999999999,27.900923076923075,10.435076923076924,6.695384615384616,4.1,5.333462478321523,1.2334624783215231,"Cass County, ND",North Dakota
3040,644,2.25595925165399,2.0603440833887072,train,17111,307357,49.80852884430809,50.19147115569192,91.46334718259224,1.3459917945581197,99.36098568914059,80.7096757735772,18.651309915563377,0.6390143108594168,9.631548621771048,87.531063481661,2.8373878965679533,26.861090736240826,56.75245966800117,16.38644959575802,34.113774992363105,33.41364393334713,32.47258107428977,7.869347293019175,12.143785188393245,7.365280187042763,8.344495481780108,2.0,20.56445268108467,84.76952443579837,25.038587646473225,2.623959960179376,6.9832223653085626,77222.0,0.4003,33735.0,73.6618536593937,7.581296328322072,81.92221104067892,67.78227078493792,9.10632956042702,96.40655023086408,11.198373258359355,0.5735753821445984,12.104816223479535,9.444444444444443,33.082701874367594,25.386439872851433,37.4915814508861,11.59888989025791,7.190661022849651,9.54444444444444,7.848669942707189,-1.6957745017372519,"McHenry County, IL",Illinois
3041,74,2.2902875651836396,2.3901818963928605,train,2090,99705,53.63522391053608,46.36477608946392,76.64911488892233,4.352840880597764,99.3103448275862,69.30014282799428,30.010201999591928,0.6896551724137931,13.746206586489828,78.7526694391368,7.501123974373383,34.56998742170328,46.44567827512166,18.984334303175064,29.023494739615067,39.233086915718594,31.743418344666342,8.087721311646444,10.961794248497913,8.088213111292122,10.793391625668681,4.0,49.09209383145091,87.41779551458603,17.551008937103028,3.7097408802203367,9.701534483727727,71068.0,0.4026,33244.0,72.94608472400513,7.903051633803942,76.88692376975355,70.25510885534925,11.70883484811267,97.0081474555897,16.629820682878893,0.0,7.377764404994734,9.777777777777779,31.281279775337246,38.991023519382175,28.790933253096643,7.544255553883957,18.998044230479923,9.877777777777778,10.91547924877822,1.0377014710004424,"Fairbanks North Star Borough, AK",Alaska
3042,1075,2.6998686753609076,2.7425991674284296,train,21177,31309,50.723434156312884,49.276565843687116,92.58999009869366,5.26685617554058,99.36488734311204,64.99319522153334,34.371692121578704,0.6351126568879479,12.481832948619303,84.86364024963666,2.654526801744037,23.2481610530391,52.737127371273715,24.01471157568719,64.50383432061349,25.095284015245447,10.400881664141066,19.921641543263167,42.200831327937,20.82672532869494,20.64194432519896,6.0,24.88843813387424,65.42161365802929,43.955282086835936,9.030245255221422,18.762457751971574,38961.0,0.4299,19609.0,53.88228324800068,10.106800691063297,62.88862223191885,63.67239101717304,21.533762408639685,98.90545385921871,18.441147594632927,0.07548594074353651,0.4918713468970584,14.777777777777779,27.857804465169764,26.5642467022262,34.73442141237344,17.461432814845573,2.1431537257657545,14.87777777777778,15.527290721409887,0.6495129436321072,"Muhlenberg County, KY",Kentucky
3043,444,2.4267673628924595,2.3937411099044192,train,13129,55889,49.63051763316574,50.36948236683426,90.25568537637102,4.525040705684481,98.94692795871401,70.28384127205524,28.663086686658765,1.053072041286003,10.40541531243127,83.83226216368124,5.762322523887491,24.533907915627125,51.48332955318666,23.982762531186207,59.667735833538934,26.64692820133235,13.685335965128713,20.358845579939587,42.84841075794621,20.565537555228282,17.181571815718158,5.0,23.98726851851852,76.98961052254467,33.67111929986181,6.719893546240853,18.04084139413481,41612.0,0.4381,19707.0,62.112149989014476,8.312698974177573,60.198375323757936,58.766280234721634,14.295384977631269,98.23958780592527,28.299387803155174,0.25762129669386,14.827604716491619,11.222222222222221,33.16394997226645,28.40272683354506,33.04228023403532,12.786058079407393,5.2192739179444985,11.32222222222222,10.954398990755097,-0.36782323146712237,"Gordon County, GA",Georgia
3044,2844,1.62924053973028,2.0483130747398395,train,51065,26014,45.83685707695856,54.16314292304144,80.39517183055278,14.407626662566312,99.74910394265233,75.77060931899642,23.978494623655912,0.25089605734767023,11.372057825791972,86.79087730285475,1.8370648713532696,22.32736812517568,56.83968893469503,20.8329429401293,39.762498644398654,28.727903698080468,31.50959765752088,6.552464261126636,6.370284834488068,7.198389171653896,13.549170376365845,4.0,33.4444553387587,75.654635527247,34.64765948842382,3.9935294712364775,6.096451319381256,63938.0,0.3876,28669.0,65.8128593831678,4.670373312152502,80.52010101699544,76.42330877427996,7.221350078492937,97.41013619111408,14.005869906491025,0.0,3.2021219343430465,5.0,26.96624894287692,25.76305066502653,35.384792803874824,17.402168063350505,5.197201506880909,5.1,7.75480828412322,2.65480828412322,"Fluvanna County, VA",Virginia
3045,1072,2.7856968781925207,2.6854974452694593,train,21171,10765,49.64235949837435,50.35764050162563,95.58755225267069,2.5638643752902928,99.63205233033524,69.78740801308258,29.84464431725265,0.3679476696647588,15.269790774501407,81.7202985439863,3.0099106815122965,19.831415878801685,54.40255154345597,25.766032577742337,67.07626552691332,18.80593027915053,14.117804193936156,27.65797156041059,75.73794096472281,29.95391705069124,23.59603586597452,6.0,25.00603136308806,62.77290119288769,40.69322529822193,13.436866981769075,20.774251631780327,31045.0,0.457,17635.0,53.09853969812247,9.521608504737694,60.46548448385054,61.3202400436443,29.322355921469285,97.2722313147845,15.642811906269786,1.3638843426077467,2.9725963771481654,16.11111111111111,28.759869948908488,24.105898745935907,35.206688341848576,17.965629354389225,1.848583372039015,16.211111111111112,14.665494847097985,-1.5456162640131268,"Monroe County, KY",Kentucky
3046,60,1.9600947840472698,2.3044950078711226,train,1121,81437,48.49638370765131,51.50361629234869,64.66471014403771,31.95476257720692,98.1886707543455,53.6760983293019,44.5125724250436,1.8113292456544976,14.44168734491315,83.11166253101737,2.4466501240694787,28.401636877896127,44.18065836191853,27.41770476018535,57.000035641729355,29.86064083829348,13.139323519977193,23.048575354074913,59.04656727406589,23.50855023133522,19.122543910932613,5.0,27.76302058628214,68.44768329938901,38.38467413441955,9.836430753564157,21.69679226069246,35155.0,0.4615,19598.0,57.909692679160976,13.623213070115723,63.65582103681752,66.85109845402765,22.611183140910875,98.20179007323028,19.750571093412358,0.1790073230268511,2.1710033522845884,7.0,28.536169063202234,26.519886538060092,35.548951950587565,15.608384395299435,3.3805272787553573,7.1000000000000005,10.01911739926207,2.9191173992620696,"Talladega County, AL",Alabama
3047,2384,0.5690945318899665,0.685170226658878,train,46059,3375,50.607407407407415,49.39259259259259,98.8148148148148,0.0,100.0,79.65616045845272,20.343839541547283,0.0,20.367534456355287,77.45022970903524,2.1822358346094948,22.190201729106636,57.70893371757925,20.10086455331412,44.76151651039543,32.6946596004892,22.543823889115373,8.170033162496233,12.459546925566347,7.990115321252059,13.8855421686747,6.0,26.671647366454987,76.49006622516556,38.211920529801326,3.245033112582781,4.701986754966887,47163.0,0.442,29723.0,66.47597254004577,1.7211703958691909,84.10485220301172,63.691194209891435,7.919687674288903,97.1049457177322,12.102621305075292,0.0,1.3925925925925926,1.6666666666666667,25.74814814814815,20.059259259259264,33.06666666666667,26.192592592592593,1.1851851851851851,1.7666666666666668,1.9841095551323233,0.21744288846565651,"Hand County, SD",South Dakota
3048,1056,2.806050362353744,2.413871587223536,train,21139,9394,49.35064935064935,50.649350649350644,97.69001490312964,0.1916116670215031,97.98136645962731,71.37681159420289,26.60455486542443,2.018633540372671,12.202702702702705,84.17567567567569,3.6216216216216215,18.702827171549192,59.434565690162465,21.862607138288347,63.92191398796419,25.715543813298112,10.362542198737707,14.689387402933562,19.159770846594526,16.737655781669034,20.617231033004714,5.0,18.533905119270973,69.26293779404078,42.969158389963404,9.304756926293779,15.708311552535285,42171.0,0.4505,23079.0,54.54054054054054,6.788899900891972,70.15297047314122,62.87964004499438,22.589825684809675,98.59392575928007,13.891853432942016,0.0,1.4903129657228018,16.444444444444443,26.54886097509048,22.716627634660426,37.183308494783894,19.533744943581013,2.11837342984884,16.544444444444444,11.177150799090102,-5.3672936453543425,"Livingston County, KY",Kentucky
3049,1835,1.8263398028248343,2.3432709860213015,train,36027,296928,49.73023763336567,50.26976236663434,78.50286938247656,10.137811186550275,99.45013210039629,73.43130779392338,26.018824306472922,0.5498678996036988,13.086637217260472,82.7110884812455,4.20227430149403,34.27377094116319,46.23421854592947,19.492010512907328,37.031777994369705,29.55012096714345,33.41810103848685,9.346803506521274,13.315468664490194,9.519860973187685,13.115235725148626,2.0,21.470241077418205,79.26871528785905,32.580007679988015,4.703524365230258,10.607749295220614,71904.0,0.434,33923.0,67.93841009458201,8.241584796263487,78.10017586980256,70.96319277957976,14.801568306863224,96.9538852065999,10.770008551467464,0.7803318760870587,11.29162625282897,6.1111111111111125,28.461781980816898,27.86365718288609,36.545896648345725,14.95379351223192,11.359319430973166,6.211111111111112,10.415249039254048,4.204137928142936,"Dutchess County, NY",New York
3050,1555,2.1709566505156093,2.000686801684661,train,29157,19100,49.72774869109947,50.27225130890053,97.31413612565443,0.7905759162303665,99.2359932088285,71.60441426146011,27.631578947368425,0.7640067911714771,12.667946257197695,85.3629060922727,1.9691476505296082,23.29306722689076,57.98975840336135,18.71717436974789,58.105377681069314,25.96363071184333,15.93099160708735,9.570447649970724,16.089663760896638,8.879297055649761,15.377253150422714,6.0,32.15705418787921,77.09263015551048,33.96889790398918,4.651791751183231,9.546991210277216,51499.0,0.3861,23695.0,67.24407212835439,4.117398648648647,80.28043225864072,65.24749048113534,11.672769491828168,98.16545517480095,10.761811199428418,0.4499826929733472,2.099476439790576,8.666666666666666,31.29319371727749,25.617801047120423,33.47643979057591,16.18848167539267,1.8952879581151831,8.766666666666667,7.39413265820263,-1.3725340084640374,"Perry County, MO",Missouri
3051,2912,2.158201375540483,2.0464532739385914,train,51550,230601,48.846709251044,51.153290748956,62.28203693826132,29.740547525812982,99.60413807663888,67.09771631654877,32.506421760090085,0.3958619233611316,10.126317175186543,86.34745301252401,3.526229812289446,29.454539530135012,49.88432588602027,20.661134583844728,35.384756971378216,34.99099407054864,29.624248958073125,9.719731493200124,17.12261897343221,8.775661540863322,9.634814614740176,2.0,46.93386222840859,84.52734365416227,25.551411958095144,3.6053386982016233,9.453126916754579,68620.0,0.3983,29703.0,69.91103874798026,6.966385661660527,80.81197934696944,71.4679397609067,11.24941996214102,96.63095792578792,12.575220782664411,0.5899705014749262,5.05678639728362,8.555555555555555,31.879740330701075,29.361971543922184,34.44607785742473,11.492578089427193,7.97741553592569,8.655555555555555,7.7403992885468655,-0.9151562670086895,"Chesapeake city, VA",Virginia
3052,202,2.3555991282796627,2.40980584130381,train,6037,10038388,49.26439384490815,50.73560615509183,53.258710462277406,8.276139555474444,99.5260839539274,63.87337073813514,35.652713215792254,0.4739160460726038,11.092652509064655,81.24647110089197,7.660876390043379,41.588710493844545,38.37761199666251,20.033677509492946,43.39518250988176,26.33454348255434,30.27027400756391,18.210001827812754,34.75513502450179,18.93842442601961,9.705846948929477,1.0,11.856356784437553,82.23555799770094,23.74657109610615,6.92262406954925,10.080663326457394,56196.0,0.5013,28337.0,66.9735596289889,9.798179726092414,59.468112664952095,41.683343446993646,17.131624647619596,93.50591111168494,25.28037483273825,2.250827383488481,48.23801391219387,10.444444444444443,30.09267025741583,32.933385320431924,32.08158521069319,11.852092188506761,38.46514998224815,10.544444444444443,11.131799599534173,0.58735515508973,"Los Angeles County, CA",California
3053,1339,1.6072132174119893,1.1881729014481242,train,27063,10211,50.47497796493978,49.525022035060225,95.34815395162079,0.19586720203701888,99.47460595446584,76.26970227670753,23.20490367775832,0.5253940455341506,16.69018601667736,81.89865298268121,1.4111610006414368,23.561907049357508,57.69184580281014,18.74624714783236,43.53105373342637,37.65526866713189,18.813677599441725,10.7799304520616,19.978802331743516,9.981672071055973,9.920713577799804,6.0,33.24917950012623,80.3399173174093,32.452916858061556,3.881488286632981,8.429030776297658,50574.0,0.4179,27494.0,69.7474682732983,3.1611836059547884,81.45423438836613,77.96523517382413,13.532934131736527,97.80163599182005,8.34901625320787,0.0,3.2318088336108115,4.888888888888889,28.58681813730291,23.474684164136715,34.080893154441284,20.027421408285186,4.4559788463421794,4.988888888888889,3.281080869342921,-1.707808019545968,"Jackson County, MN",Minnesota
3054,1070,2.7788192719904172,2.4152852704686403,train,21167,21342,49.372130072158185,50.627869927841815,92.84977977696562,3.7672195670508857,98.79717959352966,69.32807963500622,29.46909995852344,1.2028204064703445,13.819448688955445,84.04742986370026,2.133121447344294,21.246621815881774,54.637456155482724,24.115922028635502,54.23298114216932,27.00280861308012,18.764210244750565,18.27214231642695,37.965905807570074,18.44639108086585,19.18228601104764,6.0,25.48473097430926,70.8748866727108,36.70670897552131,7.241613780598367,16.013145965548507,42083.0,0.4427,22658.0,62.45719178082192,11.181827083129344,69.49828071272273,71.62542182227222,19.302907158487027,97.49718785151856,15.075023444826508,0.9561304836895388,2.4318245712679225,16.0,28.872645487770594,23.849686065036074,36.257145534626545,17.26642301564989,3.383000655983506,16.099999999999998,11.192962923937385,-4.907037076062613,"Mercer County, KY",Kentucky
3055,255,2.5203810379816605,2.5195783882241543,train,8029,30214,50.13569868272987,49.86430131727013,94.89640563976965,0.9598199510160852,98.33913318570072,72.06580196140463,26.273331224296108,1.6608668142992726,14.735317355807213,81.10789219559301,4.1567904485997715,20.184627734296612,52.77142283764801,27.04394942805539,48.62157691600809,31.377504135269252,20.000918948722664,16.25366189901775,31.32375026818279,16.580099806497607,18.75278091522059,6.0,41.039276442509006,67.52363576049096,43.158069331564114,5.4486647868634925,13.294078620003312,42452.0,0.4732,24417.0,55.241548003843796,11.504704673044989,54.56508328192474,56.32854578096948,21.937075879086986,97.99521244763616,27.45835903763109,0.2244165170556553,14.721652214205337,12.333333333333336,26.94115310783081,22.247964519759048,34.29205004302641,22.502813265373668,4.143774409214271,12.433333333333337,12.423357725343573,-0.009975607989764157,"Delta County, CO",Colorado
3056,1643,0.842524581634546,1.1410002455705677,train,30103,812,53.20197044334977,46.798029556650235,89.7783251231527,0.0,100.0,82.87671232876713,17.123287671232873,0.0,16.216216216216218,80.48048048048048,3.303303303303303,19.662921348314608,59.8314606741573,20.50561797752809,45.31516183986371,35.77512776831346,18.90971039182283,21.92118226600985,46.0,24.719101123595504,14.778325123152714,6.0,31.981981981981978,77.05382436260622,37.39376770538244,1.9830028328611893,5.6657223796034,41103.0,0.3545,20758.0,56.15615615615616,0.267379679144385,71.6,59.63855421686747,18.0,100.0,13.8,0.0,6.896551724137932,2.2222222222222223,28.694581280788174,22.290640394088673,39.285714285714285,20.443349753694577,10.221674876847294,2.3222222222222224,3.129897466067386,0.8076752438451638,"Treasure County, MT",Montana
3057,713,2.0208114572284313,2.1574737993642463,train,18045,16888,50.100663192799615,49.89933680720039,97.76764566556135,0.4441023211747987,96.30674531931265,71.45421903052066,24.852526288792,3.6932546806873567,14.523177774309346,82.39425628219136,3.0825659434992976,21.816200508536138,54.39157282964039,23.792226661823467,56.49450926561428,29.873026767330128,13.632463967055594,12.047172664045966,16.113892365456824,13.016656384947565,16.709542327250972,6.0,26.923965796163625,75.21219968349878,38.31103438354194,5.135951661631419,11.494748956984608,46760.0,0.4172,24619.0,63.194444444444436,8.494875910606247,75.35196898592123,66.75514266755143,13.721689451132422,99.2700729927007,15.354009385839625,0.0,2.362624348649929,7.444444444444445,30.175272382756987,24.28943628612032,34.1189009947892,18.504263382283284,1.788252013263856,7.544444444444446,8.649260269968856,1.10481582552441,"Fountain County, IN",Indiana
3058,598,2.1709566505156093,2.056273669961426,train,17019,205766,49.888708532993796,50.111291467006204,73.38384378371549,12.58808549517413,99.10640920295806,62.494864420706655,36.61154478225144,0.8935907970419062,18.002174287721907,65.11859148580747,16.879234226470626,46.36921902647192,37.14221281615377,16.48856815737432,28.471455505919533,28.12834406264332,43.400200431437156,22.81263011431613,29.67300792092613,29.525023308328556,8.645130277821378,4.0,18.45745768624668,81.07668435278806,19.696666332966267,3.9568525377915695,9.743217539293225,46495.0,0.4984,26078.0,65.2823456595347,6.3996505056513975,81.17662632638701,77.38022474023226,10.627120651575641,93.22017960411868,10.35539856056964,0.926230664347172,5.541731870182635,8.666666666666666,29.121915185210387,44.117103894715356,26.006726086914266,10.727233848157617,14.028070721110387,8.766666666666667,7.816787542480743,-0.9498791241859248,"Champaign County, IL",Illinois
3059,2172,2.345005808877998,2.557811606973174,train,40095,16014,49.82515299113275,50.17484700886725,71.74347445984762,1.4737105033096038,98.35106382978724,67.34042553191489,31.010638297872337,1.6489361702127658,14.383447355247785,79.48439846487568,6.132154179876523,19.655655967591148,49.92988469928326,30.41445933312557,55.393453086532325,31.193580742226683,13.412966171240996,16.84069782248822,29.329608938547487,17.701284691575953,30.819921429476622,6.0,30.60221220811143,65.39815590947192,43.788767812238056,10.159262363788768,16.78122380553227,40475.0,0.4382,20339.0,53.457026374906405,7.003891050583657,53.220147142048674,65.45226130653266,21.550650820599884,98.9321608040201,30.22071307300509,0.157035175879397,15.711252653927813,10.333333333333334,29.599100786811547,23.19845135506432,32.41538653678032,20.60072436617959,26.782815036842766,10.433333333333334,12.907539615779244,2.474206282445911,"Marshall County, OK",Oklahoma
3060,3033,2.0354316006833932,2.46912053293076,train,54097,24560,49.76791530944625,50.23208469055375,97.41449511400651,1.0993485342019544,100.0,65.18122400475342,34.818775995246575,0.0,13.319851333624834,82.482509838216,4.19763882815916,28.395790301957305,49.960657027638426,21.643552670404247,64.30200456127716,19.391429600288077,16.30656583843476,18.0833153464278,37.53533069530808,18.532193289286173,16.56763512682867,6.0,31.73195242001641,67.83239854833388,41.8343780930386,5.872649290663147,13.394919168591224,40330.0,0.431,20230.0,54.25279040926002,7.9436136774930945,63.125414731254146,56.492293320878105,21.021897810218977,99.32274638019615,19.953550099535498,0.0,1.1156351791530943,7.555555555555554,27.447068403908798,27.16612377850163,34.2385993485342,18.008957654723126,1.4861563517915308,7.655555555555553,11.812053969731075,4.1564984141755215,"Upshur County, WV",West Virginia
3061,2031,0.9339123332239747,1.0337221086891264,train,38095,2294,49.215344376634704,50.784655623365296,89.97384481255449,0.0,100.0,79.54144620811287,20.458553791887127,0.0,19.65660153937241,79.21847246891652,1.1249259917110717,16.730663741086122,63.4668129456939,19.802523313219965,41.297756215888406,40.99454214675561,17.707701637355974,14.01330376940133,34.36754176610978,11.31578947368421,9.34041611332448,6.0,28.662420382165603,74.975074775673,39.48155533399801,1.8943170488534395,10.16949152542373,56625.0,0.4369,33277.0,62.82505910165485,2.634054562558796,84.77891156462584,79.06976744186046,8.928571428571429,97.48062015503876,9.098639455782317,0.1937984496124031,1.5693112467306016,2.4444444444444446,29.947689625108982,16.346992153443765,35.135135135135144,23.801220575414124,10.026155187445509,2.5444444444444447,2.811511133390562,0.2670666889461173,"Towner County, ND",North Dakota
3062,1338,2.1054882506179364,2.1675145696331244,train,27061,45354,50.59972659522865,49.400273404771355,93.05904661110377,0.4894827358116153,98.94836470711958,71.84772320959092,27.10064149752866,1.0516352928804291,14.515896578560515,82.96774565474303,2.5163577666964514,22.442385237802768,57.192832536651814,20.364782225545444,39.00473642123393,39.109306760164856,21.88595681860122,13.569334836527624,26.31082356112684,13.153042409342348,15.837520186614034,6.0,37.304523289053314,69.8549960453467,41.29712628526232,5.051410493013448,12.238333772739255,47761.0,0.4135,25219.0,59.76447777365915,6.8320610687022905,70.57387057387058,77.96457181541238,22.153540903540907,98.39783369062391,11.977258852258851,0.1241114746699763,1.2237068395290382,8.11111111111111,27.30299422322177,21.918684129294,36.30771266040481,20.44803104467081,6.451470653084624,8.211111111111109,8.736542964781332,0.5254318536702236,"Itasca County, MN",Minnesota
3063,2071,1.86149280724273,1.9449103378620165,train,39069,28015,49.3128681063716,50.6871318936284,94.25664822416564,0.5854006782081028,99.11452184179457,65.93860684769776,33.17591499409681,0.885478158205431,13.098611844949328,83.75042028915894,3.150967865891733,25.05125233978073,54.93359479454497,20.015152865674306,53.652644293892116,30.26626752796597,16.081088178141904,11.426909936759467,20.831055221432475,10.596833130328868,13.904458829060138,6.0,28.58219855816803,75.78937762365396,31.62985946340573,4.2799780981931015,10.79576565066618,53835.0,0.3858,25205.0,67.36600086219285,6.612627986348122,77.93166564978645,77.66882103855582,14.612568639414278,97.74905281925562,10.689444783404516,0.15600624024961,7.139032661074425,6.333333333333332,30.694270926289487,24.768873817597715,33.9853649830448,17.026592896662507,5.157951097626271,6.433333333333332,6.993004819159686,0.5596714858263541,"Henry County, OH",Ohio
3064,2061,2.538096293116917,2.57585996245405,train,39049,1215761,48.7166474331715,51.2833525668285,68.83852994132893,21.34745233643784,99.07879917126688,59.81895796543239,39.259841205834505,0.9212008287331228,17.41149750589425,73.75632952803845,8.832172966067297,38.763561166067376,39.93415536247987,21.30228347145275,35.1522328445608,27.28085833959509,37.56690881584411,17.542772829079553,33.02444554798692,18.001756714604355,11.54838084719367,1.0,21.86828845757631,81.82914505994437,21.52611727719952,5.051502663500685,15.459739762883984,52341.0,0.4714,29244.0,71.10833558889806,6.737047109341919,72.46811165135237,63.169616034735526,14.637450038862154,95.15977857709343,15.365518074046873,1.3033830279822798,5.01274510368403,12.555555555555555,30.214573423559397,34.87140975899046,30.844384710481748,10.585057424937961,9.814017722233237,12.655555555555553,13.142614455147791,0.48705889959223825,"Franklin County, OH",Ohio
3065,2841,1.6072132174119893,1.857681102904701,train,51059,1128722,49.49013131665725,50.50986868334275,62.90432896674292,9.363244448145776,99.66219209640262,81.15216492409475,18.51002717230788,0.3378079035973773,10.372284968056368,82.50115746331164,7.126557568631978,30.602310331571463,52.47966799646815,16.918021671960393,21.018209998147427,19.08409893255334,59.89769106929923,5.9637842275317405,8.225800618070318,5.758867259807728,6.6269332814474025,2.0,28.36425208732585,88.51040511781423,19.2534821781295,2.010933975608824,4.59303436938487,112552.0,0.4203,51025.0,74.47368202873592,4.731642461370128,83.17529004653227,75.81181470187505,4.712588678303202,90.37338610264062,14.310580370455124,3.0615389606176606,16.115660011942712,4.888888888888889,30.387730548354693,29.696949293094317,35.23675448870492,11.055600936280149,27.732426585111302,4.988888888888889,6.408858044674289,1.4199691557853997,"Fairfax County, VA",Virginia
3066,2376,0.43466426280042675,0.5560384743311084,train,46043,2973,49.209552640430545,50.79044735956946,95.62731247897749,0.0,100.0,86.8217054263566,13.178294573643413,0.0,15.090909090909092,83.81818181818181,1.0909090909090908,16.832092638544253,64.2266335814723,18.941273779983455,55.16098484848485,25.52083333333333,19.318181818181817,8.559498956158661,12.605042016806722,8.411214953271028,14.668057003823426,6.0,34.04347826086956,78.39506172839506,35.339506172839506,2.7777777777777777,4.4753086419753085,52500.0,0.43799999999999994,29235.0,68.42105263157895,0.3978779840848806,78.08306709265177,60.719874804381845,6.645367412140575,98.90453834115806,19.04153354632588,0.0,0.8745375042045072,1.4444444444444444,27.88429196098217,18.12983518331652,34.98150016818029,24.251597712748065,4.372687521022536,1.5444444444444445,1.7437508853780745,0.19930644093363004,"Douglas County, SD",South Dakota
3067,924,1.3261904370501851,1.7844964871260804,train,20085,13400,49.753731343283576,50.246268656716424,87.61940298507461,0.6716417910447761,97.93964016250726,71.09692396982008,26.842716192687174,2.060359837492745,12.404521845401776,84.6420205723597,2.9534575822385167,21.40423921271764,59.5003785011355,19.09538228614685,46.59179361725786,34.72700989658624,18.68119648615589,9.101277372262777,12.423832092078538,9.221197644706145,14.828209764918626,4.0,39.9839179817067,79.00018935807613,34.06551789433819,5.28309032380231,7.328157545919334,54077.0,0.3872,25038.0,67.08731935680848,3.959344660194175,80.49547778214708,72.64451524806555,13.10787783457858,97.81520254893036,11.56114825009831,0.0,4.335820895522388,3.6666666666666665,32.42537313432836,23.611940298507466,33.73880597014925,16.932835820895527,11.708955223880595,3.7666666666666666,5.956579977680941,2.1899133110142746,"Jackson County, KS",Kansas
3068,179,2.0208114572284313,2.7546133242940947,train,5141,17002,49.41771556287495,50.58228443712505,95.24761792730268,0.8881308081402188,98.78984651711923,56.16883116883117,42.621015348288076,1.2101534828807556,15.184964200477328,81.06354415274463,3.751491646778043,19.69408613519419,50.74363854232749,29.562275322478328,60.77170418006432,26.953376205787787,12.274919614147912,21.3538865985541,51.48334094020996,22.293109733868032,22.004046173985486,6.0,36.152546109192436,57.08678587003925,49.54208460532054,7.442942288123272,17.124582061346125,32312.0,0.4421,19047.0,45.54330004471604,10.865652102765504,50.87998303647159,58.078273958856,24.067005937234946,97.31560461615656,29.908821034775237,0.5268439538384345,2.9231855075873425,7.444444444444445,25.4911186919186,22.567933184331256,33.27843783084343,24.197153276085164,3.864251264557112,7.544444444444446,15.714963133353564,8.170518688909118,"Van Buren County, AR",Arkansas
3069,1452,2.267533454935127,2.164697967714668,train,28115,30517,50.309663466264716,49.690336533735284,79.5458269161451,15.175148278008981,99.92524296037877,60.65287814602542,39.27236481435335,0.07475703962123101,12.259225922592261,83.66786678667867,4.0729072907290735,29.60040295500336,46.05439892545333,24.34519811954332,57.23382577687214,29.77075904228222,12.995415180845644,16.223281053537153,27.279974489795915,16.75854465270121,17.48612212529738,5.0,18.32797427652733,74.42610510339594,34.262948207171306,6.934168089546577,13.915765509391004,40645.0,0.43,19695.0,63.417596257646636,6.660046811830625,61.815371024734965,59.029126213592214,13.891342756183743,99.15048543689319,27.357553003533567,0.6067961165048543,6.0720254284497175,9.555555555555557,33.879477012812536,27.489595962905923,31.9297440770718,13.979093619949536,5.279024805845921,9.655555555555557,8.71197022316677,-0.9435853323887873,"Pontotoc County, MS",Mississippi
3070,88,1.7326383462202575,2.4044811943231466,train,2240,7029,55.612462654716175,44.38753734528383,79.72684592402902,1.1381419832124058,100.0,74.19525065963059,25.804749340369398,0.0,12.36673773987207,78.03837953091684,9.594882729211088,30.722222222222214,45.37037037037037,23.907407407407412,41.0561797752809,41.03370786516854,17.910112359550567,14.525862068965518,26.760563380281692,13.728129205921938,13.815214223258526,6.0,51.70316301703164,82.42796410014172,26.21634388285309,4.251299008030232,14.454416627302788,62670.0,0.3958,30079.0,66.86942416869425,9.187386294724076,59.190031152647975,57.31225296442688,16.462976276060385,89.45981554677206,31.032830098250656,2.766798418972332,4.780196329492103,5.5555555555555545,35.12590695689288,27.54303599374022,34.2011665955328,10.798122065727698,19.13501209275857,5.655555555555554,11.072684220339038,5.417128664783484,"Southeast Fairbanks Census Area, AK",Alaska
3071,2972,2.589433484697249,2.6206491756962667,train,53053,821952,49.6633623374601,50.3366376625399,74.72966791248152,6.710854161800202,98.87771248878721,67.62097221242328,31.25674027636393,1.122287511212796,13.203294764713835,80.73805763200328,6.0586476032828935,30.10678109494448,47.5973872548646,22.295831650190927,37.88576344149539,37.41909997452549,24.69513658397912,12.700713967145335,20.971544083346288,12.64293793859366,13.51634634386734,2.0,43.69996605354312,79.60512013070432,26.7370695618375,4.9195285685110655,16.132825624370028,59953.0,0.42200000000000004,28824.0,66.17566285514556,8.896098996453633,72.33027187135096,68.73579386192908,16.942476740647024,97.17355186578192,15.92954857857852,0.6645669612369915,9.96384217083236,13.222222222222221,30.625997625165454,31.06385774351787,32.51783559137273,12.23794090165849,18.559477925718287,13.322222222222221,13.744643377943111,0.42242115572089034,"Pierce County, WA",Washington
3072,1230,2.2204104848050292,2.4913704962408048,train,26011,15424,50.65482365145228,49.34517634854772,96.45357883817428,0.4862551867219917,97.86354238456238,68.22880771881461,29.63473466574776,2.1364576154376294,15.256305939788447,82.18877135882832,2.5549227013832385,22.9553264604811,53.440244368079405,23.60442917143948,57.72970132258912,30.612244897959183,11.658053779451695,19.86287823851276,44.04092071611253,21.09597098323693,20.87840052441823,6.0,33.828461907043604,60.229564138358924,46.1765162090895,7.957189390414146,20.939972080037233,38307.0,0.4349,21197.0,50.31976038209341,11.583011583011588,60.990951224895156,77.24096019446976,28.37122048113,98.29838954725008,16.309865371882587,0.4557885141294439,1.8218360995850624,9.111111111111107,24.649896265560173,21.05809128630705,38.23262448132781,21.89445020746888,3.0601659751037347,9.211111111111105,12.077817386309372,2.8667062751982666,"Arenac County, MI",Michigan
3073,1934,2.049841071903545,2.3546981931850697,train,37101,178396,49.13114643826096,50.86885356173904,78.44850781407655,15.026121661920671,99.50122597816292,66.02049584005701,33.48073013810592,0.4987740218370811,10.403197640575886,85.27222631844464,4.324576040979471,25.75883410727311,51.28873610699869,22.95242978572821,46.341023172660385,33.36742762841229,20.29154919892732,15.356268142235123,28.893985311382323,14.647069787256706,13.393049126897006,2.0,29.08701952936305,79.4673123486683,28.67958030669895,5.609362389023406,14.981436642453591,50512.0,0.4128,22858.0,67.51459517293246,8.572478497031499,68.07568363870729,63.37440479112464,13.713286069422706,97.88915615335527,21.30558880397753,0.5596190663197682,13.166775039799097,7.666666666666668,33.39817036256418,27.079643041323795,34.37240745308192,11.762595573891792,6.52537052400278,7.766666666666667,10.534948862485257,2.76828219581859,"Johnston County, NC",North Carolina
3074,399,1.3552622518721622,1.4550710318039406,train,13037,6489,59.978425026968715,40.021574973031285,33.949761134227145,61.288334103868074,96.63716814159292,49.11504424778761,47.52212389380532,3.3628318584070795,22.841726618705035,76.58273381294964,0.5755395683453237,45.07630813953488,24.56395348837209,30.35973837209303,65.8068783068783,24.27248677248677,9.92063492063492,41.62700129813933,107.20887245841035,62.30876216968011,16.028247378557673,6.0,18.33740831295844,65.0871459694989,40.087145969498906,8.877995642701523,27.015250544662308,25513.0,0.6068,14242.0,62.810625535561286,7.7762619372442,53.03629177146964,39.136490250696376,17.139777218828602,96.7966573816156,34.45921667265541,3.203342618384401,4.607797811681307,3.7777777777777777,25.165664971490216,34.53536754507628,35.228848821081826,12.174449067652953,4.761904761904762,3.877777777777778,4.284787811000605,0.4070100332228268,"Calhoun County, GA",Georgia
3075,687,2.1959892467282267,2.047940956211759,train,17197,683995,49.650801540946944,50.34919845905307,74.80624858368847,11.087069349922151,99.68049224668371,77.12906389077469,22.551428355909014,0.3195077533163073,9.18919691223716,88.15656802753023,2.654235060232603,30.53857788382951,52.68274352494669,16.7786785912238,36.51536678723984,30.443695533301764,33.0409376794584,7.924421507747063,12.657469972263293,7.157822068130826,8.59883471182958,2.0,19.78566980696222,84.04086925415847,24.658379538544093,3.123770345197639,9.49830084063674,76101.0,0.406,31310.0,72.25771816447794,7.419737938176824,80.6193920200853,67.54314463994604,10.082595112765867,95.27376468604194,11.444915193791815,1.1158581145651807,16.331844531027276,8.888888888888891,34.95391048180176,27.61350594668089,34.531392773338986,10.675224234095278,14.106682066389375,8.988888888888889,7.7519231131250725,-1.2369657757638164,"Will County, IL",Illinois
3076,1953,2.0354316006833932,1.7758458796952536,train,37139,40018,49.0354340546754,50.9645659453246,58.6211204957769,36.930881103503424,99.05175368445104,60.13938078373129,38.91237290071975,0.9482463155489548,12.206135815236125,82.26818338503962,5.525680799724233,32.43234951218016,45.46542308400319,22.102227403816656,46.10742531579145,34.52528205704862,19.367292627159934,19.24004985018429,41.390024529844645,19.410894749815128,15.678613015914088,5.0,38.73276256453826,76.28737541528237,32.475083056478404,8.222591362126245,19.87126245847176,45378.0,0.4522,22187.0,62.623082590930395,9.894106321531716,66.91663904540934,68.97937783991611,16.415313225058004,97.97273680531285,21.23798475306596,0.13981125480601184,4.4954770353340985,7.555555555555554,28.939477235244144,31.185966315158186,32.080563746314155,14.77335199160378,4.447998400719676,7.655555555555553,5.905274175786153,-1.7502813797694001,"Pasquotank County, NC",North Carolina
3077,1121,2.0780516873907815,1.9224913292876085,train,22029,20449,50.735977309403886,49.264022690596114,57.88547117218446,41.22450975597829,98.37087691069992,46.862429605792435,51.50844730490748,1.6291230893000803,17.872847879555785,80.56197361556234,1.5651785048818665,32.71767810026385,40.33257654783089,26.949745351905257,64.8373388042204,23.55656506447832,11.606096131301285,30.53343514781281,78.03278688524591,34.591132018816936,15.446006840762255,5.0,22.72639131277875,71.69452887537993,34.61246200607903,8.877912867274569,17.52786220871327,29654.0,0.4948,17498.0,59.04662750055775,11.435768261964734,56.49862337415741,61.599176389842135,16.206209057248646,93.03363074811256,30.437672078230317,0.5833905284831846,1.1687613086214486,7.8888888888888875,29.81074869186757,27.884004107780328,32.534598268864,15.237908944202651,0.8900190718372536,7.988888888888888,6.837972908379739,-1.150915980509149,"Concordia Parish, LA",Louisiana
3078,2084,2.6059764591510066,2.632584702174457,train,39095,436261,48.50009512654121,51.49990487345879,72.9703090581097,18.83780580890797,99.1362603417576,52.42447196781144,46.71178837394615,0.8637396582424177,18.1203153448738,76.31925125617303,5.560433398953164,36.40623755957189,39.73885053287685,23.85491190755127,42.858820238494026,32.91086346165136,24.230316299854607,21.14509424706791,42.96886189807786,22.57769996092459,15.216977673412751,3.0,24.54604196456884,73.34012690083831,29.95906969412056,7.224452338995262,21.583839566713014,41777.0,0.4838,24816.0,65.01126748586249,10.66476688778847,67.30367074527253,69.86368062317429,21.364479050797183,97.28704294396131,14.867259918427884,0.2669307994493503,6.546081359553112,13.444444444444445,30.0659467612278,29.18367674396749,33.290392677777746,14.197464361930127,8.191885132982321,13.544444444444446,13.909675848462944,0.3652314040184983,"Lucas County, OH",Ohio
3079,975,1.0570183913692728,0.9571686839617011,train,20187,2149,46.207538389948816,53.792461610051184,75.10469986040019,1.0237319683573756,100.0,86.83431952662724,13.16568047337278,0.0,15.44885177453027,82.95059151009046,1.6005567153792624,21.975934135528817,62.25459151361621,15.769474350854974,44.66966966966967,33.108108108108105,22.222222222222214,5.347846663511595,4.9689440993788825,5.9734513274336285,13.014671083767155,6.0,16.08961303462322,86.46341463414635,27.31707317073171,1.4634146341463417,4.512195121951219,43780.0,0.3794,22690.0,77.52261656228254,2.4236983842010766,81.90730837789661,73.65079365079366,2.9411764705882346,96.1904761904762,16.666666666666664,0.9523809523809524,35.458352722196366,2.7777777777777777,38.5295486272685,24.057701256398325,28.990228013029324,15.495579339227548,23.87156817124244,2.877777777777778,2.604312393575377,-0.2734653842024013,"Stanton County, KS",Kansas
3080,561,0.9766538816012459,1.0767342106841815,train,16033,901,48.83462819089901,51.165371809100996,94.8945615982242,0.0,100.0,71.42857142857143,28.57142857142857,0.0,9.268292682926827,87.3170731707317,3.414634146341464,30.428360413589374,46.82422451994091,22.747415066469717,61.224489795918366,23.747680890538035,15.027829313543599,18.09100998890122,24.88262910798122,20.952380952380953,13.984461709211988,6.0,10.866141732283463,81.38686131386861,31.021897810218984,0.0,17.153284671532848,33672.0,0.3656,15151.0,72.44094488188976,3.91304347826087,36.75048355899421,74.57627118644069,10.058027079303674,100.0,55.319148936170215,0.0,41.398446170921204,2.5555555555555562,39.84461709211987,33.740288568257476,23.640399556048838,13.096559378468369,5.105438401775805,2.6555555555555563,2.935078534031776,0.27952297847621965,"Clark County, ID",Idaho
3081,2238,2.145281299175379,2.044984209700595,train,42001,101767,49.43350988041311,50.566490119586895,92.2961274283412,1.548635608792634,98.32224200956041,72.04517761739618,26.27706439216421,1.6777579904395914,11.832852269745471,85.08003148779848,3.087116242456048,27.38594620215665,53.77058893233796,18.843464865505396,54.610957151993176,23.73339017977688,21.655652668229948,8.948373583045836,16.426304359930953,8.152097061568481,13.096198070662725,4.0,30.061693774537297,78.21852171863955,34.92524808210929,3.560861938051475,7.972665148063783,60356.0,0.4015,27870.0,66.33202680490581,5.163737562426137,81.72959019038399,76.09000584453536,9.803162310422717,97.82583284628872,11.379477250726039,0.36820572764465226,6.498177208721883,8.444444444444445,28.120117523362193,25.229200035374927,36.10797213242014,17.60197313470968,6.155236962866155,8.544444444444444,7.7290364931459825,-0.8154079512984618,"Adams County, PA",Pennsylvania
3082,1596,2.3014733641413554,2.0720525433591215,train,30009,10268,50.05843396961434,49.94156603038567,96.42578885858978,0.009738994935722634,99.1696938245978,71.09496626881163,28.074727555786193,0.8303061754021795,18.89763779527559,76.85039370078741,4.251968503937007,20.392246817295558,54.10024085330887,25.50751232939557,35.381246780010315,35.4585265327151,29.160226687274605,11.150338334804351,21.148989898989896,10.727661851257356,14.53921568627451,4.0,40.384615384615394,76.5625,40.669642857142854,4.017857142857143,5.46875,49767.0,0.4231,28153.0,63.72655777374471,3.6643250427188163,72.46710526315789,63.02059496567506,11.82565789473684,98.53546910755148,19.70394736842105,0.41189931350114417,2.40553174912349,9.888888888888893,24.56174522789248,21.26996493961823,38.16712115309701,21.717958706661477,3.5644721464744835,9.98888888888889,7.9411058657187334,-2.0477830231701573,"Carbon County, MT",Montana
3083,1227,2.145281299175379,2.0694231931615796,train,26005,112837,49.810789014241784,50.189210985758216,94.46546788730646,1.5190052908177285,98.54422105225963,76.22698844563797,22.31723260662168,1.4557789477403624,10.83440246519826,85.5013728852172,3.6642246495845376,24.84460959905371,56.86228560588307,18.29310479506322,48.45314463329145,30.04034124727201,21.506514119436545,12.712623899912176,20.66108532512037,12.673517701495747,11.213186107493891,5.0,23.88070300017753,77.06538085121619,33.552144749719524,4.83135607380708,12.644117155610724,54264.0,0.4156,25161.0,63.865486049786384,5.8111289659553815,75.12698600200815,68.03533656837129,14.752524954225974,99.07303720293642,13.355678932136321,0.03732736095558044,6.966686459228799,8.444444444444445,32.02850128947065,24.914699965436874,35.3527654935881,14.621090599714634,4.015526821875803,8.544444444444444,7.9202533437470155,-0.6241911006974288,"Allegan County, MI",Michigan
3084,55,2.1709566505156093,2.271099278862126,train,1111,22648,48.966796185093614,51.033203814906386,77.2077004592017,19.95761215118333,99.40828402366863,67.08086785009863,32.327416173570015,0.591715976331361,15.209902493139488,82.39621650026274,2.3938810065977703,23.41231201990696,49.96754300551768,26.620144974575357,59.82378287992797,25.101292687632647,15.074924432439385,20.384093990058748,39.47588514078617,22.05672748004561,16.69641263608781,6.0,29.10715301883572,64.83454851374088,42.299495232753785,6.752664049355018,17.61076836791924,36924.0,0.4515,19363.0,55.0268212493511,10.314465408805033,65.10499583049048,58.3695127834057,17.557425517398222,97.51567776169806,22.89439769539838,0.0,2.9494878134934646,8.666666666666666,29.02684563758389,23.60031790886612,35.10243730130696,18.889085128929704,2.8346873896149773,8.766666666666667,9.690047025291186,0.9233803586245184,"Randolph County, AL",Alabama
3085,474,1.8263398028248343,1.7262585747509396,train,13189,21582,47.60448521916411,52.39551478083589,56.310814567695296,41.812621629135386,100.0,50.080891605248965,49.91910839475104,0.0,11.778585549390984,86.23174542439895,1.9896690262100631,30.675715550309825,46.031277663027446,23.29300678666273,61.71348314606742,24.12921348314607,14.157303370786517,25.44325824201665,69.93243243243244,24.871001031991742,15.706166924991779,3.0,26.409439970031837,69.69622432665109,36.67445578649613,9.088672979953264,24.068380273029145,36656.0,0.4689,19065.0,57.83952187182096,9.068923821039904,59.945699912161615,59.18876755070202,17.950970214804762,98.7207488299532,26.11195400463148,0.0,2.6179223426929847,6.1111111111111125,33.0043554814197,26.610138078027987,32.258363451023996,15.35538874988416,1.876563803169308,6.211111111111112,5.619589253961533,-0.5915218571495791,"McDuffie County, GA",Georgia
3086,2101,2.366081404553173,2.384336132351909,train,39129,56515,52.84614704060869,47.153852959391315,93.89365655135805,3.250464478457047,98.38849830160359,68.30713326487084,30.08136503673276,1.611501698396398,11.20259417829909,86.3856306842652,2.4117751374357157,28.30569105691057,49.133875338753384,22.56043360433605,56.447385493707024,26.451278058907484,17.101336447385492,12.552067263190372,22.22884978626106,12.108932214917251,14.587431015716007,2.0,28.901853122855183,78.43268242548818,31.613566289825286,6.151079136690647,15.991778006166491,57439.0,0.4091,24921.0,65.69254799213986,6.6191133609449295,75.73428749222153,65.44876886417792,16.29122588674549,98.18639131585914,11.658369632856251,0.2250463330685729,1.2810758205786077,10.555555555555557,29.558524285587893,28.74988940989117,34.562505529505444,14.097142351588072,2.8558789701849063,10.655555555555555,10.851856076903678,0.19630052134812281,"Pickaway County, OH",Ohio
3087,926,1.561647248597752,1.6059746425513997,train,20089,3038,49.90125082290982,50.09874917709021,97.13627386438446,0.06583278472679394,100.0,80.37865748709122,19.62134251290878,0.0,19.4238683127572,79.42386831275721,1.1522633744855968,15.522620904836195,61.34945397815913,23.12792511700468,46.01226993865031,38.562664329535494,15.425065731814197,15.476585851876454,36.70588235294117,14.622641509433961,15.4433742942544,6.0,35.65323565323565,67.82972784368457,46.057222609909275,3.3496161898115844,6.28053035589672,40553.0,0.4191,23002.0,60.74074074074074,2.5745257452574526,82.48762376237623,67.93611793611794,10.14851485148515,99.75429975429978,11.50990099009901,0.0,2.337063857801185,4.666666666666667,23.666886109282427,18.59776168531929,34.79262672811059,27.48518762343647,2.7978933508887427,4.766666666666667,4.982713601596077,0.21604693492941074,"Jewell County, KS",Kansas
3088,2382,0.09531017980432493,0.2995674717598298,train,46055,2083,50.60009601536246,49.39990398463755,88.95823331733077,0.3840614498319731,100.0,93.04703476482618,6.952965235173824,0.0,14.59807073954984,84.7588424437299,0.6430868167202572,17.11229946524064,64.52762923351159,18.360071301247768,47.609289617486354,32.30874316939891,20.08196721311475,16.780821917808222,29.36507936507937,17.535903250188962,15.949119373776908,6.0,21.29396984924623,75.90643274853802,33.80116959064328,0.1169590643274854,2.456140350877193,41518.0,0.4314,23599.0,65.46623794212218,1.6699410609037328,80.7929515418502,67.6190476190476,7.488986784140969,98.33333333333331,14.008810572687226,0.0,0.0,1.0,30.388862217954873,19.39510321651464,35.18963034085453,21.843494959193468,10.657705232837257,1.1,1.3492750817695323,0.24927508176953217,"Haakon County, SD",South Dakota
3089,2329,1.6072132174119893,1.7953085963436604,train,45039,23108,47.86221222087589,52.13778777912411,39.1119958455946,57.43898217067682,100.0,43.27800829875519,56.72199170124481,0.0,15.124495289367433,83.33333333333334,1.5421713772992374,33.559428154022754,42.18929354064489,24.25127830533236,59.76034725194106,25.92773736015161,14.311915387907321,24.446591707659874,57.04545454545455,26.972100269083697,19.19919216753743,3.0,29.516022827041265,65.57285873192436,39.510567296996655,7.0856507230255845,23.53726362625139,36004.0,0.4926,20401.0,54.97990174184904,12.66246953696182,58.25051103122578,53.39597315436242,22.569958412631284,98.95302013422821,23.81757947416649,0.0,1.8781374415786745,4.888888888888889,27.098840228492303,23.9960186948243,38.095032023541634,16.855634412324733,3.4490219837285787,4.988888888888889,6.0213325963490565,1.0324437074601676,"Fairfield County, SC",South Carolina
3090,436,2.0640458562018624,1.9637576513324466,train,13113,108655,48.52054668446,51.479453315540006,70.97786572177996,20.829230132069394,99.74321211434614,79.10577395113478,20.63743816321136,0.256787885653865,9.697512169402994,88.48535380163567,1.81713402896134,24.859882924399056,57.87542884317079,17.264688232430167,27.549899788595123,28.645361447437054,43.80473876396782,8.45465659035341,13.739602637589968,7.853894558722438,9.614278558043749,2.0,39.16929162698703,79.57960295834954,31.270273777085773,2.61061372777994,6.150253016738031,79066.0,0.4253,36362.0,65.377473345057,7.324643078833024,83.7766734872844,72.7172447603873,7.843197587655195,95.98602769947296,12.041723718826445,0.4534869469297708,6.9605632506557455,7.777777777777778,33.10202015553817,21.31885325111592,39.06493028392619,15.244581473471081,8.19290414615066,7.877777777777777,7.126054044849307,-0.7517237329284701,"Fayette County, GA",Georgia
3091,944,2.5810582263605166,2.375092667625105,train,20125,34184,49.29499180903347,50.70500819096654,85.46395974725017,5.1164287385911535,98.86279357231147,62.48454882571075,36.37824474660074,1.1372064276885043,16.802610114192493,78.73313969681296,4.46425018899455,24.43144424131627,47.53564899451554,28.032906764168192,43.337429775280896,39.589185393258425,17.073384831460675,19.014148239765905,35.624788350829675,20.052531041069727,17.63814166394198,5.0,29.522164651698326,71.8719761816152,37.16412355787123,7.152958689988835,15.85411239300335,41083.0,0.4341,20864.0,61.361945412538674,8.653477983407786,65.85736732728469,71.36707988980716,17.08652237822495,98.22658402203855,20.21389832226671,0.7403581267217632,5.961853498712848,13.111111111111107,30.730751228644976,26.737655043295106,31.61713082143693,17.932366019190265,9.419611514158673,13.211111111111109,10.752009503098234,-2.4591016080128743,"Montgomery County, KS",Kansas
3092,672,2.1709566505156093,2.3704193553791804,train,17167,199016,48.01222012300519,51.98777987699481,82.70490814808859,12.358302850022108,98.58540944658778,58.2750277904924,40.31038165609538,1.4145905534122365,17.834994053658175,76.13266053443171,6.0323454119101525,30.958316496223308,45.92459046967766,23.117093034099035,35.972196682725894,30.635136626089515,33.39266669118458,15.559504306249584,31.848310652275924,14.915134587643106,13.793085930554495,4.0,28.647699654768065,76.81003800446402,29.7351752428063,4.6075888278940695,13.563370935633705,56167.0,0.4532,31024.0,68.06530049757177,7.497104143751278,75.52111869812323,79.48547891650377,17.414237232694116,96.57567718514382,10.821441714028705,0.3734990226193801,2.112895445592314,8.666666666666666,29.40617839771676,27.23097640390723,34.63490372633356,15.004321260602165,4.936789001889295,8.766666666666667,10.701879233856097,1.9352125671894296,"Sangamon County, IL",Illinois
3093,1562,1.62924053973028,2.13449170840724,train,29171,4895,50.13278855975485,49.86721144024514,97.85495403472929,0.4085801838610828,100.0,68.16443594646272,31.835564053537286,0.0,18.864420270628816,78.24356593260812,2.8920137967630666,18.70342771982116,54.172876304023845,27.123695976154995,54.17626728110599,27.764976958525338,18.058755760368665,19.179784589892297,34.015345268542205,21.15384615384616,23.68855844692276,6.0,37.255413514218624,65.07285974499091,41.80327868852459,6.7395264116575575,15.52823315118397,36346.0,0.4319,20203.0,55.3968253968254,2.3400191021967527,63.07237813884786,66.32462686567165,19.387001477104874,98.32089552238806,21.56573116691285,0.7462686567164178,1.1644535240040859,5.0,26.08784473953013,20.42900919305414,35.056179775280896,22.819203268641477,1.7364657814096014,5.1,8.45274895352018,3.35274895352018,"Putnam County, MO",Missouri
3094,1174,2.0059743897979634,2.1811668409384097,train,23007,30402,49.131636076573905,50.8683639234261,97.02980067100849,0.44076047628445497,99.34513274336284,66.07079646017701,33.27433628318584,0.6548672566371682,13.49249947179379,78.41538136488484,8.09211916332136,27.28576411766986,49.436068369443035,23.27816751288709,44.66775472138029,29.708556773140593,25.62368850547913,14.77401033291135,22.99334811529933,16.084121770675033,17.387280179822824,6.0,35.91309976535319,73.46507896292542,38.83962503166962,5.827210539650367,18.359935816231733,42811.0,0.4307,22980.0,62.4506893326284,7.554050533993228,64.60176991150442,65.08474576271186,24.515381373788447,98.60838537020516,16.045090602612728,0.2854594112399643,1.2466285112821525,7.333333333333332,25.764752318926387,25.675942372212358,36.88902045918032,18.807973159660552,2.5294388527070586,7.433333333333334,8.856634515561879,1.4233011822285455,"Franklin County, ME",Maine
3095,2539,1.8786165133213217,1.7788175691866328,train,48047,7221,51.84877440797674,48.15122559202328,84.90513779254951,0.08309098462816784,100.0,48.16428126944617,51.83571873055383,0.0,10.582211264934571,86.44035653328275,2.9774322017826664,46.02165320501804,30.62381852551985,23.354528269462108,67.02269692923899,21.295060080106808,11.682242990654204,39.593318809005076,137.24035608308608,51.67862266857964,19.48390837924036,6.0,17.168835799607773,71.53846153846153,42.83653846153846,14.182692307692307,40.240384615384606,22741.0,0.5338,13179.0,56.8671963677639,19.79374584165004,39.33382316923832,35.41147132169576,19.250551065393093,99.002493765586,44.79549350967425,0.9975062344139648,92.85417532197756,6.4444444444444455,28.610995706965795,37.25245810829525,23.764021603656005,16.659742417947655,15.011771222822325,6.544444444444445,5.922848917402083,-0.6215955270423619,"Brooks County, TX",Texas
3096,235,2.345005808877998,2.6740081014306405,train,6103,63152,49.86223714213328,50.137762857866726,86.44381808968838,0.5082974410945021,99.61311475409836,68.25573770491803,31.357377049180325,0.3868852459016393,12.755905511811026,82.5601191742924,4.683975313896575,26.434940783360034,49.13498230420942,24.43007691243055,48.22263797942002,37.3643592142189,14.413002806361089,19.769756912109443,38.12256989446399,20.92322618530906,19.603738915075496,5.0,32.27701247935785,67.79868376645291,38.432332095848814,10.656429294633817,14.837158285521431,41001.0,0.4367,21263.0,55.19332347348404,12.023886996133676,53.66101044436525,60.56584646576353,31.27278708297925,97.64077043590453,18.920474793716927,0.6911805363560962,23.45610590321764,10.333333333333334,30.81929313402584,25.19635165948822,33.28635672662781,17.32011654421079,13.047884469217124,10.433333333333334,14.49796219726752,4.064628863934187,"Tehama County, CA",California
3097,1667,1.2335316065674804,1.2938281918090138,train,31039,9078,49.72460894470147,50.27539105529853,96.00132187706544,0.033046926635822864,99.86468200270636,74.60532250789355,25.25935949481281,0.13531799729364005,16.7337807606264,82.10290827740492,1.16331096196868,21.565649592710205,59.491923236228075,18.94242717106172,50.869137422105595,30.288619219416198,18.84224335847819,12.013460459899044,24.227093872962346,10.55234954657873,11.874089839811804,6.0,31.636522753792306,78.18329278183292,35.225736685590704,2.135712354690457,5.109489051094892,50013.0,0.4132,25318.0,68.59060402684564,3.2833224614046532,79.61460446247466,66.0281690140845,9.00608519269777,97.9718309859155,14.239350912778908,0.6197183098591549,9.187045604758758,3.333333333333333,30.887860762282443,21.116986120290814,33.38841154439304,21.017845340383342,3.965631196298745,3.433333333333333,3.646720212828846,0.21338687949551272,"Cuming County, NE",Nebraska
3098,465,2.4462043207689623,2.032091845380723,train,13171,18114,47.76968090979353,52.230319090206464,65.46317765264436,30.550955062382695,99.23664122137406,62.06896551724138,37.16767570413267,0.7633587786259541,13.743857493857494,82.63206388206387,3.624078624078624,35.39532704023566,43.670081006895636,20.934591952868715,53.19021039072563,29.67797337913268,17.13181623014169,22.074910820451848,41.15659031167856,25.05744925315971,14.446686848301379,2.0,33.24693520140105,65.5108070284559,35.7487171512984,8.692271808427927,19.82584357020681,40344.0,0.4508,19217.0,57.90710927482546,15.635379505474225,62.18561813673397,55.353241077931536,18.189868933758408,99.2352512745812,24.09670563230605,0.3277494537509104,2.23031909020647,11.444444444444445,31.329358507231973,31.15822016120128,32.2181737882301,15.628795406867615,3.985867284972949,11.544444444444444,7.63003052070469,-3.9144139237397546,"Lamar County, GA",Georgia
3099,2258,2.0059743897979634,2.1697860817342987,train,42041,241427,49.32091273966872,50.67908726033128,89.63744734433182,3.4130399665323266,99.44415034409741,74.18251415075132,25.26163619334609,0.5558496559025939,15.651493996090474,80.14241831890533,4.206087685004189,29.651295940415626,51.01912794113254,19.32957611845184,43.51762815727076,23.748290340498475,32.734081502230765,8.769181487478553,13.89814597512321,8.507214374300492,11.246426869938066,3.0,31.83296840788239,78.39916623241272,32.60135487232934,3.0984887962480463,7.553934340802503,61820.0,0.4263,32398.0,67.98284785813435,5.348338437917962,84.50559891414999,77.0640772665905,9.483542585680354,97.55685948696645,9.076348829317947,0.36867795201993975,3.2490152302766466,7.333333333333332,27.391716750819093,28.47527409941721,34.46549060378499,16.658451623057903,6.949512689135847,7.433333333333334,8.756410684188056,1.3230773508547227,"Cumberland County, PA",Pennsylvania
3100,2627,2.0059743897979634,2.172352275433628,train,48223,35645,49.3449291625754,50.6550708374246,84.95441155842333,6.834058072660961,99.18653889012705,68.11901047470471,31.06752841542233,0.8134611098729663,10.957544288332317,86.07208307880268,2.9703726328649966,22.39755482105413,54.60781177808578,22.994633400860074,54.98945592576972,28.83171657528469,16.17882749894559,19.85645933014354,45.524590163934434,19.03357531760436,17.24088959581901,5.0,29.05661795093361,76.47856550892791,36.00542454607097,5.597830181571611,14.397649363369247,44396.0,0.4535,22453.0,61.764705882352935,6.9606571552096845,57.63756419662509,57.8436470792165,13.959403277084865,98.1105910903103,31.34751773049645,0.20800832033281333,15.976995371019779,7.333333333333332,31.754804320381545,26.01767428811895,31.763220648057228,16.95048393884135,8.211530368915696,7.433333333333334,8.778910186808233,1.345576853474899,"Hopkins County, TX",Texas
3101,650,2.0059743897979634,1.7871938634890097,train,17123,12173,49.322270598866346,50.677729401133654,96.71403926723076,0.5996878337303869,99.35691318327974,77.37138263665595,21.985530546623792,0.6430868167202572,16.471714164185453,81.30582730752872,2.222458528285836,24.153922052294032,52.797237296497286,23.048840651208682,48.628486170090675,34.56903477562263,16.8024790542867,10.104324415278477,19.448476052249635,9.271292643304713,12.411823983876385,3.0,30.98533360875852,72.04085720008011,37.23212497496496,1.5221309833767274,8.732225115161228,53423.0,0.4024,27739.0,62.992460443878095,6.625084288604183,79.70128022759602,76.62337662337663,14.139402560455196,98.7012987012987,9.68705547652916,0.04189359028068705,3.0805881869711658,7.333333333333332,26.427339193296643,23.059229442208167,35.02834141132013,21.449108683151234,2.6862728990388565,7.433333333333334,5.972668804772612,-1.4606645285607218,"Marshall County, IL",Illinois
3102,3079,2.6059764591510066,2.3295554110688297,train,55078,4451,49.09009211413166,50.90990788586834,11.008762075937991,0.4268703662098405,98.08510638297872,38.29787234042553,59.787234042553216,1.9148936170212765,9.357118815213733,86.53651969033994,4.1063614944463165,46.16321559074298,33.982947624847746,19.853836784409253,54.01662049861496,29.877324891175302,16.106054610209736,35.238751147842066,112.84829721362229,37.05747126436781,12.75579809004093,5.0,27.09294660514173,64.2573471008737,43.20889594916601,7.466243050039713,33.836378077839555,35343.0,0.4652,14482.0,55.08218718550821,14.859926918392205,34.78991596638655,50.58236272878536,27.983193277310924,96.83860232945091,38.865546218487395,1.3311148086522462,5.526847899348461,13.444444444444445,41.67602785890811,27.364637160188718,27.252302853291393,13.54751741181757,88.56436755785218,13.544444444444446,10.27337308961758,-3.2710713548268657,"Menominee County, WI",Wisconsin
3103,1619,1.1314021114911006,1.0312779252907929,train,30055,1728,53.5300925925926,46.469907407407405,94.67592592592592,0.0,100.0,99.06832298136645,0.9316770186335404,0.0,15.606936416184974,83.8150289017341,0.5780346820809248,21.278042148198494,64.4459551325629,14.276002719238612,52.530674846625786,29.984662576687107,17.484662576687114,8.961424332344212,9.057971014492754,10.01589825119237,15.826494724501758,6.0,37.12660028449503,76.11940298507463,37.3134328358209,3.5278154681139755,0.0,40750.0,0.4562,28654.0,66.11271676300578,0.7650273224043715,87.18967229394241,69.76127320954907,4.965243296921549,100.0,9.831181727904667,0.0,1.5046296296296295,3.0,23.49537037037037,22.337962962962962,35.99537037037037,23.032407407407412,5.324074074074074,3.1,2.8046476757455907,-0.2953523242544094,"McCone County, MT",Montana
3104,99,2.4069451083182885,2.280607802462936,train,4011,9023,52.621079463593034,47.378920536406966,89.36052310761387,1.5405075917100743,97.4864655839134,62.87703016241299,34.609435421500386,2.51353441608662,11.378659112370162,84.87566887000315,3.745672017626692,28.18471337579618,46.670526925304,25.144759698899822,51.805949008498594,37.41147308781871,10.782577903682721,13.685514755575586,21.55805977462029,13.785129847029527,13.681398196593564,6.0,33.462793226658384,77.44641192917055,33.73718546132339,7.921714818266543,11.214662938800867,51628.0,0.3955,21994.0,57.93340628419572,10.037776578521315,71.5832710978342,70.02881844380404,19.510828976848394,100.0,14.675130694548173,0.0,47.01318851823119,11.0,36.80594037459825,31.09830433337028,28.704422032583395,11.537182755181206,9.098969300676053,11.1,9.782624506196461,-1.3173754938035387,"Greenlee County, AZ",Arizona
3105,969,1.2006339030604214,1.4543103759261078,train,20175,23274,50.86792128555469,49.132078714445285,59.37956518002922,3.7466701039786887,98.84448069603044,58.03425774877651,40.81022294725394,1.1555193039695486,10.743641188272603,83.3344120121675,5.921946799559898,34.22826660413858,43.07989917345682,22.691834222404598,60.84628149042086,27.349524815205907,11.804193694373211,19.12844641836331,39.23298178331736,17.486338797814213,7.682302956732852,5.0,11.816811157180547,86.20320855614973,22.326203208556148,5.213903743315508,13.770053475935828,47134.0,0.4096,20442.0,75.62698917886695,8.70297113037623,64.53828910261046,63.63636363636363,8.952201894569383,92.23817118553957,28.122062332778945,0.2126528442317916,58.32688837329209,3.2222222222222223,39.958752255736016,33.01108533127094,26.83251697172811,8.550313654722007,36.873764715992095,3.3222222222222224,4.28152980123613,0.9593075790139074,"Seward County, KS",Kansas
3106,535,2.376454941560501,2.1319784487799556,train,13313,103456,49.73225332508506,50.26774667491494,88.33127126507887,3.9814027219300963,99.36109040570759,70.19486742625921,29.16622297944841,0.6389095942924077,10.075804580646905,84.54368879656856,5.380506622784536,26.896447922937988,49.27252659040738,23.831025486654625,60.38796479749343,25.63547282249765,13.97656238000891,18.811745870592368,37.29881380125018,18.603319066333594,11.551682165636107,4.0,17.60716043143461,78.30224150397686,30.122921185827913,5.5791757049891535,15.812002892263196,40596.0,0.4679,20353.0,67.0576551427958,9.752631789616938,60.90805023942731,54.255745055648966,11.10394531061058,95.58811754343824,30.422585170017573,1.841620626151013,33.05559851531085,10.666666666666666,34.291872873492125,28.9031085678936,31.464583977729664,12.339545313949893,7.687326012991031,10.766666666666664,8.431531674269594,-2.3351349923970695,"Whitfield County, GA",Georgia
3107,403,2.6222502112988773,2.500549243974966,train,13047,65375,48.80305927342256,51.196940726577424,93.13499043977056,2.779349904397705,99.25586720091586,69.74495961330534,29.51090758761051,0.7441327990841442,11.972863953061971,83.74893044860042,4.278205598337611,23.07443488849989,52.59722962173682,24.3283354897633,47.42240032602053,33.93782969956305,18.63976997441645,12.452497914542587,20.54233621755253,12.353358183356585,14.789915966386554,3.0,27.34534158985013,77.3169611159838,36.7623104874076,5.822160965626696,12.032744434699078,50876.0,0.3947,22642.0,65.7743124122066,7.9018230214491325,71.76494520304117,63.12027772105372,11.900221222061178,97.77414743720644,19.988811757825417,0.4696753114151521,2.710516252390057,13.666666666666664,30.753346080305924,27.576290630975148,33.06768642447419,15.28718929254302,4.0856596558317415,13.766666666666666,12.189186959987959,-1.577479706678707,"Catoosa County, GA",Georgia
3108,744,2.4932054526026954,2.1545558267689353,train,18107,38172,50.76495860840407,49.235041391595935,96.20664361311957,0.8540291313004297,97.62360626196644,67.19225137965988,30.431354882306564,2.3763937380335625,13.750133895097655,82.09019173777983,4.1596743671225065,25.169099323602705,51.445030583514026,23.385870092883266,55.76281170233655,28.24268603966228,15.994502258001175,14.159705429764786,31.163739021329988,12.733781120540565,14.64548521637489,5.0,26.254997778764995,77.26993236318917,33.654437384709986,4.714080754252921,13.479538156726106,48213.0,0.3963,22911.0,64.4263549711264,6.403887688984883,71.37337548296453,66.90117252931323,13.465929048120827,99.26298157453935,18.269230769230766,0.0,4.5399769464528985,12.0,30.46211883055643,26.309860630828883,33.928010059729644,16.423032589332493,2.9393272555800065,12.1,8.62405875208231,-3.4759412479176888,"Montgomery County, IN",Indiana
3109,2392,0.5690945318899665,0.6687310463394749,train,46075,781,49.9359795134443,50.06402048655569,94.49423815621,2.0486555697823303,100.0,84.07079646017701,15.929203539823007,0.0,30.538922155688624,69.01197604790417,0.4491017964071856,19.44035346097202,57.43740795287186,23.12223858615611,46.42857142857143,37.01298701298701,16.558441558441555,11.395646606914212,1.8018018018018016,14.974182444061961,16.51728553137004,6.0,29.64071856287425,81.69014084507046,34.74178403755869,1.8779342723004693,5.868544600938968,35972.0,0.4435,26103.0,73.95209580838323,3.643724696356275,69.10569105691057,75.0,11.585365853658535,98.86363636363636,24.59349593495935,1.1363636363636365,0.2560819462227913,1.6666666666666667,17.541613316261206,17.92573623559539,45.07042253521128,22.53521126760563,3.4571062740076828,1.7666666666666668,1.951759056767938,0.1850923901012711,"Jones County, SD",South Dakota
3110,84,1.296248080435107,1.3962452736956596,train,2188,7732,53.86704604242111,46.13295395757889,12.273667873771341,0.3233316088980859,99.78062157221208,56.74588665447897,43.0347349177331,0.21937842778793412,5.883571576548581,87.05199917132795,7.064429252123473,51.660790499164975,32.8261272963444,15.513082204490633,64.9192546583851,24.472049689440993,10.608695652173914,23.84002091229905,43.31919406150583,25.55189038315148,10.716139076284382,6.0,18.633540372670808,88.75459800315292,23.173935890698896,5.4650551760378345,36.52128218602207,63648.0,0.4067,21101.0,66.25100563153661,21.766848816029142,40.60606060606061,26.11218568665377,18.787878787878785,94.58413926499031,43.43434343434343,0.3868471953578337,1.836523538541128,3.5555555555555562,43.55923435075013,31.867563372995342,25.99586135540611,6.6864976720124165,87.40300051733057,3.6555555555555563,4.040002350159991,0.38444679460443476,"Northwest Arctic Borough, AK",Alaska
3111,528,2.2204104848050292,2.2753839223096683,train,13299,35723,49.69067547518405,50.30932452481595,65.82313915404642,29.61957282423089,99.9048525214082,50.380589914367285,49.52426260704092,0.09514747859181732,15.139570428766794,82.17762046496662,2.6828091062665917,28.331408169694424,44.88781546431447,26.780776365991112,59.44064740659986,27.665730219296414,12.893622374103735,29.15801198109516,83.17446242518288,31.19545789086321,19.557726305696217,5.0,27.10393320149418,67.96633335731242,40.67333285375153,9.308682828573485,23.854398964103304,34909.0,0.4688,18100.0,55.8502965218785,7.239202181087674,53.51028264613514,56.71269658611431,22.21152872049438,98.96432681242807,29.910849964542603,0.3068661296509398,3.6391120566581763,9.111111111111107,29.160484841698622,28.83296475659939,31.861825714525647,15.743358620496595,4.5572880217227,9.211111111111105,9.73165449471704,0.5205433836059346,"Ware County, GA",Georgia
3112,1898,2.1835512754360096,1.9070161589994525,train,37029,10161,50.3296919594528,49.67030804054719,82.50172227142998,13.768329888790474,100.0,68.86792452830188,31.13207547169811,0.0,10.456496293406165,88.1258941344778,1.4176095721160098,24.691358024691358,56.178951228456185,19.12969074685246,36.886682242990645,40.756425233644855,22.356892523364486,7.902765475838993,16.50763358778626,6.293032222528229,12.295984780214276,5.0,57.773359840954285,76.70619235836628,33.75494071146245,3.5046113306982867,11.515151515151516,58780.0,0.3913,26585.0,63.4857521537442,8.329853862212943,82.02489626556016,65.0657894736842,8.580912863070541,97.17105263157896,13.543568464730287,1.7105263157894743,2.558803267394941,8.777777777777779,30.81389627005216,24.3676803464226,36.640094478889864,14.959157563231964,3.7299478397795487,8.877777777777778,6.732968687827476,-2.144809089950302,"Camden County, NC",North Carolina
3113,1616,2.0780516873907815,2.1850271786775117,train,30049,65357,49.69934360512264,50.300656394877365,93.63954893890478,0.52633994828404,99.74093264248705,70.2492648088503,29.49166783363675,0.2590673575129534,16.42786210810044,78.05767788744097,5.514460004458586,27.23581039354755,49.76327263880832,23.000916967644137,29.161890485847806,32.82779296358345,38.01031655056873,12.189901893394987,18.49937473947478,12.629483873886096,13.423057311062006,5.0,37.809124712270545,79.57986020259409,30.837663065824394,4.205135872612416,10.140918775464435,56197.0,0.3986,28476.0,67.96222447076563,4.527806159684718,78.10929338720804,67.90626591951097,14.137183403961759,98.09475292919001,13.775007391347197,0.14263881813550688,2.89486971556222,7.8888888888888875,28.325963554018692,26.75612405710176,35.889040194623384,15.352601863610632,5.834111112811176,7.988888888888888,8.890890192724978,0.9020013038360899,"Lewis and Clark County, MT",Montana
3114,1872,1.6925528191446069,2.399726366522022,train,36101,98665,49.548472102569285,50.451527897430715,94.97896923934526,1.5669183601074343,99.19139901522335,64.76487328906356,34.426525726159824,0.8086009847766183,16.471454387256546,80.41362693260156,3.114918680141891,26.82393570106461,48.43414203903154,24.741922259903852,48.31806071961822,30.39786866528091,21.28407061510086,16.340299489879875,32.68461258639505,16.186584425597534,15.711370232491355,5.0,35.22085881536386,71.99084222319645,36.79916216084563,7.686687125529739,14.771786253592474,47280.0,0.4445,25800.0,61.56767955801104,7.905863065706027,67.79577976381545,72.89040670599192,24.328022841310336,98.7333126358274,12.246794276156848,0.2732070785470351,1.5375259717224954,5.333333333333333,29.086302133481983,24.795013429280896,35.64080474332337,17.022246997415493,3.4541124005473067,5.433333333333333,11.020160483194273,5.58682714986094,"Steuben County, NY",New York
3115,662,1.3552622518721622,1.697260229584091,train,17147,16495,49.53622309790845,50.46377690209154,97.40527432555321,0.4122461351924826,99.33457545914294,81.63428267234497,17.700292786797977,0.6654245408570668,12.30453324909177,86.45553625019743,1.2399305007107881,21.02956470063884,61.66988560392215,17.300549695439013,40.278378144722055,32.15181118699749,27.56981066828045,6.216447047340168,9.83947681331748,5.729036555916396,10.307084220127695,4.0,30.190902663209997,79.9398043641836,32.279909706546285,3.0549285176824683,7.8103837471783315,66261.0,0.3971,32724.0,69.90857503152586,5.963923337091319,84.74749539971377,82.20922229869238,10.28419546105091,97.35030970406055,7.442240850541812,0.4129387474191328,1.0791148832979691,3.7777777777777777,29.36041224613519,22.88572294634738,36.568657168839046,17.769020915428918,2.18247953925432,3.877777777777778,5.458970558515817,1.5811927807380384,"Piatt County, IL",Illinois
3116,2443,1.9756230463738251,2.436884365086157,train,47045,38054,48.410153991696006,51.58984600830401,82.04656540705314,13.344195091186213,97.36557978838265,60.893975383286545,36.471604405096095,2.6344202116173614,13.004817911293747,82.92475556185349,4.070426526852772,23.50372632062773,50.16579664466988,26.33047703470239,56.01695580500824,24.74291545647225,19.240128738519516,17.840173945722498,33.51689239470159,18.39417280643001,18.563241370118615,5.0,26.976841226789066,72.27915076016342,36.07260062956266,6.590315451074945,18.451543767999464,42468.0,0.4565,23044.0,60.259087530527744,6.402349486049928,67.22382751722607,58.59673497742271,20.653478550789064,99.60055574852379,15.69682151589242,0.1736714136853074,3.019393493456667,7.1111111111111125,31.31076890734219,25.161612445472226,34.69806065065433,15.78809060808325,4.6092395017606576,7.211111111111112,11.437350564142896,4.226239453031784,"Dyer County, TN",Tennessee
3117,1932,2.4267673628924595,2.3497471653441133,train,37097,165066,49.241515515006114,50.758484484993886,81.45469085093234,12.348999794021784,99.346503417712,67.33518615889231,32.0113172588197,0.6534965822879892,11.762710221489847,84.70249923262088,3.534790545889272,27.671245296704296,51.78234129682519,20.546413406470528,40.92275025641949,33.18248070105986,25.894769042520647,13.963442638008633,26.74898446063576,13.249424573453656,12.660560535517053,2.0,25.514857664058376,79.03699932668779,30.098697715665182,3.880577406270015,10.653112837271935,52306.0,0.4706,27558.0,66.9429223928534,9.403893677294919,72.78064401352074,63.84943494129546,12.107375121073751,98.10474473418057,18.640415900689877,0.15390704014775075,7.170465147274424,11.222222222222221,30.99548059564053,25.85935322840561,35.79234972677595,14.11011353034544,6.1963093550458614,11.32222222222222,10.48291894443313,-0.8393032777890888,"Iredell County, NC",North Carolina
3118,2591,0.9766538816012459,1.8369321525260183,train,48151,3858,47.330222913426645,52.66977708657336,89.47641264904095,3.5251425609123905,100.0,75.66204287515762,24.337957124842372,0.0,18.347107438016533,80.59504132231406,1.0578512396694215,22.604035308953343,53.08953341740226,24.30643127364439,50.2996254681648,33.40823970037453,16.292134831460675,17.498686284813456,23.387096774193548,20.67460317460317,15.258215962441314,6.0,31.125611745513865,74.56508698260349,37.85242951409718,4.559088182363527,10.557888422315537,41406.0,0.4816,26855.0,62.18349227227886,7.2977260708619776,60.88804912612186,70.23809523809523,10.86443079829948,96.75324675324677,30.184222957014647,0.3246753246753247,31.02643856920684,2.5555555555555562,26.697770865733546,27.579056505961642,27.91601866251944,23.950233281493002,6.9984447900466575,2.6555555555555563,6.277251042277502,3.6216954867219457,"Fisher County, TX",Texas
3119,845,1.7711787615280343,1.623521593379219,train,19125,33248,49.708253128007705,50.291746871992295,96.29150625601541,0.5474013474494707,99.80222496909764,80.12360939431396,19.678615574783684,0.1977750309023486,15.657191707629835,82.05599487069887,2.2868134216712974,25.42475042380863,56.88830288189867,17.68694669429271,43.742765868790215,31.478309180980602,24.77892495022918,9.889518503276456,13.824362606232295,10.035038542396638,12.376132610079093,6.0,24.695921774385877,78.40961627369393,32.04654029896749,4.199414393589152,11.296039451379256,54693.0,0.3961,26280.0,69.44076438235176,3.4572469214314623,84.66808769792934,75.86935638808838,13.124238733252131,98.73198847262249,6.242387332521316,0.0,1.765519730510106,5.777777777777778,32.110202117420584,26.551973051010588,32.928296438883535,16.187439846005773,3.16109239653513,5.877777777777778,5.070916616033457,-0.8068611617443215,"Marion County, IA",Iowa
3120,1569,1.6072132174119893,2.581313265648733,train,29185,9520,50.61974789915966,49.38025210084034,95.92436974789915,1.207983193277311,99.50385887541346,73.81477398015436,25.68908489525909,0.4961411245865491,16.49939783219591,80.03479191756992,3.4658102502341763,18.74767051807678,50.95042862467386,30.30190085724935,64.28974865857103,24.922338322507766,10.787913018921206,23.287967163534237,55.89519650655021,25.449051536008053,23.70801033591731,6.0,42.77366575769381,58.679950186799495,53.175591531755934,6.749688667496886,16.986301369863018,32046.0,0.44799999999999995,18840.0,48.8823450675947,8.543263964950713,57.29085222830336,63.05732484076433,20.465207193119625,98.89596602972401,27.36512900703675,0.4246284501061571,2.0588235294117645,4.888888888888889,24.53781512605042,19.968487394957982,35.504201680672274,25.44117647058824,2.867647058823529,4.988888888888889,13.214480893180578,8.22559200429169,"St. Clair County, MO",Missouri
3121,1827,1.86149280724273,2.219005329419941,train,36011,79173,51.24979475326185,48.750205246738155,92.28398570219645,4.355020019451075,98.71329187957888,63.141045373391606,35.572246506187284,1.2867081204211044,15.648253301015306,81.41600420360358,2.935742495381121,30.944008245672546,43.58232030800011,25.473671446327337,46.35655568147069,32.266652276365726,21.376792042163576,11.986164693361713,21.512515262515265,11.66880277442702,13.858441780596605,5.0,29.677470733455444,73.86671832623014,36.98824744930905,5.585690300916958,13.667183262301435,52082.0,0.4152,25786.0,65.7445240806484,7.147223637289863,72.7575879866613,71.79263949347052,19.978335209532503,98.21131776810446,11.862534780484696,0.12663237039968342,2.7092569436550344,6.333333333333332,27.050888560494105,25.970974953582655,36.815581069303924,16.535940282672122,3.360994278352468,6.433333333333332,9.198177157965771,2.7648438246324396,"Cayuga County, NY",New York
3122,813,1.6507930981160142,1.6288380172991703,train,19061,95906,49.4244364273351,50.5755635726649,93.62083706963068,1.9414843701124016,99.40788284216237,72.48237208461398,26.92551075754837,0.5921171578376423,15.347797880775607,79.13212715346356,5.520074965760831,30.854812271712326,51.656577911434056,17.488609816853593,43.27306400477132,28.02994632262925,28.696989672599425,12.158520418142698,18.81904761904762,12.377125292177643,10.94383874239351,4.0,27.76328659928269,80.05331081259402,29.471378427594942,4.103876910084189,10.163363331661873,54605.0,0.4183,27096.0,70.61022888757054,4.157955411399207,83.60698103130437,73.9437595234797,12.559654049583928,98.83640393406289,7.637441207380736,0.207785011774484,2.1541926469668216,5.111111111111111,30.530936542030734,28.01493128688508,33.011490417700664,15.773778491439533,4.437678560256918,5.21111111111111,5.097947548707895,-0.11316356240321568,"Dubuque County, IA",Iowa
3123,2044,2.9612558440240178,2.7130156236812555,train,39015,44247,49.44516012385022,50.55483987614978,97.23597080028023,0.985377539720207,97.71036061820264,66.54264453348597,31.16771608471665,2.289639381797367,11.71046287367406,84.99578109932497,3.2937560270009643,23.473928741358556,52.63511433289485,23.890956925746593,64.26405642343947,23.63390679586052,12.102036780700018,14.885505002657304,25.91524573721164,15.159915450985828,16.327604750680795,2.0,28.503689654150485,72.94865642994242,36.726247600767756,5.320297504798464,17.43042226487524,45568.0,0.4189,22133.0,60.98082307252311,9.967417061611377,66.01035486187219,63.173475429248064,19.594875477117267,98.12018946121964,18.30996560976532,0.059206631142687975,0.7864939995931927,19.222222222222214,30.304879426853795,25.025425452573057,35.236287205912255,16.037245462969242,1.778651659999548,19.32222222222222,15.074666560787868,-4.247555661434351,"Brown County, OH",Ohio
3124,1422,1.62924053973028,1.7001746012805588,train,28055,1291,65.45313710302091,34.546862896979086,34.3144848954299,65.143299767622,100.0,53.84615384615386,46.153846153846146,0.0,13.925570228091235,86.07442977190874,0.0,40.33687943262411,30.141843971631204,29.52127659574468,74.4346116027532,18.3874139626352,7.1779744346116034,40.333660451422965,175.75757575757575,54.4280442804428,28.72549019607843,6.0,16.60617059891107,51.146788990825684,43.11926605504589,20.412844036697248,25.91743119266055,23491.0,0.4807,12423.0,41.21863799283154,11.594202898550725,43.78194207836457,38.4,30.323679727427606,100.0,28.2793867120954,0.0,0.5422153369481022,5.0,18.822618125484126,29.04725019364834,36.405886909372576,19.907048799380323,0.5422153369481022,5.1,5.4749032333946674,0.3749032333946678,"Issaquena County, MS",Mississippi
3125,1747,2.0640458562018624,2.1480010184178964,train,32013,17067,52.56342649557626,47.43657350442374,87.06275268061171,0.4511630632214215,99.60134284515316,70.68820814099874,28.91313470415443,0.3986571548468317,15.254658385093167,81.58178053830227,3.1635610766045548,28.710443644165203,49.5211094935254,21.7684468623094,53.52897473997028,32.77303120356612,13.697994056463596,10.472511144130758,13.788968824940047,10.896906270081704,11.562444325672546,5.0,29.79502196193265,87.9492600422833,20.14961782403643,2.2767929744673934,9.969100666775086,65212.0,0.3844,27255.0,73.36204754410667,7.519476120582589,72.0860958969924,59.543817527010795,8.84020370904199,91.95678271308523,20.957048140674544,1.9807923169267705,25.5053612234136,7.777777777777778,35.41923009316224,28.28265072947794,33.91925938946505,9.872854045819416,12.486084256166869,7.877777777777777,8.567714564168975,0.6899367863911978,"Humboldt County, NV",Nevada
3126,2109,3.0597498256774345,2.9306622599704086,train,39145,78017,49.546893625748226,50.45310637425179,94.35507645769512,2.63660484253432,98.94706054401873,60.90669786487277,38.04036267914595,1.052939455981281,15.964581368542387,76.93597401236508,7.0994446190925276,28.58620527528328,44.216151832871006,27.19764289184573,57.97022546792573,27.640002252801924,14.389772279272346,25.3065413493221,49.26285508809781,30.008147008237533,21.75949333404295,5.0,28.43941490413125,63.101010101010104,38.117845117845114,12.383838383838384,27.437710437710447,35903.0,0.4713,19769.0,52.19031541230986,9.469584447305014,56.4090889380339,61.78221141755385,30.139629677811023,97.72822533322157,17.282424873162483,0.07544639114762344,1.2330645884871243,21.222222222222214,28.902675058000174,28.57069613033057,33.05177076790956,16.237486701616312,3.0083186997705624,21.322222222222216,18.740037164457735,-2.5821850577644803,"Scioto County, OH",Ohio
3127,102,2.88975428334737,2.9656855861149873,train,4015,203362,50.3392964270611,49.6607035729389,89.04564274544902,1.1270542185855763,98.3732942718372,58.48431115565493,39.88898311618225,1.6267057281628243,14.46761020646274,78.69172627200325,6.840663521534013,23.898457373567645,46.91124647016266,29.190296156269692,51.691052372789,36.48952145543464,11.81942617177637,19.847445166033573,44.48215375228798,20.80739641802915,20.376595809508334,4.0,46.19877348388981,58.97293151227237,51.139400237529685,6.2363915281076805,17.933491686460805,38488.0,0.4382,20974.0,47.91558531984656,12.919760099342122,50.748865355521936,59.666424112443025,30.931354009077157,98.97935735896748,23.26304841149773,0.2431925242235073,15.641565287516842,17.88888888888889,24.475074005959808,21.2365141963592,33.72311444616005,25.87946617362142,9.82730303596542,17.988888888888887,19.408004539789722,1.4191156509008351,"Mohave County, AZ",Arizona
3128,2243,2.2902875651836396,2.3061736686655765,train,42011,413965,49.10125252134842,50.89874747865157,83.68147065573176,4.9791649052456135,99.3191560897705,63.98671934101034,35.332436748760195,0.6808439102294697,12.438580170075605,83.4874015644859,4.074018265438489,31.305852775063748,47.90678693134428,20.787360293591973,53.31372053568205,23.51658665126521,23.16969281305273,14.180779687227194,28.49083215796897,13.299858327676278,13.09980911692749,3.0,25.95800541419877,77.11333750782717,33.532274055520766,5.9153882279273615,14.458098518054685,55936.0,0.4344,27146.0,67.98988154784283,8.575592292697557,75.48720468540724,70.35303296274624,14.830122286592855,97.28723750081272,12.869019408934927,0.5802613614199337,18.216274322708443,9.777777777777779,30.362953389779324,27.29675214088148,34.17945961615113,15.468215911973234,11.339364439022622,9.877777777777778,10.03595022318326,0.1581724454054818,"Berks County, PA",Pennsylvania
3129,57,2.4267673628924595,2.650487724556493,train,1115,85864,50.24340818037828,49.756591819621725,87.39401844777788,9.473120283238613,99.79384553499595,70.25341914722446,29.54042638777152,0.2061544650040225,11.9359375,83.92343749999998,4.140625,21.03371110950697,53.71688442936549,25.249404461127554,52.37146811599095,32.049421057961716,15.57911082604733,16.001574277263618,28.637700098007183,16.387911330406705,17.524791371531293,2.0,29.713158294126572,74.33315613371275,35.50454986084618,6.297882985709371,14.815972982269615,51859.0,0.426,24168.0,62.22409409268879,7.866633241413887,73.82875918051799,58.720789197056675,14.710088906068805,97.63887765828414,15.997294163123307,0.26683916875555913,2.227941861548495,11.222222222222221,28.89802478337837,27.03810677350228,35.069412093543285,14.691838255846458,3.1328612689835085,11.32222222222222,14.160943601318115,2.8387213790958956,"St. Clair County, AL",Alabama
3130,2706,2.0918640616783932,2.1204317695117734,train,48381,126782,49.104762505718476,50.895237494281524,90.65876859491095,2.7496016784717074,98.3691431529899,70.86137716800415,27.507765984985767,1.6308568470100957,13.077727728796187,81.62158700339431,5.3006852678094925,27.38586331363293,51.896989409384794,20.71714727698227,30.360782220496894,39.279648680124225,30.359569099378877,10.51784881195605,15.2309377242343,10.668066582514422,10.839938370633924,3.0,28.83142964729509,82.2636866926389,25.624359237236014,2.8870207094525324,7.994668853803568,60972.0,0.4275,30480.0,70.37087724100178,3.5664063668731116,76.51846097023575,67.03897049896807,8.956022262694704,97.86936991623163,18.066151279340783,0.09712273886123587,18.83784764398732,8.0,31.65591329999527,31.59517912637441,30.736224385165087,13.153286744175038,6.5916297266173425,8.100000000000001,8.33473539553083,0.23473539553082823,"Randall County, TX",Texas
3131,578,2.3867219722002453,1.9346579253048157,train,16067,20279,50.71255979091672,49.28744020908329,89.35844962769367,0.2909413679175502,100.0,68.98723106524403,31.01276893475599,0.0,10.451372088200733,87.70304831685905,1.8455795949402087,21.397210743801654,57.40573347107439,21.19705578512397,52.48601371050352,34.61508155385707,12.898904735639427,17.435258964143426,38.35311572700297,15.556441962504985,13.00792864222002,5.0,23.95862068965517,78.10576385002797,34.28931169557919,4.420817011751539,11.108002238388359,44853.0,0.4277,20674.0,65.12320044296789,4.50632373259645,59.581729086454324,65.9271523178808,7.525376268813442,98.67549668874172,34.76548827441372,0.26490066225165565,33.40894521426106,10.777777777777779,35.35677301642093,26.776468267666054,29.80916218748459,15.099363873958286,10.350609004388778,10.877777777777778,6.9216759201812454,-3.9561018575965328,"Minidoka County, ID",Idaho
3132,1752,3.257669096253914,2.7724340941974868,train,32023,42625,49.68680351906158,50.31319648093842,85.66334310850439,2.564222873900293,99.16333666333666,61.4885114885115,37.67482517482518,0.8366633366633366,14.139080594221545,78.6992630717043,7.161656334074161,20.072012186677746,51.311452707381235,28.616535105941004,50.72663062162077,36.06275588336407,13.210613495015158,18.189591696159233,53.03856641994547,16.837831382851682,24.479314588658525,5.0,58.150619637750225,57.9904745509841,50.34142422677454,7.293280541688185,15.739943765421472,41712.0,0.4195,23085.0,47.50905268076159,13.34439732005655,55.489717671662596,53.56004250797024,24.651446497037288,98.14027630180658,25.217845939351694,0.2302515054906128,14.181818181818182,25.88888888888889,24.03049853372434,18.383577712609974,36.20645161290323,26.622873900293254,11.772434017595307,25.98888888888889,15.997526142592081,-9.99136274629681,"Nye County, NV",Nevada
3133,2439,2.6998686753609076,2.590241863424448,train,47037,658506,48.227654721445205,51.772345278554795,62.4370924486641,27.591092564076863,99.35006739257764,57.39660002681589,41.95346736576175,0.6499326074223574,18.879468595611705,71.66065895277552,9.459872451612773,39.55417885062959,37.64210479202721,22.8037163573432,36.80963032359573,25.901105846597968,37.289263829806316,18.216056931948234,42.236068895643356,17.607048124289502,11.551520871344225,1.0,20.765114204831885,83.06921362093176,22.49414293878756,4.199295260227621,15.780190832327195,48368.0,0.4881,29589.0,71.68681687072475,6.848931834326668,69.29742831563672,60.70176950476846,13.072785797759767,95.86924049178444,20.302843227259988,1.0987590486039298,9.891026049876539,14.777777777777779,27.37423804794489,36.62214163576337,30.922876936580682,10.847737150458766,9.971814987259037,14.87777777777778,13.3329959773162,-1.54478180046158,"Davidson County, TN",Tennessee
3134,3092,1.895451927785184,1.7089398323253209,train,55103,17746,50.411360306547955,49.588639693452045,96.44426913107179,0.7269243773244675,98.37133550488599,76.5722876472062,21.799047857679767,1.6286644951140066,16.662915447520444,80.87628479255758,2.4607997599219744,23.115856617901958,57.7064411010192,19.17770228107884,51.83271435491685,31.462942031325692,16.70434361375747,14.99856280540385,24.07231208372978,15.903034470901744,13.337120136324904,6.0,26.96139024212899,74.83768384788658,36.425069564065204,5.313369550814894,17.781900092752085,44810.0,0.428,23765.0,63.20699280152785,4.811156304474143,71.03750608865077,69.9014631233204,19.444715051144676,98.71603463720514,12.420847540185097,0.26873693639892504,2.1976783500507158,6.5555555555555545,28.682520004508056,22.771328750140878,35.34317592696946,19.39592020737068,2.8288064916037414,6.655555555555554,5.523102957446464,-1.13245259810909,"Richland County, WI",Wisconsin
